setting,split_id,split_repeat,training_seed,fold,fit_id,scenario,subset,label_group,feature,rho,statistic,controls,control_encoding,n,n_total,n_undefined_feature,n_unique_pairs,n_drugs,n_unique_scores,n_zero_overlap,n_saturated_scores,n_total_zero_overlap,n_total_saturated_scores,status,design_rank,residual_df
transductive,repeat_00,0,42000000000,0,transductive_repeat_00_fold_00,transductive,all_pairs,overall,shared_protein_count,0.6257701871513285,spearman,none,none,1300,1300,0,1300,1069,1231,2,63,2,63,ok,,
transductive,repeat_00,0,42000000000,0,transductive_repeat_00_fold_00,transductive,all_pairs,overall,protein_jaccard,0.6626138056593531,spearman,none,none,1300,1300,0,1300,1069,1231,2,63,2,63,ok,,
transductive,repeat_00,0,42000000000,0,transductive_repeat_00_fold_00,transductive,all_pairs,overall,shared_target_count,0.1850601982758912,spearman,none,none,1300,1300,0,1300,1069,1231,2,63,2,63,ok,,
transductive,repeat_00,0,42000000000,0,transductive_repeat_00_fold_00,transductive,all_pairs,overall,biological_shared_protein_count,-0.0723276826961338,spearman,none,none,1300,1300,0,1300,1069,1231,2,63,2,63,ok,,
transductive,repeat_00,0,42000000000,0,transductive_repeat_00_fold_00,transductive,all_pairs,overall,protein_size_geomean,0.3496608927185984,spearman,none,none,1300,1300,0,1300,1069,1231,2,63,2,63,ok,,
transductive,repeat_00,0,42000000000,0,transductive_repeat_00_fold_00,transductive,all_pairs,positive,shared_protein_count,0.0327327116754546,spearman,none,none,650,650,0,650,921,581,0,63,0,63,ok,,
transductive,repeat_00,0,42000000000,0,transductive_repeat_00_fold_00,transductive,all_pairs,positive,protein_jaccard,0.214473705763241,spearman,none,none,650,650,0,650,921,581,0,63,0,63,ok,,
transductive,repeat_00,0,42000000000,0,transductive_repeat_00_fold_00,transductive,all_pairs,positive,shared_target_count,-0.2011510980888228,spearman,none,none,650,650,0,650,921,581,0,63,0,63,ok,,
transductive,repeat_00,0,42000000000,0,transductive_repeat_00_fold_00,transductive,all_pairs,positive,biological_shared_protein_count,-0.3001187475502611,spearman,none,none,650,650,0,650,921,581,0,63,0,63,ok,,
transductive,repeat_00,0,42000000000,0,transductive_repeat_00_fold_00,transductive,all_pairs,positive,protein_size_geomean,-0.1449078670431772,spearman,none,none,650,650,0,650,921,581,0,63,0,63,ok,,
transductive,repeat_00,0,42000000000,0,transductive_repeat_00_fold_00,transductive,all_pairs,negative,shared_protein_count,0.7432513991148006,spearman,none,none,650,650,0,650,280,650,2,0,2,0,ok,,
transductive,repeat_00,0,42000000000,0,transductive_repeat_00_fold_00,transductive,all_pairs,negative,protein_jaccard,0.6955077005117946,spearman,none,none,650,650,0,650,280,650,2,0,2,0,ok,,
transductive,repeat_00,0,42000000000,0,transductive_repeat_00_fold_00,transductive,all_pairs,negative,shared_target_count,0.2497781684142609,spearman,none,none,650,650,0,650,280,650,2,0,2,0,ok,,
transductive,repeat_00,0,42000000000,0,transductive_repeat_00_fold_00,transductive,all_pairs,negative,biological_shared_protein_count,0.1425979154517223,spearman,none,none,650,650,0,650,280,650,2,0,2,0,ok,,
transductive,repeat_00,0,42000000000,0,transductive_repeat_00_fold_00,transductive,all_pairs,negative,protein_size_geomean,0.51614659877669,spearman,none,none,650,650,0,650,280,650,2,0,2,0,ok,,
transductive,repeat_00,0,42000000000,0,transductive_repeat_00_fold_00,transductive,both_have_targets,overall,shared_protein_count,0.7495855262490668,spearman,none,none,1138,1138,0,1138,861,1129,2,9,2,9,ok,,
transductive,repeat_00,0,42000000000,0,transductive_repeat_00_fold_00,transductive,both_have_targets,overall,protein_jaccard,0.7181576964436529,spearman,none,none,1138,1138,0,1138,861,1129,2,9,2,9,ok,,
transductive,repeat_00,0,42000000000,0,transductive_repeat_00_fold_00,transductive,both_have_targets,overall,shared_target_count,0.354177599345961,spearman,none,none,1138,1138,0,1138,861,1129,2,9,2,9,ok,,
transductive,repeat_00,0,42000000000,0,transductive_repeat_00_fold_00,transductive,both_have_targets,overall,biological_shared_protein_count,0.2045266782476267,spearman,none,none,1138,1138,0,1138,861,1129,2,9,2,9,ok,,
transductive,repeat_00,0,42000000000,0,transductive_repeat_00_fold_00,transductive,both_have_targets,overall,protein_size_geomean,0.5274502141720029,spearman,none,none,1138,1138,0,1138,861,1129,2,9,2,9,ok,,
transductive,repeat_00,0,42000000000,0,transductive_repeat_00_fold_00,transductive,both_have_targets,positive,shared_protein_count,0.2628673272701078,spearman,none,none,488,488,0,488,707,479,0,9,0,9,ok,,
transductive,repeat_00,0,42000000000,0,transductive_repeat_00_fold_00,transductive,both_have_targets,positive,protein_jaccard,0.2289316540033927,spearman,none,none,488,488,0,488,707,479,0,9,0,9,ok,,
transductive,repeat_00,0,42000000000,0,transductive_repeat_00_fold_00,transductive,both_have_targets,positive,shared_target_count,-0.0048222989662231,spearman,none,none,488,488,0,488,707,479,0,9,0,9,ok,,
transductive,repeat_00,0,42000000000,0,transductive_repeat_00_fold_00,transductive,both_have_targets,positive,biological_shared_protein_count,-0.0192753589865349,spearman,none,none,488,488,0,488,707,479,0,9,0,9,ok,,
transductive,repeat_00,0,42000000000,0,transductive_repeat_00_fold_00,transductive,both_have_targets,positive,protein_size_geomean,0.1620108789855086,spearman,none,none,488,488,0,488,707,479,0,9,0,9,ok,,
transductive,repeat_00,0,42000000000,0,transductive_repeat_00_fold_00,transductive,both_have_targets,negative,shared_protein_count,0.7432513991148006,spearman,none,none,650,650,0,650,280,650,2,0,2,0,ok,,
transductive,repeat_00,0,42000000000,0,transductive_repeat_00_fold_00,transductive,both_have_targets,negative,protein_jaccard,0.6955077005117946,spearman,none,none,650,650,0,650,280,650,2,0,2,0,ok,,
transductive,repeat_00,0,42000000000,0,transductive_repeat_00_fold_00,transductive,both_have_targets,negative,shared_target_count,0.2497781684142609,spearman,none,none,650,650,0,650,280,650,2,0,2,0,ok,,
transductive,repeat_00,0,42000000000,0,transductive_repeat_00_fold_00,transductive,both_have_targets,negative,biological_shared_protein_count,0.1425979154517223,spearman,none,none,650,650,0,650,280,650,2,0,2,0,ok,,
transductive,repeat_00,0,42000000000,0,transductive_repeat_00_fold_00,transductive,both_have_targets,negative,protein_size_geomean,0.51614659877669,spearman,none,none,650,650,0,650,280,650,2,0,2,0,ok,,
transductive,repeat_00,0,42000000000,0,transductive_repeat_00_fold_00,transductive,all_pairs,overall,shared_protein_count,0.6242329954782856,partial_spearman,n_proteins_a|n_proteins_b,endpoint_columns,1300,1300,0,1300,1069,1231,2,63,2,63,ok,3.0,1297.0
transductive,repeat_00,0,42000000000,0,transductive_repeat_00_fold_00,transductive,all_pairs,overall,shared_protein_count,0.6150633677265149,partial_spearman,n_proteins_a|n_proteins_b,unordered_minmax,1300,1300,0,1300,1069,1231,2,63,2,63,ok,3.0,1297.0
transductive,repeat_00,0,42000000000,0,transductive_repeat_00_fold_00,transductive,all_pairs,overall,biological_shared_protein_count,0.1399850037288419,partial_spearman,n_biological_proteins_a|n_biological_proteins_b,endpoint_columns,1300,1300,0,1300,1069,1231,2,63,2,63,ok,3.0,1297.0
transductive,repeat_00,0,42000000000,0,transductive_repeat_00_fold_00,transductive,all_pairs,overall,biological_shared_protein_count,0.224250879014368,partial_spearman,n_biological_proteins_a|n_biological_proteins_b,unordered_minmax,1300,1300,0,1300,1069,1231,2,63,2,63,ok,3.0,1297.0
transductive,repeat_00,0,42000000000,0,transductive_repeat_00_fold_00,transductive,all_pairs,overall,shared_target_count,0.2872969010777754,partial_spearman,n_targets_a|n_targets_b,endpoint_columns,1300,1300,0,1300,1069,1231,2,63,2,63,ok,3.0,1297.0
transductive,repeat_00,0,42000000000,0,transductive_repeat_00_fold_00,transductive,all_pairs,overall,shared_target_count,0.3146406004585488,partial_spearman,n_targets_a|n_targets_b,unordered_minmax,1300,1300,0,1300,1069,1231,2,63,2,63,ok,3.0,1297.0
transductive,repeat_00,0,42000000000,0,transductive_repeat_00_fold_00,transductive,all_pairs,positive,shared_protein_count,0.2513706076788937,partial_spearman,n_proteins_a|n_proteins_b,endpoint_columns,650,650,0,650,921,581,0,63,0,63,ok,3.0,647.0
transductive,repeat_00,0,42000000000,0,transductive_repeat_00_fold_00,transductive,all_pairs,positive,shared_protein_count,0.2728980747050961,partial_spearman,n_proteins_a|n_proteins_b,unordered_minmax,650,650,0,650,921,581,0,63,0,63,ok,3.0,647.0
transductive,repeat_00,0,42000000000,0,transductive_repeat_00_fold_00,transductive,all_pairs,positive,biological_shared_protein_count,-0.0484323477641887,partial_spearman,n_biological_proteins_a|n_biological_proteins_b,endpoint_columns,650,650,0,650,921,581,0,63,0,63,ok,3.0,647.0
transductive,repeat_00,0,42000000000,0,transductive_repeat_00_fold_00,transductive,all_pairs,positive,biological_shared_protein_count,0.0319369062490072,partial_spearman,n_biological_proteins_a|n_biological_proteins_b,unordered_minmax,650,650,0,650,921,581,0,63,0,63,ok,3.0,647.0
transductive,repeat_00,0,42000000000,0,transductive_repeat_00_fold_00,transductive,all_pairs,positive,shared_target_count,0.0607358979574821,partial_spearman,n_targets_a|n_targets_b,endpoint_columns,650,650,0,650,921,581,0,63,0,63,ok,3.0,647.0
transductive,repeat_00,0,42000000000,0,transductive_repeat_00_fold_00,transductive,all_pairs,positive,shared_target_count,0.1155307626853054,partial_spearman,n_targets_a|n_targets_b,unordered_minmax,650,650,0,650,921,581,0,63,0,63,ok,3.0,647.0
transductive,repeat_00,0,42000000000,0,transductive_repeat_00_fold_00,transductive,all_pairs,negative,shared_protein_count,0.6767725744574071,partial_spearman,n_proteins_a|n_proteins_b,endpoint_columns,650,650,0,650,280,650,2,0,2,0,ok,3.0,647.0
transductive,repeat_00,0,42000000000,0,transductive_repeat_00_fold_00,transductive,all_pairs,negative,shared_protein_count,0.6233799604044619,partial_spearman,n_proteins_a|n_proteins_b,unordered_minmax,650,650,0,650,280,650,2,0,2,0,ok,3.0,647.0
transductive,repeat_00,0,42000000000,0,transductive_repeat_00_fold_00,transductive,all_pairs,negative,biological_shared_protein_count,0.1948067138481899,partial_spearman,n_biological_proteins_a|n_biological_proteins_b,endpoint_columns,650,650,0,650,280,650,2,0,2,0,ok,3.0,647.0
transductive,repeat_00,0,42000000000,0,transductive_repeat_00_fold_00,transductive,all_pairs,negative,biological_shared_protein_count,0.1754911640914717,partial_spearman,n_biological_proteins_a|n_biological_proteins_b,unordered_minmax,650,650,0,650,280,650,2,0,2,0,ok,3.0,647.0
transductive,repeat_00,0,42000000000,0,transductive_repeat_00_fold_00,transductive,all_pairs,negative,shared_target_count,0.209483723327268,partial_spearman,n_targets_a|n_targets_b,endpoint_columns,650,650,0,650,280,650,2,0,2,0,ok,3.0,647.0
transductive,repeat_00,0,42000000000,0,transductive_repeat_00_fold_00,transductive,all_pairs,negative,shared_target_count,0.2008606038116385,partial_spearman,n_targets_a|n_targets_b,unordered_minmax,650,650,0,650,280,650,2,0,2,0,ok,3.0,647.0
transductive,repeat_00,0,42000000000,0,transductive_repeat_00_fold_00,transductive,both_have_targets,overall,shared_protein_count,0.6754816154719762,partial_spearman,n_proteins_a|n_proteins_b,endpoint_columns,1138,1138,0,1138,861,1129,2,9,2,9,ok,3.0,1135.0
transductive,repeat_00,0,42000000000,0,transductive_repeat_00_fold_00,transductive,both_have_targets,overall,shared_protein_count,0.6505457669369552,partial_spearman,n_proteins_a|n_proteins_b,unordered_minmax,1138,1138,0,1138,861,1129,2,9,2,9,ok,3.0,1135.0
transductive,repeat_00,0,42000000000,0,transductive_repeat_00_fold_00,transductive,both_have_targets,overall,biological_shared_protein_count,0.2612951041203131,partial_spearman,n_biological_proteins_a|n_biological_proteins_b,endpoint_columns,1138,1138,0,1138,861,1129,2,9,2,9,ok,3.0,1135.0
transductive,repeat_00,0,42000000000,0,transductive_repeat_00_fold_00,transductive,both_have_targets,overall,biological_shared_protein_count,0.2711101163175146,partial_spearman,n_biological_proteins_a|n_biological_proteins_b,unordered_minmax,1138,1138,0,1138,861,1129,2,9,2,9,ok,3.0,1135.0
transductive,repeat_00,0,42000000000,0,transductive_repeat_00_fold_00,transductive,both_have_targets,overall,shared_target_count,0.3250051948882492,partial_spearman,n_targets_a|n_targets_b,endpoint_columns,1138,1138,0,1138,861,1129,2,9,2,9,ok,3.0,1135.0
transductive,repeat_00,0,42000000000,0,transductive_repeat_00_fold_00,transductive,both_have_targets,overall,shared_target_count,0.3220373562320915,partial_spearman,n_targets_a|n_targets_b,unordered_minmax,1138,1138,0,1138,861,1129,2,9,2,9,ok,3.0,1135.0
transductive,repeat_00,0,42000000000,0,transductive_repeat_00_fold_00,transductive,both_have_targets,positive,shared_protein_count,0.2450321107150441,partial_spearman,n_proteins_a|n_proteins_b,endpoint_columns,488,488,0,488,707,479,0,9,0,9,ok,3.0,485.0
transductive,repeat_00,0,42000000000,0,transductive_repeat_00_fold_00,transductive,both_have_targets,positive,shared_protein_count,0.2311995317598537,partial_spearman,n_proteins_a|n_proteins_b,unordered_minmax,488,488,0,488,707,479,0,9,0,9,ok,3.0,485.0
transductive,repeat_00,0,42000000000,0,transductive_repeat_00_fold_00,transductive,both_have_targets,positive,biological_shared_protein_count,0.0180785095744368,partial_spearman,n_biological_proteins_a|n_biological_proteins_b,endpoint_columns,488,488,0,488,707,479,0,9,0,9,ok,3.0,485.0
transductive,repeat_00,0,42000000000,0,transductive_repeat_00_fold_00,transductive,both_have_targets,positive,biological_shared_protein_count,0.0379399654932079,partial_spearman,n_biological_proteins_a|n_biological_proteins_b,unordered_minmax,488,488,0,488,707,479,0,9,0,9,ok,3.0,485.0
transductive,repeat_00,0,42000000000,0,transductive_repeat_00_fold_00,transductive,both_have_targets,positive,shared_target_count,0.0567784758344034,partial_spearman,n_targets_a|n_targets_b,endpoint_columns,488,488,0,488,707,479,0,9,0,9,ok,3.0,485.0
transductive,repeat_00,0,42000000000,0,transductive_repeat_00_fold_00,transductive,both_have_targets,positive,shared_target_count,0.086959967042547,partial_spearman,n_targets_a|n_targets_b,unordered_minmax,488,488,0,488,707,479,0,9,0,9,ok,3.0,485.0
transductive,repeat_00,0,42000000000,0,transductive_repeat_00_fold_00,transductive,both_have_targets,negative,shared_protein_count,0.6767725744574071,partial_spearman,n_proteins_a|n_proteins_b,endpoint_columns,650,650,0,650,280,650,2,0,2,0,ok,3.0,647.0
transductive,repeat_00,0,42000000000,0,transductive_repeat_00_fold_00,transductive,both_have_targets,negative,shared_protein_count,0.6233799604044619,partial_spearman,n_proteins_a|n_proteins_b,unordered_minmax,650,650,0,650,280,650,2,0,2,0,ok,3.0,647.0
transductive,repeat_00,0,42000000000,0,transductive_repeat_00_fold_00,transductive,both_have_targets,negative,biological_shared_protein_count,0.1948067138481899,partial_spearman,n_biological_proteins_a|n_biological_proteins_b,endpoint_columns,650,650,0,650,280,650,2,0,2,0,ok,3.0,647.0
transductive,repeat_00,0,42000000000,0,transductive_repeat_00_fold_00,transductive,both_have_targets,negative,biological_shared_protein_count,0.1754911640914717,partial_spearman,n_biological_proteins_a|n_biological_proteins_b,unordered_minmax,650,650,0,650,280,650,2,0,2,0,ok,3.0,647.0
transductive,repeat_00,0,42000000000,0,transductive_repeat_00_fold_00,transductive,both_have_targets,negative,shared_target_count,0.209483723327268,partial_spearman,n_targets_a|n_targets_b,endpoint_columns,650,650,0,650,280,650,2,0,2,0,ok,3.0,647.0
transductive,repeat_00,0,42000000000,0,transductive_repeat_00_fold_00,transductive,both_have_targets,negative,shared_target_count,0.2008606038116385,partial_spearman,n_targets_a|n_targets_b,unordered_minmax,650,650,0,650,280,650,2,0,2,0,ok,3.0,647.0
transductive,repeat_00,0,42000000000,0,transductive_repeat_00_fold_00,transductive,all_pairs,overall,biological_shared_protein_count,0.2497584252931964,partial_spearman,n_biological_proteins_a|n_biological_proteins_b|either_biological_size_zero,endpoint_columns_plus_zero,1300,1300,0,1300,1069,1231,2,63,2,63,ok,4.0,1296.0
transductive,repeat_00,0,42000000000,0,transductive_repeat_00_fold_00,transductive,all_pairs,overall,biological_shared_protein_count,0.2558240613323128,partial_spearman,n_biological_proteins_a|n_biological_proteins_b|either_biological_size_zero,unordered_minmax_plus_zero,1300,1300,0,1300,1069,1231,2,63,2,63,ok,4.0,1296.0
transductive,repeat_00,0,42001000000,1,transductive_repeat_00_fold_01,transductive,all_pairs,overall,shared_protein_count,0.6006712667682254,spearman,none,none,1300,1300,0,1300,1063,1252,4,48,4,48,ok,,
transductive,repeat_00,0,42001000000,1,transductive_repeat_00_fold_01,transductive,all_pairs,overall,protein_jaccard,0.654122349976899,spearman,none,none,1300,1300,0,1300,1063,1252,4,48,4,48,ok,,
transductive,repeat_00,0,42001000000,1,transductive_repeat_00_fold_01,transductive,all_pairs,overall,shared_target_count,0.15720756554826,spearman,none,none,1300,1300,0,1300,1063,1252,4,48,4,48,ok,,
transductive,repeat_00,0,42001000000,1,transductive_repeat_00_fold_01,transductive,all_pairs,overall,biological_shared_protein_count,-0.1108965641617263,spearman,none,none,1300,1300,0,1300,1063,1252,4,48,4,48,ok,,
transductive,repeat_00,0,42001000000,1,transductive_repeat_00_fold_01,transductive,all_pairs,overall,protein_size_geomean,0.3370597944789839,spearman,none,none,1300,1300,0,1300,1063,1252,4,48,4,48,ok,,
transductive,repeat_00,0,42001000000,1,transductive_repeat_00_fold_01,transductive,all_pairs,positive,shared_protein_count,0.0202727391867185,spearman,none,none,650,650,0,650,921,602,0,48,0,48,ok,,
transductive,repeat_00,0,42001000000,1,transductive_repeat_00_fold_01,transductive,all_pairs,positive,protein_jaccard,0.1693708949501181,spearman,none,none,650,650,0,650,921,602,0,48,0,48,ok,,
transductive,repeat_00,0,42001000000,1,transductive_repeat_00_fold_01,transductive,all_pairs,positive,shared_target_count,-0.1985453290483577,spearman,none,none,650,650,0,650,921,602,0,48,0,48,ok,,
transductive,repeat_00,0,42001000000,1,transductive_repeat_00_fold_01,transductive,all_pairs,positive,biological_shared_protein_count,-0.3463628434174512,spearman,none,none,650,650,0,650,921,602,0,48,0,48,ok,,
transductive,repeat_00,0,42001000000,1,transductive_repeat_00_fold_01,transductive,all_pairs,positive,protein_size_geomean,-0.1121938039116162,spearman,none,none,650,650,0,650,921,602,0,48,0,48,ok,,
transductive,repeat_00,0,42001000000,1,transductive_repeat_00_fold_01,transductive,all_pairs,negative,shared_protein_count,0.6922638781301005,spearman,none,none,650,650,0,650,274,650,4,0,4,0,ok,,
transductive,repeat_00,0,42001000000,1,transductive_repeat_00_fold_01,transductive,all_pairs,negative,protein_jaccard,0.6782869340736544,spearman,none,none,650,650,0,650,274,650,4,0,4,0,ok,,
transductive,repeat_00,0,42001000000,1,transductive_repeat_00_fold_01,transductive,all_pairs,negative,shared_target_count,0.197756853803081,spearman,none,none,650,650,0,650,274,650,4,0,4,0,ok,,
transductive,repeat_00,0,42001000000,1,transductive_repeat_00_fold_01,transductive,all_pairs,negative,biological_shared_protein_count,0.0630323387337425,spearman,none,none,650,650,0,650,274,650,4,0,4,0,ok,,
transductive,repeat_00,0,42001000000,1,transductive_repeat_00_fold_01,transductive,all_pairs,negative,protein_size_geomean,0.446017347071782,spearman,none,none,650,650,0,650,274,650,4,0,4,0,ok,,
transductive,repeat_00,0,42001000000,1,transductive_repeat_00_fold_01,transductive,both_have_targets,overall,shared_protein_count,0.7079330149592477,spearman,none,none,1135,1135,0,1135,864,1131,4,5,4,5,ok,,
transductive,repeat_00,0,42001000000,1,transductive_repeat_00_fold_01,transductive,both_have_targets,overall,protein_jaccard,0.707278996503509,spearman,none,none,1135,1135,0,1135,864,1131,4,5,4,5,ok,,
transductive,repeat_00,0,42001000000,1,transductive_repeat_00_fold_01,transductive,both_have_targets,overall,shared_target_count,0.3247493691298475,spearman,none,none,1135,1135,0,1135,864,1131,4,5,4,5,ok,,
transductive,repeat_00,0,42001000000,1,transductive_repeat_00_fold_01,transductive,both_have_targets,overall,biological_shared_protein_count,0.1697414015408775,spearman,none,none,1135,1135,0,1135,864,1131,4,5,4,5,ok,,
transductive,repeat_00,0,42001000000,1,transductive_repeat_00_fold_01,transductive,both_have_targets,overall,protein_size_geomean,0.4852670048316683,spearman,none,none,1135,1135,0,1135,864,1131,4,5,4,5,ok,,
transductive,repeat_00,0,42001000000,1,transductive_repeat_00_fold_01,transductive,both_have_targets,positive,shared_protein_count,0.2482189431289367,spearman,none,none,485,485,0,485,707,481,0,5,0,5,ok,,
transductive,repeat_00,0,42001000000,1,transductive_repeat_00_fold_01,transductive,both_have_targets,positive,protein_jaccard,0.2147402044049106,spearman,none,none,485,485,0,485,707,481,0,5,0,5,ok,,
transductive,repeat_00,0,42001000000,1,transductive_repeat_00_fold_01,transductive,both_have_targets,positive,shared_target_count,0.023589652118016,spearman,none,none,485,485,0,485,707,481,0,5,0,5,ok,,
transductive,repeat_00,0,42001000000,1,transductive_repeat_00_fold_01,transductive,both_have_targets,positive,biological_shared_protein_count,-0.0365630506486953,spearman,none,none,485,485,0,485,707,481,0,5,0,5,ok,,
transductive,repeat_00,0,42001000000,1,transductive_repeat_00_fold_01,transductive,both_have_targets,positive,protein_size_geomean,0.1607991130923453,spearman,none,none,485,485,0,485,707,481,0,5,0,5,ok,,
transductive,repeat_00,0,42001000000,1,transductive_repeat_00_fold_01,transductive,both_have_targets,negative,shared_protein_count,0.6922638781301005,spearman,none,none,650,650,0,650,274,650,4,0,4,0,ok,,
transductive,repeat_00,0,42001000000,1,transductive_repeat_00_fold_01,transductive,both_have_targets,negative,protein_jaccard,0.6782869340736544,spearman,none,none,650,650,0,650,274,650,4,0,4,0,ok,,
transductive,repeat_00,0,42001000000,1,transductive_repeat_00_fold_01,transductive,both_have_targets,negative,shared_target_count,0.197756853803081,spearman,none,none,650,650,0,650,274,650,4,0,4,0,ok,,
transductive,repeat_00,0,42001000000,1,transductive_repeat_00_fold_01,transductive,both_have_targets,negative,biological_shared_protein_count,0.0630323387337425,spearman,none,none,650,650,0,650,274,650,4,0,4,0,ok,,
transductive,repeat_00,0,42001000000,1,transductive_repeat_00_fold_01,transductive,both_have_targets,negative,protein_size_geomean,0.446017347071782,spearman,none,none,650,650,0,650,274,650,4,0,4,0,ok,,
transductive,repeat_00,0,42001000000,1,transductive_repeat_00_fold_01,transductive,all_pairs,overall,shared_protein_count,0.6061812624755306,partial_spearman,n_proteins_a|n_proteins_b,endpoint_columns,1300,1300,0,1300,1063,1252,4,48,4,48,ok,3.0,1297.0
transductive,repeat_00,0,42001000000,1,transductive_repeat_00_fold_01,transductive,all_pairs,overall,shared_protein_count,0.6091602787251841,partial_spearman,n_proteins_a|n_proteins_b,unordered_minmax,1300,1300,0,1300,1063,1252,4,48,4,48,ok,3.0,1297.0
transductive,repeat_00,0,42001000000,1,transductive_repeat_00_fold_01,transductive,all_pairs,overall,biological_shared_protein_count,0.1365125275326425,partial_spearman,n_biological_proteins_a|n_biological_proteins_b,endpoint_columns,1300,1300,0,1300,1063,1252,4,48,4,48,ok,3.0,1297.0
transductive,repeat_00,0,42001000000,1,transductive_repeat_00_fold_01,transductive,all_pairs,overall,biological_shared_protein_count,0.2054753575263025,partial_spearman,n_biological_proteins_a|n_biological_proteins_b,unordered_minmax,1300,1300,0,1300,1063,1252,4,48,4,48,ok,3.0,1297.0
transductive,repeat_00,0,42001000000,1,transductive_repeat_00_fold_01,transductive,all_pairs,overall,shared_target_count,0.2735318688417969,partial_spearman,n_targets_a|n_targets_b,endpoint_columns,1300,1300,0,1300,1063,1252,4,48,4,48,ok,3.0,1297.0
transductive,repeat_00,0,42001000000,1,transductive_repeat_00_fold_01,transductive,all_pairs,overall,shared_target_count,0.2938769984918939,partial_spearman,n_targets_a|n_targets_b,unordered_minmax,1300,1300,0,1300,1063,1252,4,48,4,48,ok,3.0,1297.0
transductive,repeat_00,0,42001000000,1,transductive_repeat_00_fold_01,transductive,all_pairs,positive,shared_protein_count,0.2199959859183502,partial_spearman,n_proteins_a|n_proteins_b,endpoint_columns,650,650,0,650,921,602,0,48,0,48,ok,3.0,647.0
transductive,repeat_00,0,42001000000,1,transductive_repeat_00_fold_01,transductive,all_pairs,positive,shared_protein_count,0.251451358375874,partial_spearman,n_proteins_a|n_proteins_b,unordered_minmax,650,650,0,650,921,602,0,48,0,48,ok,3.0,647.0
transductive,repeat_00,0,42001000000,1,transductive_repeat_00_fold_01,transductive,all_pairs,positive,biological_shared_protein_count,-0.0545105874792982,partial_spearman,n_biological_proteins_a|n_biological_proteins_b,endpoint_columns,650,650,0,650,921,602,0,48,0,48,ok,3.0,647.0
transductive,repeat_00,0,42001000000,1,transductive_repeat_00_fold_01,transductive,all_pairs,positive,biological_shared_protein_count,0.0010814918496755,partial_spearman,n_biological_proteins_a|n_biological_proteins_b,unordered_minmax,650,650,0,650,921,602,0,48,0,48,ok,3.0,647.0
transductive,repeat_00,0,42001000000,1,transductive_repeat_00_fold_01,transductive,all_pairs,positive,shared_target_count,0.0615041160082075,partial_spearman,n_targets_a|n_targets_b,endpoint_columns,650,650,0,650,921,602,0,48,0,48,ok,3.0,647.0
transductive,repeat_00,0,42001000000,1,transductive_repeat_00_fold_01,transductive,all_pairs,positive,shared_target_count,0.0953859556737319,partial_spearman,n_targets_a|n_targets_b,unordered_minmax,650,650,0,650,921,602,0,48,0,48,ok,3.0,647.0
transductive,repeat_00,0,42001000000,1,transductive_repeat_00_fold_01,transductive,all_pairs,negative,shared_protein_count,0.6548110202498328,partial_spearman,n_proteins_a|n_proteins_b,endpoint_columns,650,650,0,650,274,650,4,0,4,0,ok,3.0,647.0
transductive,repeat_00,0,42001000000,1,transductive_repeat_00_fold_01,transductive,all_pairs,negative,shared_protein_count,0.6262718257444201,partial_spearman,n_proteins_a|n_proteins_b,unordered_minmax,650,650,0,650,274,650,4,0,4,0,ok,3.0,647.0
transductive,repeat_00,0,42001000000,1,transductive_repeat_00_fold_01,transductive,all_pairs,negative,biological_shared_protein_count,0.1178430636897097,partial_spearman,n_biological_proteins_a|n_biological_proteins_b,endpoint_columns,650,650,0,650,274,650,4,0,4,0,ok,3.0,647.0
transductive,repeat_00,0,42001000000,1,transductive_repeat_00_fold_01,transductive,all_pairs,negative,biological_shared_protein_count,0.1069761411113401,partial_spearman,n_biological_proteins_a|n_biological_proteins_b,unordered_minmax,650,650,0,650,274,650,4,0,4,0,ok,3.0,647.0
transductive,repeat_00,0,42001000000,1,transductive_repeat_00_fold_01,transductive,all_pairs,negative,shared_target_count,0.1680308765779541,partial_spearman,n_targets_a|n_targets_b,endpoint_columns,650,650,0,650,274,650,4,0,4,0,ok,3.0,647.0
transductive,repeat_00,0,42001000000,1,transductive_repeat_00_fold_01,transductive,all_pairs,negative,shared_target_count,0.1642908946114037,partial_spearman,n_targets_a|n_targets_b,unordered_minmax,650,650,0,650,274,650,4,0,4,0,ok,3.0,647.0
transductive,repeat_00,0,42001000000,1,transductive_repeat_00_fold_01,transductive,both_have_targets,overall,shared_protein_count,0.6473577503435193,partial_spearman,n_proteins_a|n_proteins_b,endpoint_columns,1135,1135,0,1135,864,1131,4,5,4,5,ok,3.0,1132.0
transductive,repeat_00,0,42001000000,1,transductive_repeat_00_fold_01,transductive,both_have_targets,overall,shared_protein_count,0.6201586240783482,partial_spearman,n_proteins_a|n_proteins_b,unordered_minmax,1135,1135,0,1135,864,1131,4,5,4,5,ok,3.0,1132.0
transductive,repeat_00,0,42001000000,1,transductive_repeat_00_fold_01,transductive,both_have_targets,overall,biological_shared_protein_count,0.277507704883801,partial_spearman,n_biological_proteins_a|n_biological_proteins_b,endpoint_columns,1135,1135,0,1135,864,1131,4,5,4,5,ok,3.0,1132.0
transductive,repeat_00,0,42001000000,1,transductive_repeat_00_fold_01,transductive,both_have_targets,overall,biological_shared_protein_count,0.2643925466688537,partial_spearman,n_biological_proteins_a|n_biological_proteins_b,unordered_minmax,1135,1135,0,1135,864,1131,4,5,4,5,ok,3.0,1132.0
transductive,repeat_00,0,42001000000,1,transductive_repeat_00_fold_01,transductive,both_have_targets,overall,shared_target_count,0.3143527900543268,partial_spearman,n_targets_a|n_targets_b,endpoint_columns,1135,1135,0,1135,864,1131,4,5,4,5,ok,3.0,1132.0
transductive,repeat_00,0,42001000000,1,transductive_repeat_00_fold_01,transductive,both_have_targets,overall,shared_target_count,0.3038614342439223,partial_spearman,n_targets_a|n_targets_b,unordered_minmax,1135,1135,0,1135,864,1131,4,5,4,5,ok,3.0,1132.0
transductive,repeat_00,0,42001000000,1,transductive_repeat_00_fold_01,transductive,both_have_targets,positive,shared_protein_count,0.2203797738595653,partial_spearman,n_proteins_a|n_proteins_b,endpoint_columns,485,485,0,485,707,481,0,5,0,5,ok,3.0,482.0
transductive,repeat_00,0,42001000000,1,transductive_repeat_00_fold_01,transductive,both_have_targets,positive,shared_protein_count,0.1924728230942104,partial_spearman,n_proteins_a|n_proteins_b,unordered_minmax,485,485,0,485,707,481,0,5,0,5,ok,3.0,482.0
transductive,repeat_00,0,42001000000,1,transductive_repeat_00_fold_01,transductive,both_have_targets,positive,biological_shared_protein_count,0.0573630392612382,partial_spearman,n_biological_proteins_a|n_biological_proteins_b,endpoint_columns,485,485,0,485,707,481,0,5,0,5,ok,3.0,482.0
transductive,repeat_00,0,42001000000,1,transductive_repeat_00_fold_01,transductive,both_have_targets,positive,biological_shared_protein_count,0.0428291838096706,partial_spearman,n_biological_proteins_a|n_biological_proteins_b,unordered_minmax,485,485,0,485,707,481,0,5,0,5,ok,3.0,482.0
transductive,repeat_00,0,42001000000,1,transductive_repeat_00_fold_01,transductive,both_have_targets,positive,shared_target_count,0.0708676654705376,partial_spearman,n_targets_a|n_targets_b,endpoint_columns,485,485,0,485,707,481,0,5,0,5,ok,3.0,482.0
transductive,repeat_00,0,42001000000,1,transductive_repeat_00_fold_01,transductive,both_have_targets,positive,shared_target_count,0.0769237669117598,partial_spearman,n_targets_a|n_targets_b,unordered_minmax,485,485,0,485,707,481,0,5,0,5,ok,3.0,482.0
transductive,repeat_00,0,42001000000,1,transductive_repeat_00_fold_01,transductive,both_have_targets,negative,shared_protein_count,0.6548110202498328,partial_spearman,n_proteins_a|n_proteins_b,endpoint_columns,650,650,0,650,274,650,4,0,4,0,ok,3.0,647.0
transductive,repeat_00,0,42001000000,1,transductive_repeat_00_fold_01,transductive,both_have_targets,negative,shared_protein_count,0.6262718257444201,partial_spearman,n_proteins_a|n_proteins_b,unordered_minmax,650,650,0,650,274,650,4,0,4,0,ok,3.0,647.0
transductive,repeat_00,0,42001000000,1,transductive_repeat_00_fold_01,transductive,both_have_targets,negative,biological_shared_protein_count,0.1178430636897097,partial_spearman,n_biological_proteins_a|n_biological_proteins_b,endpoint_columns,650,650,0,650,274,650,4,0,4,0,ok,3.0,647.0
transductive,repeat_00,0,42001000000,1,transductive_repeat_00_fold_01,transductive,both_have_targets,negative,biological_shared_protein_count,0.1069761411113401,partial_spearman,n_biological_proteins_a|n_biological_proteins_b,unordered_minmax,650,650,0,650,274,650,4,0,4,0,ok,3.0,647.0
transductive,repeat_00,0,42001000000,1,transductive_repeat_00_fold_01,transductive,both_have_targets,negative,shared_target_count,0.1680308765779541,partial_spearman,n_targets_a|n_targets_b,endpoint_columns,650,650,0,650,274,650,4,0,4,0,ok,3.0,647.0
transductive,repeat_00,0,42001000000,1,transductive_repeat_00_fold_01,transductive,both_have_targets,negative,shared_target_count,0.1642908946114037,partial_spearman,n_targets_a|n_targets_b,unordered_minmax,650,650,0,650,274,650,4,0,4,0,ok,3.0,647.0
transductive,repeat_00,0,42001000000,1,transductive_repeat_00_fold_01,transductive,all_pairs,overall,biological_shared_protein_count,0.2658659160791223,partial_spearman,n_biological_proteins_a|n_biological_proteins_b|either_biological_size_zero,endpoint_columns_plus_zero,1300,1300,0,1300,1063,1252,4,48,4,48,ok,4.0,1296.0
transductive,repeat_00,0,42001000000,1,transductive_repeat_00_fold_01,transductive,all_pairs,overall,biological_shared_protein_count,0.2507461928569973,partial_spearman,n_biological_proteins_a|n_biological_proteins_b|either_biological_size_zero,unordered_minmax_plus_zero,1300,1300,0,1300,1063,1252,4,48,4,48,ok,4.0,1296.0
transductive,repeat_00,0,42002000000,2,transductive_repeat_00_fold_02,transductive,all_pairs,overall,shared_protein_count,0.5891725175385282,spearman,none,none,1300,1300,0,1300,1069,1253,6,46,6,46,ok,,
transductive,repeat_00,0,42002000000,2,transductive_repeat_00_fold_02,transductive,all_pairs,overall,protein_jaccard,0.6539159929631677,spearman,none,none,1300,1300,0,1300,1069,1253,6,46,6,46,ok,,
transductive,repeat_00,0,42002000000,2,transductive_repeat_00_fold_02,transductive,all_pairs,overall,shared_target_count,0.180956134811115,spearman,none,none,1300,1300,0,1300,1069,1253,6,46,6,46,ok,,
transductive,repeat_00,0,42002000000,2,transductive_repeat_00_fold_02,transductive,all_pairs,overall,biological_shared_protein_count,-0.0838691099476591,spearman,none,none,1300,1300,0,1300,1069,1253,6,46,6,46,ok,,
transductive,repeat_00,0,42002000000,2,transductive_repeat_00_fold_02,transductive,all_pairs,overall,protein_size_geomean,0.3185549717799666,spearman,none,none,1300,1300,0,1300,1069,1253,6,46,6,46,ok,,
transductive,repeat_00,0,42002000000,2,transductive_repeat_00_fold_02,transductive,all_pairs,positive,shared_protein_count,-0.0531894868659913,spearman,none,none,650,650,0,650,912,603,0,46,0,46,ok,,
transductive,repeat_00,0,42002000000,2,transductive_repeat_00_fold_02,transductive,all_pairs,positive,protein_jaccard,0.1708724514144049,spearman,none,none,650,650,0,650,912,603,0,46,0,46,ok,,
transductive,repeat_00,0,42002000000,2,transductive_repeat_00_fold_02,transductive,all_pairs,positive,shared_target_count,-0.1746305416933727,spearman,none,none,650,650,0,650,912,603,0,46,0,46,ok,,
transductive,repeat_00,0,42002000000,2,transductive_repeat_00_fold_02,transductive,all_pairs,positive,biological_shared_protein_count,-0.3053714886719011,spearman,none,none,650,650,0,650,912,603,0,46,0,46,ok,,
transductive,repeat_00,0,42002000000,2,transductive_repeat_00_fold_02,transductive,all_pairs,positive,protein_size_geomean,-0.1948584262502294,spearman,none,none,650,650,0,650,912,603,0,46,0,46,ok,,
transductive,repeat_00,0,42002000000,2,transductive_repeat_00_fold_02,transductive,all_pairs,negative,shared_protein_count,0.7018057360132384,spearman,none,none,650,650,0,650,291,650,6,0,6,0,ok,,
transductive,repeat_00,0,42002000000,2,transductive_repeat_00_fold_02,transductive,all_pairs,negative,protein_jaccard,0.6692431034548444,spearman,none,none,650,650,0,650,291,650,6,0,6,0,ok,,
transductive,repeat_00,0,42002000000,2,transductive_repeat_00_fold_02,transductive,all_pairs,negative,shared_target_count,0.235208948471563,spearman,none,none,650,650,0,650,291,650,6,0,6,0,ok,,
transductive,repeat_00,0,42002000000,2,transductive_repeat_00_fold_02,transductive,all_pairs,negative,biological_shared_protein_count,0.1428410614563794,spearman,none,none,650,650,0,650,291,650,6,0,6,0,ok,,
transductive,repeat_00,0,42002000000,2,transductive_repeat_00_fold_02,transductive,all_pairs,negative,protein_size_geomean,0.4636113132842586,spearman,none,none,650,650,0,650,291,650,6,0,6,0,ok,,
transductive,repeat_00,0,42002000000,2,transductive_repeat_00_fold_02,transductive,both_have_targets,overall,shared_protein_count,0.7081027376342414,spearman,none,none,1143,1143,0,1143,888,1135,6,9,6,9,ok,,
transductive,repeat_00,0,42002000000,2,transductive_repeat_00_fold_02,transductive,both_have_targets,overall,protein_jaccard,0.7058085230829545,spearman,none,none,1143,1143,0,1143,888,1135,6,9,6,9,ok,,
transductive,repeat_00,0,42002000000,2,transductive_repeat_00_fold_02,transductive,both_have_targets,overall,shared_target_count,0.3414776751731969,spearman,none,none,1143,1143,0,1143,888,1135,6,9,6,9,ok,,
transductive,repeat_00,0,42002000000,2,transductive_repeat_00_fold_02,transductive,both_have_targets,overall,biological_shared_protein_count,0.177626033538261,spearman,none,none,1143,1143,0,1143,888,1135,6,9,6,9,ok,,
transductive,repeat_00,0,42002000000,2,transductive_repeat_00_fold_02,transductive,both_have_targets,overall,protein_size_geomean,0.4688830743375315,spearman,none,none,1143,1143,0,1143,888,1135,6,9,6,9,ok,,
transductive,repeat_00,0,42002000000,2,transductive_repeat_00_fold_02,transductive,both_have_targets,positive,shared_protein_count,0.1738135652887192,spearman,none,none,493,493,0,493,720,485,0,9,0,9,ok,,
transductive,repeat_00,0,42002000000,2,transductive_repeat_00_fold_02,transductive,both_have_targets,positive,protein_jaccard,0.2407547156027995,spearman,none,none,493,493,0,493,720,485,0,9,0,9,ok,,
transductive,repeat_00,0,42002000000,2,transductive_repeat_00_fold_02,transductive,both_have_targets,positive,shared_target_count,0.0086156924551235,spearman,none,none,493,493,0,493,720,485,0,9,0,9,ok,,
transductive,repeat_00,0,42002000000,2,transductive_repeat_00_fold_02,transductive,both_have_targets,positive,biological_shared_protein_count,-0.0647296011964326,spearman,none,none,493,493,0,493,720,485,0,9,0,9,ok,,
transductive,repeat_00,0,42002000000,2,transductive_repeat_00_fold_02,transductive,both_have_targets,positive,protein_size_geomean,0.0370515659590391,spearman,none,none,493,493,0,493,720,485,0,9,0,9,ok,,
transductive,repeat_00,0,42002000000,2,transductive_repeat_00_fold_02,transductive,both_have_targets,negative,shared_protein_count,0.7018057360132384,spearman,none,none,650,650,0,650,291,650,6,0,6,0,ok,,
transductive,repeat_00,0,42002000000,2,transductive_repeat_00_fold_02,transductive,both_have_targets,negative,protein_jaccard,0.6692431034548444,spearman,none,none,650,650,0,650,291,650,6,0,6,0,ok,,
transductive,repeat_00,0,42002000000,2,transductive_repeat_00_fold_02,transductive,both_have_targets,negative,shared_target_count,0.235208948471563,spearman,none,none,650,650,0,650,291,650,6,0,6,0,ok,,
transductive,repeat_00,0,42002000000,2,transductive_repeat_00_fold_02,transductive,both_have_targets,negative,biological_shared_protein_count,0.1428410614563794,spearman,none,none,650,650,0,650,291,650,6,0,6,0,ok,,
transductive,repeat_00,0,42002000000,2,transductive_repeat_00_fold_02,transductive,both_have_targets,negative,protein_size_geomean,0.4636113132842586,spearman,none,none,650,650,0,650,291,650,6,0,6,0,ok,,
transductive,repeat_00,0,42002000000,2,transductive_repeat_00_fold_02,transductive,all_pairs,overall,shared_protein_count,0.6243863262701729,partial_spearman,n_proteins_a|n_proteins_b,endpoint_columns,1300,1300,0,1300,1069,1253,6,46,6,46,ok,3.0,1297.0
transductive,repeat_00,0,42002000000,2,transductive_repeat_00_fold_02,transductive,all_pairs,overall,shared_protein_count,0.6219437140294479,partial_spearman,n_proteins_a|n_proteins_b,unordered_minmax,1300,1300,0,1300,1069,1253,6,46,6,46,ok,3.0,1297.0
transductive,repeat_00,0,42002000000,2,transductive_repeat_00_fold_02,transductive,all_pairs,overall,biological_shared_protein_count,0.1617831130316936,partial_spearman,n_biological_proteins_a|n_biological_proteins_b,endpoint_columns,1300,1300,0,1300,1069,1253,6,46,6,46,ok,3.0,1297.0
transductive,repeat_00,0,42002000000,2,transductive_repeat_00_fold_02,transductive,all_pairs,overall,biological_shared_protein_count,0.2169150901649384,partial_spearman,n_biological_proteins_a|n_biological_proteins_b,unordered_minmax,1300,1300,0,1300,1069,1253,6,46,6,46,ok,3.0,1297.0
transductive,repeat_00,0,42002000000,2,transductive_repeat_00_fold_02,transductive,all_pairs,overall,shared_target_count,0.2717259874657213,partial_spearman,n_targets_a|n_targets_b,endpoint_columns,1300,1300,0,1300,1069,1253,6,46,6,46,ok,3.0,1297.0
transductive,repeat_00,0,42002000000,2,transductive_repeat_00_fold_02,transductive,all_pairs,overall,shared_target_count,0.3063715362210172,partial_spearman,n_targets_a|n_targets_b,unordered_minmax,1300,1300,0,1300,1069,1253,6,46,6,46,ok,3.0,1297.0
transductive,repeat_00,0,42002000000,2,transductive_repeat_00_fold_02,transductive,all_pairs,positive,shared_protein_count,0.2288986993267195,partial_spearman,n_proteins_a|n_proteins_b,endpoint_columns,650,650,0,650,912,603,0,46,0,46,ok,3.0,647.0
transductive,repeat_00,0,42002000000,2,transductive_repeat_00_fold_02,transductive,all_pairs,positive,shared_protein_count,0.2814104373731136,partial_spearman,n_proteins_a|n_proteins_b,unordered_minmax,650,650,0,650,912,603,0,46,0,46,ok,3.0,647.0
transductive,repeat_00,0,42002000000,2,transductive_repeat_00_fold_02,transductive,all_pairs,positive,biological_shared_protein_count,-0.0134190230896505,partial_spearman,n_biological_proteins_a|n_biological_proteins_b,endpoint_columns,650,650,0,650,912,603,0,46,0,46,ok,3.0,647.0
transductive,repeat_00,0,42002000000,2,transductive_repeat_00_fold_02,transductive,all_pairs,positive,biological_shared_protein_count,0.0361984015387918,partial_spearman,n_biological_proteins_a|n_biological_proteins_b,unordered_minmax,650,650,0,650,912,603,0,46,0,46,ok,3.0,647.0
transductive,repeat_00,0,42002000000,2,transductive_repeat_00_fold_02,transductive,all_pairs,positive,shared_target_count,0.0909187419816381,partial_spearman,n_targets_a|n_targets_b,endpoint_columns,650,650,0,650,912,603,0,46,0,46,ok,3.0,647.0
transductive,repeat_00,0,42002000000,2,transductive_repeat_00_fold_02,transductive,all_pairs,positive,shared_target_count,0.1618560099568756,partial_spearman,n_targets_a|n_targets_b,unordered_minmax,650,650,0,650,912,603,0,46,0,46,ok,3.0,647.0
transductive,repeat_00,0,42002000000,2,transductive_repeat_00_fold_02,transductive,all_pairs,negative,shared_protein_count,0.6583446712372638,partial_spearman,n_proteins_a|n_proteins_b,endpoint_columns,650,650,0,650,291,650,6,0,6,0,ok,3.0,647.0
transductive,repeat_00,0,42002000000,2,transductive_repeat_00_fold_02,transductive,all_pairs,negative,shared_protein_count,0.6088133194064211,partial_spearman,n_proteins_a|n_proteins_b,unordered_minmax,650,650,0,650,291,650,6,0,6,0,ok,3.0,647.0
transductive,repeat_00,0,42002000000,2,transductive_repeat_00_fold_02,transductive,all_pairs,negative,biological_shared_protein_count,0.2174334908509679,partial_spearman,n_biological_proteins_a|n_biological_proteins_b,endpoint_columns,650,650,0,650,291,650,6,0,6,0,ok,3.0,647.0
transductive,repeat_00,0,42002000000,2,transductive_repeat_00_fold_02,transductive,all_pairs,negative,biological_shared_protein_count,0.1451965424941655,partial_spearman,n_biological_proteins_a|n_biological_proteins_b,unordered_minmax,650,650,0,650,291,650,6,0,6,0,ok,3.0,647.0
transductive,repeat_00,0,42002000000,2,transductive_repeat_00_fold_02,transductive,all_pairs,negative,shared_target_count,0.1838846462784623,partial_spearman,n_targets_a|n_targets_b,endpoint_columns,650,650,0,650,291,650,6,0,6,0,ok,3.0,647.0
transductive,repeat_00,0,42002000000,2,transductive_repeat_00_fold_02,transductive,all_pairs,negative,shared_target_count,0.1674331723551743,partial_spearman,n_targets_a|n_targets_b,unordered_minmax,650,650,0,650,291,650,6,0,6,0,ok,3.0,647.0
transductive,repeat_00,0,42002000000,2,transductive_repeat_00_fold_02,transductive,both_have_targets,overall,shared_protein_count,0.6719812952691862,partial_spearman,n_proteins_a|n_proteins_b,endpoint_columns,1143,1143,0,1143,888,1135,6,9,6,9,ok,3.0,1140.0
transductive,repeat_00,0,42002000000,2,transductive_repeat_00_fold_02,transductive,both_have_targets,overall,shared_protein_count,0.6440359960328271,partial_spearman,n_proteins_a|n_proteins_b,unordered_minmax,1143,1143,0,1143,888,1135,6,9,6,9,ok,3.0,1140.0
transductive,repeat_00,0,42002000000,2,transductive_repeat_00_fold_02,transductive,both_have_targets,overall,biological_shared_protein_count,0.2820001493403627,partial_spearman,n_biological_proteins_a|n_biological_proteins_b,endpoint_columns,1143,1143,0,1143,888,1135,6,9,6,9,ok,3.0,1140.0
transductive,repeat_00,0,42002000000,2,transductive_repeat_00_fold_02,transductive,both_have_targets,overall,biological_shared_protein_count,0.2705466255823605,partial_spearman,n_biological_proteins_a|n_biological_proteins_b,unordered_minmax,1143,1143,0,1143,888,1135,6,9,6,9,ok,3.0,1140.0
transductive,repeat_00,0,42002000000,2,transductive_repeat_00_fold_02,transductive,both_have_targets,overall,shared_target_count,0.3143495632755366,partial_spearman,n_targets_a|n_targets_b,endpoint_columns,1143,1143,0,1143,888,1135,6,9,6,9,ok,3.0,1140.0
transductive,repeat_00,0,42002000000,2,transductive_repeat_00_fold_02,transductive,both_have_targets,overall,shared_target_count,0.3168916494527937,partial_spearman,n_targets_a|n_targets_b,unordered_minmax,1143,1143,0,1143,888,1135,6,9,6,9,ok,3.0,1140.0
transductive,repeat_00,0,42002000000,2,transductive_repeat_00_fold_02,transductive,both_have_targets,positive,shared_protein_count,0.258085820635895,partial_spearman,n_proteins_a|n_proteins_b,endpoint_columns,493,493,0,493,720,485,0,9,0,9,ok,3.0,490.0
transductive,repeat_00,0,42002000000,2,transductive_repeat_00_fold_02,transductive,both_have_targets,positive,shared_protein_count,0.2584554581140517,partial_spearman,n_proteins_a|n_proteins_b,unordered_minmax,493,493,0,493,720,485,0,9,0,9,ok,3.0,490.0
transductive,repeat_00,0,42002000000,2,transductive_repeat_00_fold_02,transductive,both_have_targets,positive,biological_shared_protein_count,0.0297318693618127,partial_spearman,n_biological_proteins_a|n_biological_proteins_b,endpoint_columns,493,493,0,493,720,485,0,9,0,9,ok,3.0,490.0
transductive,repeat_00,0,42002000000,2,transductive_repeat_00_fold_02,transductive,both_have_targets,positive,biological_shared_protein_count,0.0378184529837148,partial_spearman,n_biological_proteins_a|n_biological_proteins_b,unordered_minmax,493,493,0,493,720,485,0,9,0,9,ok,3.0,490.0
transductive,repeat_00,0,42002000000,2,transductive_repeat_00_fold_02,transductive,both_have_targets,positive,shared_target_count,0.1103075942142172,partial_spearman,n_targets_a|n_targets_b,endpoint_columns,493,493,0,493,720,485,0,9,0,9,ok,3.0,490.0
transductive,repeat_00,0,42002000000,2,transductive_repeat_00_fold_02,transductive,both_have_targets,positive,shared_target_count,0.1533028645964105,partial_spearman,n_targets_a|n_targets_b,unordered_minmax,493,493,0,493,720,485,0,9,0,9,ok,3.0,490.0
transductive,repeat_00,0,42002000000,2,transductive_repeat_00_fold_02,transductive,both_have_targets,negative,shared_protein_count,0.6583446712372638,partial_spearman,n_proteins_a|n_proteins_b,endpoint_columns,650,650,0,650,291,650,6,0,6,0,ok,3.0,647.0
transductive,repeat_00,0,42002000000,2,transductive_repeat_00_fold_02,transductive,both_have_targets,negative,shared_protein_count,0.6088133194064211,partial_spearman,n_proteins_a|n_proteins_b,unordered_minmax,650,650,0,650,291,650,6,0,6,0,ok,3.0,647.0
transductive,repeat_00,0,42002000000,2,transductive_repeat_00_fold_02,transductive,both_have_targets,negative,biological_shared_protein_count,0.2174334908509679,partial_spearman,n_biological_proteins_a|n_biological_proteins_b,endpoint_columns,650,650,0,650,291,650,6,0,6,0,ok,3.0,647.0
transductive,repeat_00,0,42002000000,2,transductive_repeat_00_fold_02,transductive,both_have_targets,negative,biological_shared_protein_count,0.1451965424941655,partial_spearman,n_biological_proteins_a|n_biological_proteins_b,unordered_minmax,650,650,0,650,291,650,6,0,6,0,ok,3.0,647.0
transductive,repeat_00,0,42002000000,2,transductive_repeat_00_fold_02,transductive,both_have_targets,negative,shared_target_count,0.1838846462784623,partial_spearman,n_targets_a|n_targets_b,endpoint_columns,650,650,0,650,291,650,6,0,6,0,ok,3.0,647.0
transductive,repeat_00,0,42002000000,2,transductive_repeat_00_fold_02,transductive,both_have_targets,negative,shared_target_count,0.1674331723551743,partial_spearman,n_targets_a|n_targets_b,unordered_minmax,650,650,0,650,291,650,6,0,6,0,ok,3.0,647.0
transductive,repeat_00,0,42002000000,2,transductive_repeat_00_fold_02,transductive,all_pairs,overall,biological_shared_protein_count,0.275623736467546,partial_spearman,n_biological_proteins_a|n_biological_proteins_b|either_biological_size_zero,endpoint_columns_plus_zero,1300,1300,0,1300,1069,1253,6,46,6,46,ok,4.0,1296.0
transductive,repeat_00,0,42002000000,2,transductive_repeat_00_fold_02,transductive,all_pairs,overall,biological_shared_protein_count,0.2591976495424837,partial_spearman,n_biological_proteins_a|n_biological_proteins_b|either_biological_size_zero,unordered_minmax_plus_zero,1300,1300,0,1300,1069,1253,6,46,6,46,ok,4.0,1296.0
transductive,repeat_00,0,42003000000,3,transductive_repeat_00_fold_03,transductive,all_pairs,overall,shared_protein_count,0.6270770173060876,spearman,none,none,1300,1300,0,1300,1065,1217,1,71,1,71,ok,,
transductive,repeat_00,0,42003000000,3,transductive_repeat_00_fold_03,transductive,all_pairs,overall,protein_jaccard,0.661189866009454,spearman,none,none,1300,1300,0,1300,1065,1217,1,71,1,71,ok,,
transductive,repeat_00,0,42003000000,3,transductive_repeat_00_fold_03,transductive,all_pairs,overall,shared_target_count,0.2216644069781412,spearman,none,none,1300,1300,0,1300,1065,1217,1,71,1,71,ok,,
transductive,repeat_00,0,42003000000,3,transductive_repeat_00_fold_03,transductive,all_pairs,overall,biological_shared_protein_count,-0.0507646033772253,spearman,none,none,1300,1300,0,1300,1065,1217,1,71,1,71,ok,,
transductive,repeat_00,0,42003000000,3,transductive_repeat_00_fold_03,transductive,all_pairs,overall,protein_size_geomean,0.3884595153807511,spearman,none,none,1300,1300,0,1300,1065,1217,1,71,1,71,ok,,
transductive,repeat_00,0,42003000000,3,transductive_repeat_00_fold_03,transductive,all_pairs,positive,shared_protein_count,0.0439569315097515,spearman,none,none,650,650,0,650,912,569,0,69,0,69,ok,,
transductive,repeat_00,0,42003000000,3,transductive_repeat_00_fold_03,transductive,all_pairs,positive,protein_jaccard,0.1452269430899553,spearman,none,none,650,650,0,650,912,569,0,69,0,69,ok,,
transductive,repeat_00,0,42003000000,3,transductive_repeat_00_fold_03,transductive,all_pairs,positive,shared_target_count,-0.0674550897818222,spearman,none,none,650,650,0,650,912,569,0,69,0,69,ok,,
transductive,repeat_00,0,42003000000,3,transductive_repeat_00_fold_03,transductive,all_pairs,positive,biological_shared_protein_count,-0.2380557056171161,spearman,none,none,650,650,0,650,912,569,0,69,0,69,ok,,
transductive,repeat_00,0,42003000000,3,transductive_repeat_00_fold_03,transductive,all_pairs,positive,protein_size_geomean,-0.0784636884429175,spearman,none,none,650,650,0,650,912,569,0,69,0,69,ok,,
transductive,repeat_00,0,42003000000,3,transductive_repeat_00_fold_03,transductive,all_pairs,negative,shared_protein_count,0.7508764053093847,spearman,none,none,650,650,0,650,278,649,1,2,1,2,ok,,
transductive,repeat_00,0,42003000000,3,transductive_repeat_00_fold_03,transductive,all_pairs,negative,protein_jaccard,0.7092209358370853,spearman,none,none,650,650,0,650,278,649,1,2,1,2,ok,,
transductive,repeat_00,0,42003000000,3,transductive_repeat_00_fold_03,transductive,all_pairs,negative,shared_target_count,0.2662749327013798,spearman,none,none,650,650,0,650,278,649,1,2,1,2,ok,,
transductive,repeat_00,0,42003000000,3,transductive_repeat_00_fold_03,transductive,all_pairs,negative,biological_shared_protein_count,0.1750650774743948,spearman,none,none,650,650,0,650,278,649,1,2,1,2,ok,,
transductive,repeat_00,0,42003000000,3,transductive_repeat_00_fold_03,transductive,all_pairs,negative,protein_size_geomean,0.5632242655383976,spearman,none,none,650,650,0,650,278,649,1,2,1,2,ok,,
transductive,repeat_00,0,42003000000,3,transductive_repeat_00_fold_03,transductive,both_have_targets,overall,shared_protein_count,0.7610716049212379,spearman,none,none,1135,1135,0,1135,862,1106,1,22,1,22,ok,,
transductive,repeat_00,0,42003000000,3,transductive_repeat_00_fold_03,transductive,both_have_targets,overall,protein_jaccard,0.7275579625753298,spearman,none,none,1135,1135,0,1135,862,1106,1,22,1,22,ok,,
transductive,repeat_00,0,42003000000,3,transductive_repeat_00_fold_03,transductive,both_have_targets,overall,shared_target_count,0.3873093833521679,spearman,none,none,1135,1135,0,1135,862,1106,1,22,1,22,ok,,
transductive,repeat_00,0,42003000000,3,transductive_repeat_00_fold_03,transductive,both_have_targets,overall,biological_shared_protein_count,0.2351819815624355,spearman,none,none,1135,1135,0,1135,862,1106,1,22,1,22,ok,,
transductive,repeat_00,0,42003000000,3,transductive_repeat_00_fold_03,transductive,both_have_targets,overall,protein_size_geomean,0.566321856745256,spearman,none,none,1135,1135,0,1135,862,1106,1,22,1,22,ok,,
transductive,repeat_00,0,42003000000,3,transductive_repeat_00_fold_03,transductive,both_have_targets,positive,shared_protein_count,0.3343977709035954,spearman,none,none,485,485,0,485,696,458,0,20,0,20,ok,,
transductive,repeat_00,0,42003000000,3,transductive_repeat_00_fold_03,transductive,both_have_targets,positive,protein_jaccard,0.2233359313201295,spearman,none,none,485,485,0,485,696,458,0,20,0,20,ok,,
transductive,repeat_00,0,42003000000,3,transductive_repeat_00_fold_03,transductive,both_have_targets,positive,shared_target_count,0.1661674146782003,spearman,none,none,485,485,0,485,696,458,0,20,0,20,ok,,
transductive,repeat_00,0,42003000000,3,transductive_repeat_00_fold_03,transductive,both_have_targets,positive,biological_shared_protein_count,0.0961551732597388,spearman,none,none,485,485,0,485,696,458,0,20,0,20,ok,,
transductive,repeat_00,0,42003000000,3,transductive_repeat_00_fold_03,transductive,both_have_targets,positive,protein_size_geomean,0.2386252196506782,spearman,none,none,485,485,0,485,696,458,0,20,0,20,ok,,
transductive,repeat_00,0,42003000000,3,transductive_repeat_00_fold_03,transductive,both_have_targets,negative,shared_protein_count,0.7508764053093847,spearman,none,none,650,650,0,650,278,649,1,2,1,2,ok,,
transductive,repeat_00,0,42003000000,3,transductive_repeat_00_fold_03,transductive,both_have_targets,negative,protein_jaccard,0.7092209358370853,spearman,none,none,650,650,0,650,278,649,1,2,1,2,ok,,
transductive,repeat_00,0,42003000000,3,transductive_repeat_00_fold_03,transductive,both_have_targets,negative,shared_target_count,0.2662749327013798,spearman,none,none,650,650,0,650,278,649,1,2,1,2,ok,,
transductive,repeat_00,0,42003000000,3,transductive_repeat_00_fold_03,transductive,both_have_targets,negative,biological_shared_protein_count,0.1750650774743948,spearman,none,none,650,650,0,650,278,649,1,2,1,2,ok,,
transductive,repeat_00,0,42003000000,3,transductive_repeat_00_fold_03,transductive,both_have_targets,negative,protein_size_geomean,0.5632242655383976,spearman,none,none,650,650,0,650,278,649,1,2,1,2,ok,,
transductive,repeat_00,0,42003000000,3,transductive_repeat_00_fold_03,transductive,all_pairs,overall,shared_protein_count,0.6198967391042882,partial_spearman,n_proteins_a|n_proteins_b,endpoint_columns,1300,1300,0,1300,1065,1217,1,71,1,71,ok,3.0,1297.0
transductive,repeat_00,0,42003000000,3,transductive_repeat_00_fold_03,transductive,all_pairs,overall,shared_protein_count,0.6047880753952484,partial_spearman,n_proteins_a|n_proteins_b,unordered_minmax,1300,1300,0,1300,1065,1217,1,71,1,71,ok,3.0,1297.0
transductive,repeat_00,0,42003000000,3,transductive_repeat_00_fold_03,transductive,all_pairs,overall,biological_shared_protein_count,0.1381823050211131,partial_spearman,n_biological_proteins_a|n_biological_proteins_b,endpoint_columns,1300,1300,0,1300,1065,1217,1,71,1,71,ok,3.0,1297.0
transductive,repeat_00,0,42003000000,3,transductive_repeat_00_fold_03,transductive,all_pairs,overall,biological_shared_protein_count,0.2033737432669456,partial_spearman,n_biological_proteins_a|n_biological_proteins_b,unordered_minmax,1300,1300,0,1300,1065,1217,1,71,1,71,ok,3.0,1297.0
transductive,repeat_00,0,42003000000,3,transductive_repeat_00_fold_03,transductive,all_pairs,overall,shared_target_count,0.3116106096024922,partial_spearman,n_targets_a|n_targets_b,endpoint_columns,1300,1300,0,1300,1065,1217,1,71,1,71,ok,3.0,1297.0
transductive,repeat_00,0,42003000000,3,transductive_repeat_00_fold_03,transductive,all_pairs,overall,shared_target_count,0.3292569627372502,partial_spearman,n_targets_a|n_targets_b,unordered_minmax,1300,1300,0,1300,1065,1217,1,71,1,71,ok,3.0,1297.0
transductive,repeat_00,0,42003000000,3,transductive_repeat_00_fold_03,transductive,all_pairs,positive,shared_protein_count,0.1939152084249576,partial_spearman,n_proteins_a|n_proteins_b,endpoint_columns,650,650,0,650,912,569,0,69,0,69,ok,3.0,647.0
transductive,repeat_00,0,42003000000,3,transductive_repeat_00_fold_03,transductive,all_pairs,positive,shared_protein_count,0.2119288980159281,partial_spearman,n_proteins_a|n_proteins_b,unordered_minmax,650,650,0,650,912,569,0,69,0,69,ok,3.0,647.0
transductive,repeat_00,0,42003000000,3,transductive_repeat_00_fold_03,transductive,all_pairs,positive,biological_shared_protein_count,-0.0545008240782035,partial_spearman,n_biological_proteins_a|n_biological_proteins_b,endpoint_columns,650,650,0,650,912,569,0,69,0,69,ok,3.0,647.0
transductive,repeat_00,0,42003000000,3,transductive_repeat_00_fold_03,transductive,all_pairs,positive,biological_shared_protein_count,0.0075686173762736,partial_spearman,n_biological_proteins_a|n_biological_proteins_b,unordered_minmax,650,650,0,650,912,569,0,69,0,69,ok,3.0,647.0
transductive,repeat_00,0,42003000000,3,transductive_repeat_00_fold_03,transductive,all_pairs,positive,shared_target_count,0.1181600635787683,partial_spearman,n_targets_a|n_targets_b,endpoint_columns,650,650,0,650,912,569,0,69,0,69,ok,3.0,647.0
transductive,repeat_00,0,42003000000,3,transductive_repeat_00_fold_03,transductive,all_pairs,positive,shared_target_count,0.1566954437924082,partial_spearman,n_targets_a|n_targets_b,unordered_minmax,650,650,0,650,912,569,0,69,0,69,ok,3.0,647.0
transductive,repeat_00,0,42003000000,3,transductive_repeat_00_fold_03,transductive,all_pairs,negative,shared_protein_count,0.6750247810456629,partial_spearman,n_proteins_a|n_proteins_b,endpoint_columns,650,650,0,650,278,649,1,2,1,2,ok,3.0,647.0
transductive,repeat_00,0,42003000000,3,transductive_repeat_00_fold_03,transductive,all_pairs,negative,shared_protein_count,0.6202455627837918,partial_spearman,n_proteins_a|n_proteins_b,unordered_minmax,650,650,0,650,278,649,1,2,1,2,ok,3.0,647.0
transductive,repeat_00,0,42003000000,3,transductive_repeat_00_fold_03,transductive,all_pairs,negative,biological_shared_protein_count,0.1978815101121961,partial_spearman,n_biological_proteins_a|n_biological_proteins_b,endpoint_columns,650,650,0,650,278,649,1,2,1,2,ok,3.0,647.0
transductive,repeat_00,0,42003000000,3,transductive_repeat_00_fold_03,transductive,all_pairs,negative,biological_shared_protein_count,0.1678777305802794,partial_spearman,n_biological_proteins_a|n_biological_proteins_b,unordered_minmax,650,650,0,650,278,649,1,2,1,2,ok,3.0,647.0
transductive,repeat_00,0,42003000000,3,transductive_repeat_00_fold_03,transductive,all_pairs,negative,shared_target_count,0.2275454401966716,partial_spearman,n_targets_a|n_targets_b,endpoint_columns,650,650,0,650,278,649,1,2,1,2,ok,3.0,647.0
transductive,repeat_00,0,42003000000,3,transductive_repeat_00_fold_03,transductive,all_pairs,negative,shared_target_count,0.2108674839481385,partial_spearman,n_targets_a|n_targets_b,unordered_minmax,650,650,0,650,278,649,1,2,1,2,ok,3.0,647.0
transductive,repeat_00,0,42003000000,3,transductive_repeat_00_fold_03,transductive,both_have_targets,overall,shared_protein_count,0.6828967933030614,partial_spearman,n_proteins_a|n_proteins_b,endpoint_columns,1135,1135,0,1135,862,1106,1,22,1,22,ok,3.0,1132.0
transductive,repeat_00,0,42003000000,3,transductive_repeat_00_fold_03,transductive,both_have_targets,overall,shared_protein_count,0.6415968114948544,partial_spearman,n_proteins_a|n_proteins_b,unordered_minmax,1135,1135,0,1135,862,1106,1,22,1,22,ok,3.0,1132.0
transductive,repeat_00,0,42003000000,3,transductive_repeat_00_fold_03,transductive,both_have_targets,overall,biological_shared_protein_count,0.2728372632713146,partial_spearman,n_biological_proteins_a|n_biological_proteins_b,endpoint_columns,1135,1135,0,1135,862,1106,1,22,1,22,ok,3.0,1132.0
transductive,repeat_00,0,42003000000,3,transductive_repeat_00_fold_03,transductive,both_have_targets,overall,biological_shared_protein_count,0.2634269224994317,partial_spearman,n_biological_proteins_a|n_biological_proteins_b,unordered_minmax,1135,1135,0,1135,862,1106,1,22,1,22,ok,3.0,1132.0
transductive,repeat_00,0,42003000000,3,transductive_repeat_00_fold_03,transductive,both_have_targets,overall,shared_target_count,0.3545799700877577,partial_spearman,n_targets_a|n_targets_b,endpoint_columns,1135,1135,0,1135,862,1106,1,22,1,22,ok,3.0,1132.0
transductive,repeat_00,0,42003000000,3,transductive_repeat_00_fold_03,transductive,both_have_targets,overall,shared_target_count,0.341905968122711,partial_spearman,n_targets_a|n_targets_b,unordered_minmax,1135,1135,0,1135,862,1106,1,22,1,22,ok,3.0,1132.0
transductive,repeat_00,0,42003000000,3,transductive_repeat_00_fold_03,transductive,both_have_targets,positive,shared_protein_count,0.2438864445932997,partial_spearman,n_proteins_a|n_proteins_b,endpoint_columns,485,485,0,485,696,458,0,20,0,20,ok,3.0,482.0
transductive,repeat_00,0,42003000000,3,transductive_repeat_00_fold_03,transductive,both_have_targets,positive,shared_protein_count,0.2007532139046865,partial_spearman,n_proteins_a|n_proteins_b,unordered_minmax,485,485,0,485,696,458,0,20,0,20,ok,3.0,482.0
transductive,repeat_00,0,42003000000,3,transductive_repeat_00_fold_03,transductive,both_have_targets,positive,biological_shared_protein_count,0.0538500569890591,partial_spearman,n_biological_proteins_a|n_biological_proteins_b,endpoint_columns,485,485,0,485,696,458,0,20,0,20,ok,3.0,482.0
transductive,repeat_00,0,42003000000,3,transductive_repeat_00_fold_03,transductive,both_have_targets,positive,biological_shared_protein_count,0.0365851818268406,partial_spearman,n_biological_proteins_a|n_biological_proteins_b,unordered_minmax,485,485,0,485,696,458,0,20,0,20,ok,3.0,482.0
transductive,repeat_00,0,42003000000,3,transductive_repeat_00_fold_03,transductive,both_have_targets,positive,shared_target_count,0.1306977447983831,partial_spearman,n_targets_a|n_targets_b,endpoint_columns,485,485,0,485,696,458,0,20,0,20,ok,3.0,482.0
transductive,repeat_00,0,42003000000,3,transductive_repeat_00_fold_03,transductive,both_have_targets,positive,shared_target_count,0.129409710082188,partial_spearman,n_targets_a|n_targets_b,unordered_minmax,485,485,0,485,696,458,0,20,0,20,ok,3.0,482.0
transductive,repeat_00,0,42003000000,3,transductive_repeat_00_fold_03,transductive,both_have_targets,negative,shared_protein_count,0.6750247810456629,partial_spearman,n_proteins_a|n_proteins_b,endpoint_columns,650,650,0,650,278,649,1,2,1,2,ok,3.0,647.0
transductive,repeat_00,0,42003000000,3,transductive_repeat_00_fold_03,transductive,both_have_targets,negative,shared_protein_count,0.6202455627837918,partial_spearman,n_proteins_a|n_proteins_b,unordered_minmax,650,650,0,650,278,649,1,2,1,2,ok,3.0,647.0
transductive,repeat_00,0,42003000000,3,transductive_repeat_00_fold_03,transductive,both_have_targets,negative,biological_shared_protein_count,0.1978815101121961,partial_spearman,n_biological_proteins_a|n_biological_proteins_b,endpoint_columns,650,650,0,650,278,649,1,2,1,2,ok,3.0,647.0
transductive,repeat_00,0,42003000000,3,transductive_repeat_00_fold_03,transductive,both_have_targets,negative,biological_shared_protein_count,0.1678777305802794,partial_spearman,n_biological_proteins_a|n_biological_proteins_b,unordered_minmax,650,650,0,650,278,649,1,2,1,2,ok,3.0,647.0
transductive,repeat_00,0,42003000000,3,transductive_repeat_00_fold_03,transductive,both_have_targets,negative,shared_target_count,0.2275454401966716,partial_spearman,n_targets_a|n_targets_b,endpoint_columns,650,650,0,650,278,649,1,2,1,2,ok,3.0,647.0
transductive,repeat_00,0,42003000000,3,transductive_repeat_00_fold_03,transductive,both_have_targets,negative,shared_target_count,0.2108674839481385,partial_spearman,n_targets_a|n_targets_b,unordered_minmax,650,650,0,650,278,649,1,2,1,2,ok,3.0,647.0
transductive,repeat_00,0,42003000000,3,transductive_repeat_00_fold_03,transductive,all_pairs,overall,biological_shared_protein_count,0.2505912534192445,partial_spearman,n_biological_proteins_a|n_biological_proteins_b|either_biological_size_zero,endpoint_columns_plus_zero,1300,1300,0,1300,1065,1217,1,71,1,71,ok,4.0,1296.0
transductive,repeat_00,0,42003000000,3,transductive_repeat_00_fold_03,transductive,all_pairs,overall,biological_shared_protein_count,0.2380843702051671,partial_spearman,n_biological_proteins_a|n_biological_proteins_b|either_biological_size_zero,unordered_minmax_plus_zero,1300,1300,0,1300,1065,1217,1,71,1,71,ok,4.0,1296.0
transductive,repeat_00,0,42004000000,4,transductive_repeat_00_fold_04,transductive,all_pairs,overall,shared_protein_count,0.5776370933220848,spearman,none,none,1300,1300,0,1300,1071,1239,9,59,9,59,ok,,
transductive,repeat_00,0,42004000000,4,transductive_repeat_00_fold_04,transductive,all_pairs,overall,protein_jaccard,0.6416061572972157,spearman,none,none,1300,1300,0,1300,1071,1239,9,59,9,59,ok,,
transductive,repeat_00,0,42004000000,4,transductive_repeat_00_fold_04,transductive,all_pairs,overall,shared_target_count,0.1548399411554699,spearman,none,none,1300,1300,0,1300,1071,1239,9,59,9,59,ok,,
transductive,repeat_00,0,42004000000,4,transductive_repeat_00_fold_04,transductive,all_pairs,overall,biological_shared_protein_count,-0.074128747580213,spearman,none,none,1300,1300,0,1300,1071,1239,9,59,9,59,ok,,
transductive,repeat_00,0,42004000000,4,transductive_repeat_00_fold_04,transductive,all_pairs,overall,protein_size_geomean,0.3002032118111362,spearman,none,none,1300,1300,0,1300,1071,1239,9,59,9,59,ok,,
transductive,repeat_00,0,42004000000,4,transductive_repeat_00_fold_04,transductive,all_pairs,positive,shared_protein_count,-0.0955644242315783,spearman,none,none,650,650,0,650,918,589,0,59,0,59,ok,,
transductive,repeat_00,0,42004000000,4,transductive_repeat_00_fold_04,transductive,all_pairs,positive,protein_jaccard,0.1135338615392561,spearman,none,none,650,650,0,650,918,589,0,59,0,59,ok,,
transductive,repeat_00,0,42004000000,4,transductive_repeat_00_fold_04,transductive,all_pairs,positive,shared_target_count,-0.1853178783456635,spearman,none,none,650,650,0,650,918,589,0,59,0,59,ok,,
transductive,repeat_00,0,42004000000,4,transductive_repeat_00_fold_04,transductive,all_pairs,positive,biological_shared_protein_count,-0.3357685603782853,spearman,none,none,650,650,0,650,918,589,0,59,0,59,ok,,
transductive,repeat_00,0,42004000000,4,transductive_repeat_00_fold_04,transductive,all_pairs,positive,protein_size_geomean,-0.1866969829036604,spearman,none,none,650,650,0,650,918,589,0,59,0,59,ok,,
transductive,repeat_00,0,42004000000,4,transductive_repeat_00_fold_04,transductive,all_pairs,negative,shared_protein_count,0.7104099209250455,spearman,none,none,650,650,0,650,289,650,9,0,9,0,ok,,
transductive,repeat_00,0,42004000000,4,transductive_repeat_00_fold_04,transductive,all_pairs,negative,protein_jaccard,0.7080548862470721,spearman,none,none,650,650,0,650,289,650,9,0,9,0,ok,,
transductive,repeat_00,0,42004000000,4,transductive_repeat_00_fold_04,transductive,all_pairs,negative,shared_target_count,0.2155047795056071,spearman,none,none,650,650,0,650,289,650,9,0,9,0,ok,,
transductive,repeat_00,0,42004000000,4,transductive_repeat_00_fold_04,transductive,all_pairs,negative,biological_shared_protein_count,0.109980507420118,spearman,none,none,650,650,0,650,289,650,9,0,9,0,ok,,
transductive,repeat_00,0,42004000000,4,transductive_repeat_00_fold_04,transductive,all_pairs,negative,protein_size_geomean,0.4265417562545002,spearman,none,none,650,650,0,650,289,650,9,0,9,0,ok,,
transductive,repeat_00,0,42004000000,4,transductive_repeat_00_fold_04,transductive,both_have_targets,overall,shared_protein_count,0.7101647233768288,spearman,none,none,1144,1144,0,1144,875,1137,9,7,9,7,ok,,
transductive,repeat_00,0,42004000000,4,transductive_repeat_00_fold_04,transductive,both_have_targets,overall,protein_jaccard,0.7182208695142372,spearman,none,none,1144,1144,0,1144,875,1137,9,7,9,7,ok,,
transductive,repeat_00,0,42004000000,4,transductive_repeat_00_fold_04,transductive,both_have_targets,overall,shared_target_count,0.3179163922748657,spearman,none,none,1144,1144,0,1144,875,1137,9,7,9,7,ok,,
transductive,repeat_00,0,42004000000,4,transductive_repeat_00_fold_04,transductive,both_have_targets,overall,biological_shared_protein_count,0.1950852884895061,spearman,none,none,1144,1144,0,1144,875,1137,9,7,9,7,ok,,
transductive,repeat_00,0,42004000000,4,transductive_repeat_00_fold_04,transductive,both_have_targets,overall,protein_size_geomean,0.4570080570853052,spearman,none,none,1144,1144,0,1144,875,1137,9,7,9,7,ok,,
transductive,repeat_00,0,42004000000,4,transductive_repeat_00_fold_04,transductive,both_have_targets,positive,shared_protein_count,0.1382213026801038,spearman,none,none,494,494,0,494,714,487,0,7,0,7,ok,,
transductive,repeat_00,0,42004000000,4,transductive_repeat_00_fold_04,transductive,both_have_targets,positive,protein_jaccard,0.2028961855397918,spearman,none,none,494,494,0,494,714,487,0,7,0,7,ok,,
transductive,repeat_00,0,42004000000,4,transductive_repeat_00_fold_04,transductive,both_have_targets,positive,shared_target_count,0.0284114800291615,spearman,none,none,494,494,0,494,714,487,0,7,0,7,ok,,
transductive,repeat_00,0,42004000000,4,transductive_repeat_00_fold_04,transductive,both_have_targets,positive,biological_shared_protein_count,-0.0269087470342123,spearman,none,none,494,494,0,494,714,487,0,7,0,7,ok,,
transductive,repeat_00,0,42004000000,4,transductive_repeat_00_fold_04,transductive,both_have_targets,positive,protein_size_geomean,0.0621058837972291,spearman,none,none,494,494,0,494,714,487,0,7,0,7,ok,,
transductive,repeat_00,0,42004000000,4,transductive_repeat_00_fold_04,transductive,both_have_targets,negative,shared_protein_count,0.7104099209250455,spearman,none,none,650,650,0,650,289,650,9,0,9,0,ok,,
transductive,repeat_00,0,42004000000,4,transductive_repeat_00_fold_04,transductive,both_have_targets,negative,protein_jaccard,0.7080548862470721,spearman,none,none,650,650,0,650,289,650,9,0,9,0,ok,,
transductive,repeat_00,0,42004000000,4,transductive_repeat_00_fold_04,transductive,both_have_targets,negative,shared_target_count,0.2155047795056071,spearman,none,none,650,650,0,650,289,650,9,0,9,0,ok,,
transductive,repeat_00,0,42004000000,4,transductive_repeat_00_fold_04,transductive,both_have_targets,negative,biological_shared_protein_count,0.109980507420118,spearman,none,none,650,650,0,650,289,650,9,0,9,0,ok,,
transductive,repeat_00,0,42004000000,4,transductive_repeat_00_fold_04,transductive,both_have_targets,negative,protein_size_geomean,0.4265417562545002,spearman,none,none,650,650,0,650,289,650,9,0,9,0,ok,,
transductive,repeat_00,0,42004000000,4,transductive_repeat_00_fold_04,transductive,all_pairs,overall,shared_protein_count,0.6157358819844784,partial_spearman,n_proteins_a|n_proteins_b,endpoint_columns,1300,1300,0,1300,1071,1239,9,59,9,59,ok,3.0,1297.0
transductive,repeat_00,0,42004000000,4,transductive_repeat_00_fold_04,transductive,all_pairs,overall,shared_protein_count,0.6075552017939885,partial_spearman,n_proteins_a|n_proteins_b,unordered_minmax,1300,1300,0,1300,1071,1239,9,59,9,59,ok,3.0,1297.0
transductive,repeat_00,0,42004000000,4,transductive_repeat_00_fold_04,transductive,all_pairs,overall,biological_shared_protein_count,0.1255065442483138,partial_spearman,n_biological_proteins_a|n_biological_proteins_b,endpoint_columns,1300,1300,0,1300,1071,1239,9,59,9,59,ok,3.0,1297.0
transductive,repeat_00,0,42004000000,4,transductive_repeat_00_fold_04,transductive,all_pairs,overall,biological_shared_protein_count,0.2138656229598623,partial_spearman,n_biological_proteins_a|n_biological_proteins_b,unordered_minmax,1300,1300,0,1300,1071,1239,9,59,9,59,ok,3.0,1297.0
transductive,repeat_00,0,42004000000,4,transductive_repeat_00_fold_04,transductive,all_pairs,overall,shared_target_count,0.2583909097359662,partial_spearman,n_targets_a|n_targets_b,endpoint_columns,1300,1300,0,1300,1071,1239,9,59,9,59,ok,3.0,1297.0
transductive,repeat_00,0,42004000000,4,transductive_repeat_00_fold_04,transductive,all_pairs,overall,shared_target_count,0.2853520145502768,partial_spearman,n_targets_a|n_targets_b,unordered_minmax,1300,1300,0,1300,1071,1239,9,59,9,59,ok,3.0,1297.0
transductive,repeat_00,0,42004000000,4,transductive_repeat_00_fold_04,transductive,all_pairs,positive,shared_protein_count,0.1447340600298108,partial_spearman,n_proteins_a|n_proteins_b,endpoint_columns,650,650,0,650,918,589,0,59,0,59,ok,3.0,647.0
transductive,repeat_00,0,42004000000,4,transductive_repeat_00_fold_04,transductive,all_pairs,positive,shared_protein_count,0.2070942874314885,partial_spearman,n_proteins_a|n_proteins_b,unordered_minmax,650,650,0,650,918,589,0,59,0,59,ok,3.0,647.0
transductive,repeat_00,0,42004000000,4,transductive_repeat_00_fold_04,transductive,all_pairs,positive,biological_shared_protein_count,-0.0874653957834123,partial_spearman,n_biological_proteins_a|n_biological_proteins_b,endpoint_columns,650,650,0,650,918,589,0,59,0,59,ok,3.0,647.0
transductive,repeat_00,0,42004000000,4,transductive_repeat_00_fold_04,transductive,all_pairs,positive,biological_shared_protein_count,0.0712965186804785,partial_spearman,n_biological_proteins_a|n_biological_proteins_b,unordered_minmax,650,650,0,650,918,589,0,59,0,59,ok,3.0,647.0
transductive,repeat_00,0,42004000000,4,transductive_repeat_00_fold_04,transductive,all_pairs,positive,shared_target_count,0.0966665701555396,partial_spearman,n_targets_a|n_targets_b,endpoint_columns,650,650,0,650,918,589,0,59,0,59,ok,3.0,647.0
transductive,repeat_00,0,42004000000,4,transductive_repeat_00_fold_04,transductive,all_pairs,positive,shared_target_count,0.1562794018879121,partial_spearman,n_targets_a|n_targets_b,unordered_minmax,650,650,0,650,918,589,0,59,0,59,ok,3.0,647.0
transductive,repeat_00,0,42004000000,4,transductive_repeat_00_fold_04,transductive,all_pairs,negative,shared_protein_count,0.7037448960209526,partial_spearman,n_proteins_a|n_proteins_b,endpoint_columns,650,650,0,650,289,650,9,0,9,0,ok,3.0,647.0
transductive,repeat_00,0,42004000000,4,transductive_repeat_00_fold_04,transductive,all_pairs,negative,shared_protein_count,0.6376905384111589,partial_spearman,n_proteins_a|n_proteins_b,unordered_minmax,650,650,0,650,289,650,9,0,9,0,ok,3.0,647.0
transductive,repeat_00,0,42004000000,4,transductive_repeat_00_fold_04,transductive,all_pairs,negative,biological_shared_protein_count,0.1965709863793622,partial_spearman,n_biological_proteins_a|n_biological_proteins_b,endpoint_columns,650,650,0,650,289,650,9,0,9,0,ok,3.0,647.0
transductive,repeat_00,0,42004000000,4,transductive_repeat_00_fold_04,transductive,all_pairs,negative,biological_shared_protein_count,0.1382928391779869,partial_spearman,n_biological_proteins_a|n_biological_proteins_b,unordered_minmax,650,650,0,650,289,650,9,0,9,0,ok,3.0,647.0
transductive,repeat_00,0,42004000000,4,transductive_repeat_00_fold_04,transductive,all_pairs,negative,shared_target_count,0.1648953161984508,partial_spearman,n_targets_a|n_targets_b,endpoint_columns,650,650,0,650,289,650,9,0,9,0,ok,3.0,647.0
transductive,repeat_00,0,42004000000,4,transductive_repeat_00_fold_04,transductive,all_pairs,negative,shared_target_count,0.1543366668200572,partial_spearman,n_targets_a|n_targets_b,unordered_minmax,650,650,0,650,289,650,9,0,9,0,ok,3.0,647.0
transductive,repeat_00,0,42004000000,4,transductive_repeat_00_fold_04,transductive,both_have_targets,overall,shared_protein_count,0.6848383094318193,partial_spearman,n_proteins_a|n_proteins_b,endpoint_columns,1144,1144,0,1144,875,1137,9,7,9,7,ok,3.0,1141.0
transductive,repeat_00,0,42004000000,4,transductive_repeat_00_fold_04,transductive,both_have_targets,overall,shared_protein_count,0.6446358089227731,partial_spearman,n_proteins_a|n_proteins_b,unordered_minmax,1144,1144,0,1144,875,1137,9,7,9,7,ok,3.0,1141.0
transductive,repeat_00,0,42004000000,4,transductive_repeat_00_fold_04,transductive,both_have_targets,overall,biological_shared_protein_count,0.2706406356976338,partial_spearman,n_biological_proteins_a|n_biological_proteins_b,endpoint_columns,1144,1144,0,1144,875,1137,9,7,9,7,ok,3.0,1141.0
transductive,repeat_00,0,42004000000,4,transductive_repeat_00_fold_04,transductive,both_have_targets,overall,biological_shared_protein_count,0.2515908966954528,partial_spearman,n_biological_proteins_a|n_biological_proteins_b,unordered_minmax,1144,1144,0,1144,875,1137,9,7,9,7,ok,3.0,1141.0
transductive,repeat_00,0,42004000000,4,transductive_repeat_00_fold_04,transductive,both_have_targets,overall,shared_target_count,0.294680539095885,partial_spearman,n_targets_a|n_targets_b,endpoint_columns,1144,1144,0,1144,875,1137,9,7,9,7,ok,3.0,1141.0
transductive,repeat_00,0,42004000000,4,transductive_repeat_00_fold_04,transductive,both_have_targets,overall,shared_target_count,0.2847578994263386,partial_spearman,n_targets_a|n_targets_b,unordered_minmax,1144,1144,0,1144,875,1137,9,7,9,7,ok,3.0,1141.0
transductive,repeat_00,0,42004000000,4,transductive_repeat_00_fold_04,transductive,both_have_targets,positive,shared_protein_count,0.1905135318669978,partial_spearman,n_proteins_a|n_proteins_b,endpoint_columns,494,494,0,494,714,487,0,7,0,7,ok,3.0,491.0
transductive,repeat_00,0,42004000000,4,transductive_repeat_00_fold_04,transductive,both_have_targets,positive,shared_protein_count,0.1583063244185519,partial_spearman,n_proteins_a|n_proteins_b,unordered_minmax,494,494,0,494,714,487,0,7,0,7,ok,3.0,491.0
transductive,repeat_00,0,42004000000,4,transductive_repeat_00_fold_04,transductive,both_have_targets,positive,biological_shared_protein_count,0.0709166083901905,partial_spearman,n_biological_proteins_a|n_biological_proteins_b,endpoint_columns,494,494,0,494,714,487,0,7,0,7,ok,3.0,491.0
transductive,repeat_00,0,42004000000,4,transductive_repeat_00_fold_04,transductive,both_have_targets,positive,biological_shared_protein_count,0.1150595998999701,partial_spearman,n_biological_proteins_a|n_biological_proteins_b,unordered_minmax,494,494,0,494,714,487,0,7,0,7,ok,3.0,491.0
transductive,repeat_00,0,42004000000,4,transductive_repeat_00_fold_04,transductive,both_have_targets,positive,shared_target_count,0.1418650399834903,partial_spearman,n_targets_a|n_targets_b,endpoint_columns,494,494,0,494,714,487,0,7,0,7,ok,3.0,491.0
transductive,repeat_00,0,42004000000,4,transductive_repeat_00_fold_04,transductive,both_have_targets,positive,shared_target_count,0.1551320116514621,partial_spearman,n_targets_a|n_targets_b,unordered_minmax,494,494,0,494,714,487,0,7,0,7,ok,3.0,491.0
transductive,repeat_00,0,42004000000,4,transductive_repeat_00_fold_04,transductive,both_have_targets,negative,shared_protein_count,0.7037448960209526,partial_spearman,n_proteins_a|n_proteins_b,endpoint_columns,650,650,0,650,289,650,9,0,9,0,ok,3.0,647.0
transductive,repeat_00,0,42004000000,4,transductive_repeat_00_fold_04,transductive,both_have_targets,negative,shared_protein_count,0.6376905384111589,partial_spearman,n_proteins_a|n_proteins_b,unordered_minmax,650,650,0,650,289,650,9,0,9,0,ok,3.0,647.0
transductive,repeat_00,0,42004000000,4,transductive_repeat_00_fold_04,transductive,both_have_targets,negative,biological_shared_protein_count,0.1965709863793622,partial_spearman,n_biological_proteins_a|n_biological_proteins_b,endpoint_columns,650,650,0,650,289,650,9,0,9,0,ok,3.0,647.0
transductive,repeat_00,0,42004000000,4,transductive_repeat_00_fold_04,transductive,both_have_targets,negative,biological_shared_protein_count,0.1382928391779869,partial_spearman,n_biological_proteins_a|n_biological_proteins_b,unordered_minmax,650,650,0,650,289,650,9,0,9,0,ok,3.0,647.0
transductive,repeat_00,0,42004000000,4,transductive_repeat_00_fold_04,transductive,both_have_targets,negative,shared_target_count,0.1648953161984508,partial_spearman,n_targets_a|n_targets_b,endpoint_columns,650,650,0,650,289,650,9,0,9,0,ok,3.0,647.0
transductive,repeat_00,0,42004000000,4,transductive_repeat_00_fold_04,transductive,both_have_targets,negative,shared_target_count,0.1543366668200572,partial_spearman,n_targets_a|n_targets_b,unordered_minmax,650,650,0,650,289,650,9,0,9,0,ok,3.0,647.0
transductive,repeat_00,0,42004000000,4,transductive_repeat_00_fold_04,transductive,all_pairs,overall,biological_shared_protein_count,0.2591607424085234,partial_spearman,n_biological_proteins_a|n_biological_proteins_b|either_biological_size_zero,endpoint_columns_plus_zero,1300,1300,0,1300,1071,1239,9,59,9,59,ok,4.0,1296.0
transductive,repeat_00,0,42004000000,4,transductive_repeat_00_fold_04,transductive,all_pairs,overall,biological_shared_protein_count,0.2366914131310281,partial_spearman,n_biological_proteins_a|n_biological_proteins_b|either_biological_size_zero,unordered_minmax_plus_zero,1300,1300,0,1300,1071,1239,9,59,9,59,ok,4.0,1296.0
transductive,repeat_01,1,42000010000,0,transductive_repeat_01_fold_00,transductive,all_pairs,overall,shared_protein_count,0.6321830192227605,spearman,none,none,1300,1300,0,1300,1057,1227,6,59,6,59,ok,,
transductive,repeat_01,1,42000010000,0,transductive_repeat_01_fold_00,transductive,all_pairs,overall,protein_jaccard,0.6676725448991645,spearman,none,none,1300,1300,0,1300,1057,1227,6,59,6,59,ok,,
transductive,repeat_01,1,42000010000,0,transductive_repeat_01_fold_00,transductive,all_pairs,overall,shared_target_count,0.20840897566243,spearman,none,none,1300,1300,0,1300,1057,1227,6,59,6,59,ok,,
transductive,repeat_01,1,42000010000,0,transductive_repeat_01_fold_00,transductive,all_pairs,overall,biological_shared_protein_count,-0.0358103391334824,spearman,none,none,1300,1300,0,1300,1057,1227,6,59,6,59,ok,,
transductive,repeat_01,1,42000010000,0,transductive_repeat_01_fold_00,transductive,all_pairs,overall,protein_size_geomean,0.3679383818020683,spearman,none,none,1300,1300,0,1300,1057,1227,6,59,6,59,ok,,
transductive,repeat_01,1,42000010000,0,transductive_repeat_01_fold_00,transductive,all_pairs,positive,shared_protein_count,0.0031772158789492,spearman,none,none,650,650,0,650,917,577,0,59,0,59,ok,,
transductive,repeat_01,1,42000010000,0,transductive_repeat_01_fold_00,transductive,all_pairs,positive,protein_jaccard,0.1641077256156915,spearman,none,none,650,650,0,650,917,577,0,59,0,59,ok,,
transductive,repeat_01,1,42000010000,0,transductive_repeat_01_fold_00,transductive,all_pairs,positive,shared_target_count,-0.1505823525830544,spearman,none,none,650,650,0,650,917,577,0,59,0,59,ok,,
transductive,repeat_01,1,42000010000,0,transductive_repeat_01_fold_00,transductive,all_pairs,positive,biological_shared_protein_count,-0.2873549820416466,spearman,none,none,650,650,0,650,917,577,0,59,0,59,ok,,
transductive,repeat_01,1,42000010000,0,transductive_repeat_01_fold_00,transductive,all_pairs,positive,protein_size_geomean,-0.1395653839473965,spearman,none,none,650,650,0,650,917,577,0,59,0,59,ok,,
transductive,repeat_01,1,42000010000,0,transductive_repeat_01_fold_00,transductive,all_pairs,negative,shared_protein_count,0.7678937417913326,spearman,none,none,650,650,0,650,277,650,6,0,6,0,ok,,
transductive,repeat_01,1,42000010000,0,transductive_repeat_01_fold_00,transductive,all_pairs,negative,protein_jaccard,0.7167417658279468,spearman,none,none,650,650,0,650,277,650,6,0,6,0,ok,,
transductive,repeat_01,1,42000010000,0,transductive_repeat_01_fold_00,transductive,all_pairs,negative,shared_target_count,0.1874707457077536,spearman,none,none,650,650,0,650,277,650,6,0,6,0,ok,,
transductive,repeat_01,1,42000010000,0,transductive_repeat_01_fold_00,transductive,all_pairs,negative,biological_shared_protein_count,0.1453508021571398,spearman,none,none,650,650,0,650,277,650,6,0,6,0,ok,,
transductive,repeat_01,1,42000010000,0,transductive_repeat_01_fold_00,transductive,all_pairs,negative,protein_size_geomean,0.5363148622319124,spearman,none,none,650,650,0,650,277,650,6,0,6,0,ok,,
transductive,repeat_01,1,42000010000,0,transductive_repeat_01_fold_00,transductive,both_have_targets,overall,shared_protein_count,0.7447626197959243,spearman,none,none,1145,1145,0,1145,862,1123,6,15,6,15,ok,,
transductive,repeat_01,1,42000010000,0,transductive_repeat_01_fold_00,transductive,both_have_targets,overall,protein_jaccard,0.7312231359702235,spearman,none,none,1145,1145,0,1145,862,1123,6,15,6,15,ok,,
transductive,repeat_01,1,42000010000,0,transductive_repeat_01_fold_00,transductive,both_have_targets,overall,shared_target_count,0.3661928876640859,spearman,none,none,1145,1145,0,1145,862,1123,6,15,6,15,ok,,
transductive,repeat_01,1,42000010000,0,transductive_repeat_01_fold_00,transductive,both_have_targets,overall,biological_shared_protein_count,0.2285950232090448,spearman,none,none,1145,1145,0,1145,862,1123,6,15,6,15,ok,,
transductive,repeat_01,1,42000010000,0,transductive_repeat_01_fold_00,transductive,both_have_targets,overall,protein_size_geomean,0.5161232334941882,spearman,none,none,1145,1145,0,1145,862,1123,6,15,6,15,ok,,
transductive,repeat_01,1,42000010000,0,transductive_repeat_01_fold_00,transductive,both_have_targets,positive,shared_protein_count,0.1873500134917911,spearman,none,none,495,495,0,495,709,473,0,15,0,15,ok,,
transductive,repeat_01,1,42000010000,0,transductive_repeat_01_fold_00,transductive,both_have_targets,positive,protein_jaccard,0.2127463377987377,spearman,none,none,495,495,0,495,709,473,0,15,0,15,ok,,
transductive,repeat_01,1,42000010000,0,transductive_repeat_01_fold_00,transductive,both_have_targets,positive,shared_target_count,0.0258665335863768,spearman,none,none,495,495,0,495,709,473,0,15,0,15,ok,,
transductive,repeat_01,1,42000010000,0,transductive_repeat_01_fold_00,transductive,both_have_targets,positive,biological_shared_protein_count,-0.0615856913705638,spearman,none,none,495,495,0,495,709,473,0,15,0,15,ok,,
transductive,repeat_01,1,42000010000,0,transductive_repeat_01_fold_00,transductive,both_have_targets,positive,protein_size_geomean,0.0780575408232062,spearman,none,none,495,495,0,495,709,473,0,15,0,15,ok,,
transductive,repeat_01,1,42000010000,0,transductive_repeat_01_fold_00,transductive,both_have_targets,negative,shared_protein_count,0.7678937417913326,spearman,none,none,650,650,0,650,277,650,6,0,6,0,ok,,
transductive,repeat_01,1,42000010000,0,transductive_repeat_01_fold_00,transductive,both_have_targets,negative,protein_jaccard,0.7167417658279468,spearman,none,none,650,650,0,650,277,650,6,0,6,0,ok,,
transductive,repeat_01,1,42000010000,0,transductive_repeat_01_fold_00,transductive,both_have_targets,negative,shared_target_count,0.1874707457077536,spearman,none,none,650,650,0,650,277,650,6,0,6,0,ok,,
transductive,repeat_01,1,42000010000,0,transductive_repeat_01_fold_00,transductive,both_have_targets,negative,biological_shared_protein_count,0.1453508021571398,spearman,none,none,650,650,0,650,277,650,6,0,6,0,ok,,
transductive,repeat_01,1,42000010000,0,transductive_repeat_01_fold_00,transductive,both_have_targets,negative,protein_size_geomean,0.5363148622319124,spearman,none,none,650,650,0,650,277,650,6,0,6,0,ok,,
transductive,repeat_01,1,42000010000,0,transductive_repeat_01_fold_00,transductive,all_pairs,overall,shared_protein_count,0.6187150004838428,partial_spearman,n_proteins_a|n_proteins_b,endpoint_columns,1300,1300,0,1300,1057,1227,6,59,6,59,ok,3.0,1297.0
transductive,repeat_01,1,42000010000,0,transductive_repeat_01_fold_00,transductive,all_pairs,overall,shared_protein_count,0.6241788759775602,partial_spearman,n_proteins_a|n_proteins_b,unordered_minmax,1300,1300,0,1300,1057,1227,6,59,6,59,ok,3.0,1297.0
transductive,repeat_01,1,42000010000,0,transductive_repeat_01_fold_00,transductive,all_pairs,overall,biological_shared_protein_count,0.1418962832511555,partial_spearman,n_biological_proteins_a|n_biological_proteins_b,endpoint_columns,1300,1300,0,1300,1057,1227,6,59,6,59,ok,3.0,1297.0
transductive,repeat_01,1,42000010000,0,transductive_repeat_01_fold_00,transductive,all_pairs,overall,biological_shared_protein_count,0.21336153429464,partial_spearman,n_biological_proteins_a|n_biological_proteins_b,unordered_minmax,1300,1300,0,1300,1057,1227,6,59,6,59,ok,3.0,1297.0
transductive,repeat_01,1,42000010000,0,transductive_repeat_01_fold_00,transductive,all_pairs,overall,shared_target_count,0.2762766397694025,partial_spearman,n_targets_a|n_targets_b,endpoint_columns,1300,1300,0,1300,1057,1227,6,59,6,59,ok,3.0,1297.0
transductive,repeat_01,1,42000010000,0,transductive_repeat_01_fold_00,transductive,all_pairs,overall,shared_target_count,0.3121466319998887,partial_spearman,n_targets_a|n_targets_b,unordered_minmax,1300,1300,0,1300,1057,1227,6,59,6,59,ok,3.0,1297.0
transductive,repeat_01,1,42000010000,0,transductive_repeat_01_fold_00,transductive,all_pairs,positive,shared_protein_count,0.1866169349635185,partial_spearman,n_proteins_a|n_proteins_b,endpoint_columns,650,650,0,650,917,577,0,59,0,59,ok,3.0,647.0
transductive,repeat_01,1,42000010000,0,transductive_repeat_01_fold_00,transductive,all_pairs,positive,shared_protein_count,0.222098947703331,partial_spearman,n_proteins_a|n_proteins_b,unordered_minmax,650,650,0,650,917,577,0,59,0,59,ok,3.0,647.0
transductive,repeat_01,1,42000010000,0,transductive_repeat_01_fold_00,transductive,all_pairs,positive,biological_shared_protein_count,-0.0893714801622821,partial_spearman,n_biological_proteins_a|n_biological_proteins_b,endpoint_columns,650,650,0,650,917,577,0,59,0,59,ok,3.0,647.0
transductive,repeat_01,1,42000010000,0,transductive_repeat_01_fold_00,transductive,all_pairs,positive,biological_shared_protein_count,0.009169020615335,partial_spearman,n_biological_proteins_a|n_biological_proteins_b,unordered_minmax,650,650,0,650,917,577,0,59,0,59,ok,3.0,647.0
transductive,repeat_01,1,42000010000,0,transductive_repeat_01_fold_00,transductive,all_pairs,positive,shared_target_count,0.0536487526561662,partial_spearman,n_targets_a|n_targets_b,endpoint_columns,650,650,0,650,917,577,0,59,0,59,ok,3.0,647.0
transductive,repeat_01,1,42000010000,0,transductive_repeat_01_fold_00,transductive,all_pairs,positive,shared_target_count,0.1293267024731311,partial_spearman,n_targets_a|n_targets_b,unordered_minmax,650,650,0,650,917,577,0,59,0,59,ok,3.0,647.0
transductive,repeat_01,1,42000010000,0,transductive_repeat_01_fold_00,transductive,all_pairs,negative,shared_protein_count,0.7008591554884518,partial_spearman,n_proteins_a|n_proteins_b,endpoint_columns,650,650,0,650,277,650,6,0,6,0,ok,3.0,647.0
transductive,repeat_01,1,42000010000,0,transductive_repeat_01_fold_00,transductive,all_pairs,negative,shared_protein_count,0.6561874520029154,partial_spearman,n_proteins_a|n_proteins_b,unordered_minmax,650,650,0,650,277,650,6,0,6,0,ok,3.0,647.0
transductive,repeat_01,1,42000010000,0,transductive_repeat_01_fold_00,transductive,all_pairs,negative,biological_shared_protein_count,0.1405495256606783,partial_spearman,n_biological_proteins_a|n_biological_proteins_b,endpoint_columns,650,650,0,650,277,650,6,0,6,0,ok,3.0,647.0
transductive,repeat_01,1,42000010000,0,transductive_repeat_01_fold_00,transductive,all_pairs,negative,biological_shared_protein_count,0.0972286189879994,partial_spearman,n_biological_proteins_a|n_biological_proteins_b,unordered_minmax,650,650,0,650,277,650,6,0,6,0,ok,3.0,647.0
transductive,repeat_01,1,42000010000,0,transductive_repeat_01_fold_00,transductive,all_pairs,negative,shared_target_count,0.1058941707039919,partial_spearman,n_targets_a|n_targets_b,endpoint_columns,650,650,0,650,277,650,6,0,6,0,ok,3.0,647.0
transductive,repeat_01,1,42000010000,0,transductive_repeat_01_fold_00,transductive,all_pairs,negative,shared_target_count,0.1030928579005642,partial_spearman,n_targets_a|n_targets_b,unordered_minmax,650,650,0,650,277,650,6,0,6,0,ok,3.0,647.0
transductive,repeat_01,1,42000010000,0,transductive_repeat_01_fold_00,transductive,both_have_targets,overall,shared_protein_count,0.6821740073715077,partial_spearman,n_proteins_a|n_proteins_b,endpoint_columns,1145,1145,0,1145,862,1123,6,15,6,15,ok,3.0,1142.0
transductive,repeat_01,1,42000010000,0,transductive_repeat_01_fold_00,transductive,both_have_targets,overall,shared_protein_count,0.6632889413484907,partial_spearman,n_proteins_a|n_proteins_b,unordered_minmax,1145,1145,0,1145,862,1123,6,15,6,15,ok,3.0,1142.0
transductive,repeat_01,1,42000010000,0,transductive_repeat_01_fold_00,transductive,both_have_targets,overall,biological_shared_protein_count,0.2761570035032986,partial_spearman,n_biological_proteins_a|n_biological_proteins_b,endpoint_columns,1145,1145,0,1145,862,1123,6,15,6,15,ok,3.0,1142.0
transductive,repeat_01,1,42000010000,0,transductive_repeat_01_fold_00,transductive,both_have_targets,overall,biological_shared_protein_count,0.2683341700852653,partial_spearman,n_biological_proteins_a|n_biological_proteins_b,unordered_minmax,1145,1145,0,1145,862,1123,6,15,6,15,ok,3.0,1142.0
transductive,repeat_01,1,42000010000,0,transductive_repeat_01_fold_00,transductive,both_have_targets,overall,shared_target_count,0.312818257051836,partial_spearman,n_targets_a|n_targets_b,endpoint_columns,1145,1145,0,1145,862,1123,6,15,6,15,ok,3.0,1142.0
transductive,repeat_01,1,42000010000,0,transductive_repeat_01_fold_00,transductive,both_have_targets,overall,shared_target_count,0.3189784468623569,partial_spearman,n_targets_a|n_targets_b,unordered_minmax,1145,1145,0,1145,862,1123,6,15,6,15,ok,3.0,1142.0
transductive,repeat_01,1,42000010000,0,transductive_repeat_01_fold_00,transductive,both_have_targets,positive,shared_protein_count,0.2284962887766579,partial_spearman,n_proteins_a|n_proteins_b,endpoint_columns,495,495,0,495,709,473,0,15,0,15,ok,3.0,492.0
transductive,repeat_01,1,42000010000,0,transductive_repeat_01_fold_00,transductive,both_have_targets,positive,shared_protein_count,0.213355482460796,partial_spearman,n_proteins_a|n_proteins_b,unordered_minmax,495,495,0,495,709,473,0,15,0,15,ok,3.0,492.0
transductive,repeat_01,1,42000010000,0,transductive_repeat_01_fold_00,transductive,both_have_targets,positive,biological_shared_protein_count,0.00261897533528,partial_spearman,n_biological_proteins_a|n_biological_proteins_b,endpoint_columns,495,495,0,495,709,473,0,15,0,15,ok,3.0,492.0
transductive,repeat_01,1,42000010000,0,transductive_repeat_01_fold_00,transductive,both_have_targets,positive,biological_shared_protein_count,0.0396499696939377,partial_spearman,n_biological_proteins_a|n_biological_proteins_b,unordered_minmax,495,495,0,495,709,473,0,15,0,15,ok,3.0,492.0
transductive,repeat_01,1,42000010000,0,transductive_repeat_01_fold_00,transductive,both_have_targets,positive,shared_target_count,0.0650175921972911,partial_spearman,n_targets_a|n_targets_b,endpoint_columns,495,495,0,495,709,473,0,15,0,15,ok,3.0,492.0
transductive,repeat_01,1,42000010000,0,transductive_repeat_01_fold_00,transductive,both_have_targets,positive,shared_target_count,0.1250619140456113,partial_spearman,n_targets_a|n_targets_b,unordered_minmax,495,495,0,495,709,473,0,15,0,15,ok,3.0,492.0
transductive,repeat_01,1,42000010000,0,transductive_repeat_01_fold_00,transductive,both_have_targets,negative,shared_protein_count,0.7008591554884518,partial_spearman,n_proteins_a|n_proteins_b,endpoint_columns,650,650,0,650,277,650,6,0,6,0,ok,3.0,647.0
transductive,repeat_01,1,42000010000,0,transductive_repeat_01_fold_00,transductive,both_have_targets,negative,shared_protein_count,0.6561874520029154,partial_spearman,n_proteins_a|n_proteins_b,unordered_minmax,650,650,0,650,277,650,6,0,6,0,ok,3.0,647.0
transductive,repeat_01,1,42000010000,0,transductive_repeat_01_fold_00,transductive,both_have_targets,negative,biological_shared_protein_count,0.1405495256606783,partial_spearman,n_biological_proteins_a|n_biological_proteins_b,endpoint_columns,650,650,0,650,277,650,6,0,6,0,ok,3.0,647.0
transductive,repeat_01,1,42000010000,0,transductive_repeat_01_fold_00,transductive,both_have_targets,negative,biological_shared_protein_count,0.0972286189879994,partial_spearman,n_biological_proteins_a|n_biological_proteins_b,unordered_minmax,650,650,0,650,277,650,6,0,6,0,ok,3.0,647.0
transductive,repeat_01,1,42000010000,0,transductive_repeat_01_fold_00,transductive,both_have_targets,negative,shared_target_count,0.1058941707039919,partial_spearman,n_targets_a|n_targets_b,endpoint_columns,650,650,0,650,277,650,6,0,6,0,ok,3.0,647.0
transductive,repeat_01,1,42000010000,0,transductive_repeat_01_fold_00,transductive,both_have_targets,negative,shared_target_count,0.1030928579005642,partial_spearman,n_targets_a|n_targets_b,unordered_minmax,650,650,0,650,277,650,6,0,6,0,ok,3.0,647.0
transductive,repeat_01,1,42000010000,0,transductive_repeat_01_fold_00,transductive,all_pairs,overall,biological_shared_protein_count,0.2674050658287994,partial_spearman,n_biological_proteins_a|n_biological_proteins_b|either_biological_size_zero,endpoint_columns_plus_zero,1300,1300,0,1300,1057,1227,6,59,6,59,ok,4.0,1296.0
transductive,repeat_01,1,42000010000,0,transductive_repeat_01_fold_00,transductive,all_pairs,overall,biological_shared_protein_count,0.2598472183408717,partial_spearman,n_biological_proteins_a|n_biological_proteins_b|either_biological_size_zero,unordered_minmax_plus_zero,1300,1300,0,1300,1057,1227,6,59,6,59,ok,4.0,1296.0
transductive,repeat_01,1,42001010000,1,transductive_repeat_01_fold_01,transductive,all_pairs,overall,shared_protein_count,0.6356410576998919,spearman,none,none,1300,1300,0,1300,1069,1212,7,76,7,76,ok,,
transductive,repeat_01,1,42001010000,1,transductive_repeat_01_fold_01,transductive,all_pairs,overall,protein_jaccard,0.6855068306369636,spearman,none,none,1300,1300,0,1300,1069,1212,7,76,7,76,ok,,
transductive,repeat_01,1,42001010000,1,transductive_repeat_01_fold_01,transductive,all_pairs,overall,shared_target_count,0.195872677825465,spearman,none,none,1300,1300,0,1300,1069,1212,7,76,7,76,ok,,
transductive,repeat_01,1,42001010000,1,transductive_repeat_01_fold_01,transductive,all_pairs,overall,biological_shared_protein_count,-0.0721473437198058,spearman,none,none,1300,1300,0,1300,1069,1212,7,76,7,76,ok,,
transductive,repeat_01,1,42001010000,1,transductive_repeat_01_fold_01,transductive,all_pairs,overall,protein_size_geomean,0.3691572615726725,spearman,none,none,1300,1300,0,1300,1069,1212,7,76,7,76,ok,,
transductive,repeat_01,1,42001010000,1,transductive_repeat_01_fold_01,transductive,all_pairs,positive,shared_protein_count,0.0002377774866528,spearman,none,none,650,650,0,650,918,562,0,76,0,76,ok,,
transductive,repeat_01,1,42001010000,1,transductive_repeat_01_fold_01,transductive,all_pairs,positive,protein_jaccard,0.1866326153509429,spearman,none,none,650,650,0,650,918,562,0,76,0,76,ok,,
transductive,repeat_01,1,42001010000,1,transductive_repeat_01_fold_01,transductive,all_pairs,positive,shared_target_count,-0.1956832651637787,spearman,none,none,650,650,0,650,918,562,0,76,0,76,ok,,
transductive,repeat_01,1,42001010000,1,transductive_repeat_01_fold_01,transductive,all_pairs,positive,biological_shared_protein_count,-0.316161805484273,spearman,none,none,650,650,0,650,918,562,0,76,0,76,ok,,
transductive,repeat_01,1,42001010000,1,transductive_repeat_01_fold_01,transductive,all_pairs,positive,protein_size_geomean,-0.1184065958654061,spearman,none,none,650,650,0,650,918,562,0,76,0,76,ok,,
transductive,repeat_01,1,42001010000,1,transductive_repeat_01_fold_01,transductive,all_pairs,negative,shared_protein_count,0.7625008676647145,spearman,none,none,650,650,0,650,278,650,7,0,7,0,ok,,
transductive,repeat_01,1,42001010000,1,transductive_repeat_01_fold_01,transductive,all_pairs,negative,protein_jaccard,0.7374220890716677,spearman,none,none,650,650,0,650,278,650,7,0,7,0,ok,,
transductive,repeat_01,1,42001010000,1,transductive_repeat_01_fold_01,transductive,all_pairs,negative,shared_target_count,0.2384151794091224,spearman,none,none,650,650,0,650,278,650,7,0,7,0,ok,,
transductive,repeat_01,1,42001010000,1,transductive_repeat_01_fold_01,transductive,all_pairs,negative,biological_shared_protein_count,0.0840262454885969,spearman,none,none,650,650,0,650,278,650,7,0,7,0,ok,,
transductive,repeat_01,1,42001010000,1,transductive_repeat_01_fold_01,transductive,all_pairs,negative,protein_size_geomean,0.5038369012489632,spearman,none,none,650,650,0,650,278,650,7,0,7,0,ok,,
transductive,repeat_01,1,42001010000,1,transductive_repeat_01_fold_01,transductive,both_have_targets,overall,shared_protein_count,0.7669466086455985,spearman,none,none,1136,1136,0,1136,860,1114,7,18,7,18,ok,,
transductive,repeat_01,1,42001010000,1,transductive_repeat_01_fold_01,transductive,both_have_targets,overall,protein_jaccard,0.7425367297102338,spearman,none,none,1136,1136,0,1136,860,1114,7,18,7,18,ok,,
transductive,repeat_01,1,42001010000,1,transductive_repeat_01_fold_01,transductive,both_have_targets,overall,shared_target_count,0.3701914307600416,spearman,none,none,1136,1136,0,1136,860,1114,7,18,7,18,ok,,
transductive,repeat_01,1,42001010000,1,transductive_repeat_01_fold_01,transductive,both_have_targets,overall,biological_shared_protein_count,0.2132756149658282,spearman,none,none,1136,1136,0,1136,860,1114,7,18,7,18,ok,,
transductive,repeat_01,1,42001010000,1,transductive_repeat_01_fold_01,transductive,both_have_targets,overall,protein_size_geomean,0.5433014888806137,spearman,none,none,1136,1136,0,1136,860,1114,7,18,7,18,ok,,
transductive,repeat_01,1,42001010000,1,transductive_repeat_01_fold_01,transductive,both_have_targets,positive,shared_protein_count,0.2630823927278567,spearman,none,none,486,486,0,486,697,464,0,18,0,18,ok,,
transductive,repeat_01,1,42001010000,1,transductive_repeat_01_fold_01,transductive,both_have_targets,positive,protein_jaccard,0.2152817779805967,spearman,none,none,486,486,0,486,697,464,0,18,0,18,ok,,
transductive,repeat_01,1,42001010000,1,transductive_repeat_01_fold_01,transductive,both_have_targets,positive,shared_target_count,0.0213866370083431,spearman,none,none,486,486,0,486,697,464,0,18,0,18,ok,,
transductive,repeat_01,1,42001010000,1,transductive_repeat_01_fold_01,transductive,both_have_targets,positive,biological_shared_protein_count,-0.0099305254260447,spearman,none,none,486,486,0,486,697,464,0,18,0,18,ok,,
transductive,repeat_01,1,42001010000,1,transductive_repeat_01_fold_01,transductive,both_have_targets,positive,protein_size_geomean,0.1738109595578806,spearman,none,none,486,486,0,486,697,464,0,18,0,18,ok,,
transductive,repeat_01,1,42001010000,1,transductive_repeat_01_fold_01,transductive,both_have_targets,negative,shared_protein_count,0.7625008676647145,spearman,none,none,650,650,0,650,278,650,7,0,7,0,ok,,
transductive,repeat_01,1,42001010000,1,transductive_repeat_01_fold_01,transductive,both_have_targets,negative,protein_jaccard,0.7374220890716677,spearman,none,none,650,650,0,650,278,650,7,0,7,0,ok,,
transductive,repeat_01,1,42001010000,1,transductive_repeat_01_fold_01,transductive,both_have_targets,negative,shared_target_count,0.2384151794091224,spearman,none,none,650,650,0,650,278,650,7,0,7,0,ok,,
transductive,repeat_01,1,42001010000,1,transductive_repeat_01_fold_01,transductive,both_have_targets,negative,biological_shared_protein_count,0.0840262454885969,spearman,none,none,650,650,0,650,278,650,7,0,7,0,ok,,
transductive,repeat_01,1,42001010000,1,transductive_repeat_01_fold_01,transductive,both_have_targets,negative,protein_size_geomean,0.5038369012489632,spearman,none,none,650,650,0,650,278,650,7,0,7,0,ok,,
transductive,repeat_01,1,42001010000,1,transductive_repeat_01_fold_01,transductive,all_pairs,overall,shared_protein_count,0.6551317838897784,partial_spearman,n_proteins_a|n_proteins_b,endpoint_columns,1300,1300,0,1300,1069,1212,7,76,7,76,ok,3.0,1297.0
transductive,repeat_01,1,42001010000,1,transductive_repeat_01_fold_01,transductive,all_pairs,overall,shared_protein_count,0.6337133654036309,partial_spearman,n_proteins_a|n_proteins_b,unordered_minmax,1300,1300,0,1300,1069,1212,7,76,7,76,ok,3.0,1297.0
transductive,repeat_01,1,42001010000,1,transductive_repeat_01_fold_01,transductive,all_pairs,overall,biological_shared_protein_count,0.1310492354345067,partial_spearman,n_biological_proteins_a|n_biological_proteins_b,endpoint_columns,1300,1300,0,1300,1069,1212,7,76,7,76,ok,3.0,1297.0
transductive,repeat_01,1,42001010000,1,transductive_repeat_01_fold_01,transductive,all_pairs,overall,biological_shared_protein_count,0.1867491423348535,partial_spearman,n_biological_proteins_a|n_biological_proteins_b,unordered_minmax,1300,1300,0,1300,1069,1212,7,76,7,76,ok,3.0,1297.0
transductive,repeat_01,1,42001010000,1,transductive_repeat_01_fold_01,transductive,all_pairs,overall,shared_target_count,0.2839424175968367,partial_spearman,n_targets_a|n_targets_b,endpoint_columns,1300,1300,0,1300,1069,1212,7,76,7,76,ok,3.0,1297.0
transductive,repeat_01,1,42001010000,1,transductive_repeat_01_fold_01,transductive,all_pairs,overall,shared_target_count,0.3124021385840628,partial_spearman,n_targets_a|n_targets_b,unordered_minmax,1300,1300,0,1300,1069,1212,7,76,7,76,ok,3.0,1297.0
transductive,repeat_01,1,42001010000,1,transductive_repeat_01_fold_01,transductive,all_pairs,positive,shared_protein_count,0.2285703064318082,partial_spearman,n_proteins_a|n_proteins_b,endpoint_columns,650,650,0,650,918,562,0,76,0,76,ok,3.0,647.0
transductive,repeat_01,1,42001010000,1,transductive_repeat_01_fold_01,transductive,all_pairs,positive,shared_protein_count,0.2665556185248098,partial_spearman,n_proteins_a|n_proteins_b,unordered_minmax,650,650,0,650,918,562,0,76,0,76,ok,3.0,647.0
transductive,repeat_01,1,42001010000,1,transductive_repeat_01_fold_01,transductive,all_pairs,positive,biological_shared_protein_count,-0.1017970290838006,partial_spearman,n_biological_proteins_a|n_biological_proteins_b,endpoint_columns,650,650,0,650,918,562,0,76,0,76,ok,3.0,647.0
transductive,repeat_01,1,42001010000,1,transductive_repeat_01_fold_01,transductive,all_pairs,positive,biological_shared_protein_count,-0.0384241799690231,partial_spearman,n_biological_proteins_a|n_biological_proteins_b,unordered_minmax,650,650,0,650,918,562,0,76,0,76,ok,3.0,647.0
transductive,repeat_01,1,42001010000,1,transductive_repeat_01_fold_01,transductive,all_pairs,positive,shared_target_count,0.0114755873855359,partial_spearman,n_targets_a|n_targets_b,endpoint_columns,650,650,0,650,918,562,0,76,0,76,ok,3.0,647.0
transductive,repeat_01,1,42001010000,1,transductive_repeat_01_fold_01,transductive,all_pairs,positive,shared_target_count,0.0768009253989484,partial_spearman,n_targets_a|n_targets_b,unordered_minmax,650,650,0,650,918,562,0,76,0,76,ok,3.0,647.0
transductive,repeat_01,1,42001010000,1,transductive_repeat_01_fold_01,transductive,all_pairs,negative,shared_protein_count,0.72977801935419,partial_spearman,n_proteins_a|n_proteins_b,endpoint_columns,650,650,0,650,278,650,7,0,7,0,ok,3.0,647.0
transductive,repeat_01,1,42001010000,1,transductive_repeat_01_fold_01,transductive,all_pairs,negative,shared_protein_count,0.6697642698652542,partial_spearman,n_proteins_a|n_proteins_b,unordered_minmax,650,650,0,650,278,650,7,0,7,0,ok,3.0,647.0
transductive,repeat_01,1,42001010000,1,transductive_repeat_01_fold_01,transductive,all_pairs,negative,biological_shared_protein_count,0.1560411207269169,partial_spearman,n_biological_proteins_a|n_biological_proteins_b,endpoint_columns,650,650,0,650,278,650,7,0,7,0,ok,3.0,647.0
transductive,repeat_01,1,42001010000,1,transductive_repeat_01_fold_01,transductive,all_pairs,negative,biological_shared_protein_count,0.140846674940563,partial_spearman,n_biological_proteins_a|n_biological_proteins_b,unordered_minmax,650,650,0,650,278,650,7,0,7,0,ok,3.0,647.0
transductive,repeat_01,1,42001010000,1,transductive_repeat_01_fold_01,transductive,all_pairs,negative,shared_target_count,0.2140083909874627,partial_spearman,n_targets_a|n_targets_b,endpoint_columns,650,650,0,650,278,650,7,0,7,0,ok,3.0,647.0
transductive,repeat_01,1,42001010000,1,transductive_repeat_01_fold_01,transductive,all_pairs,negative,shared_target_count,0.2025368877084488,partial_spearman,n_targets_a|n_targets_b,unordered_minmax,650,650,0,650,278,650,7,0,7,0,ok,3.0,647.0
transductive,repeat_01,1,42001010000,1,transductive_repeat_01_fold_01,transductive,both_have_targets,overall,shared_protein_count,0.7082606856689339,partial_spearman,n_proteins_a|n_proteins_b,endpoint_columns,1136,1136,0,1136,860,1114,7,18,7,18,ok,3.0,1133.0
transductive,repeat_01,1,42001010000,1,transductive_repeat_01_fold_01,transductive,both_have_targets,overall,shared_protein_count,0.6701526555404449,partial_spearman,n_proteins_a|n_proteins_b,unordered_minmax,1136,1136,0,1136,860,1114,7,18,7,18,ok,3.0,1133.0
transductive,repeat_01,1,42001010000,1,transductive_repeat_01_fold_01,transductive,both_have_targets,overall,biological_shared_protein_count,0.2618860423889665,partial_spearman,n_biological_proteins_a|n_biological_proteins_b,endpoint_columns,1136,1136,0,1136,860,1114,7,18,7,18,ok,3.0,1133.0
transductive,repeat_01,1,42001010000,1,transductive_repeat_01_fold_01,transductive,both_have_targets,overall,biological_shared_protein_count,0.2387262146693057,partial_spearman,n_biological_proteins_a|n_biological_proteins_b,unordered_minmax,1136,1136,0,1136,860,1114,7,18,7,18,ok,3.0,1133.0
transductive,repeat_01,1,42001010000,1,transductive_repeat_01_fold_01,transductive,both_have_targets,overall,shared_target_count,0.3360191169699589,partial_spearman,n_targets_a|n_targets_b,endpoint_columns,1136,1136,0,1136,860,1114,7,18,7,18,ok,3.0,1133.0
transductive,repeat_01,1,42001010000,1,transductive_repeat_01_fold_01,transductive,both_have_targets,overall,shared_target_count,0.3282498907394142,partial_spearman,n_targets_a|n_targets_b,unordered_minmax,1136,1136,0,1136,860,1114,7,18,7,18,ok,3.0,1133.0
transductive,repeat_01,1,42001010000,1,transductive_repeat_01_fold_01,transductive,both_have_targets,positive,shared_protein_count,0.2300028468542253,partial_spearman,n_proteins_a|n_proteins_b,endpoint_columns,486,486,0,486,697,464,0,18,0,18,ok,3.0,483.0
transductive,repeat_01,1,42001010000,1,transductive_repeat_01_fold_01,transductive,both_have_targets,positive,shared_protein_count,0.2143612131408678,partial_spearman,n_proteins_a|n_proteins_b,unordered_minmax,486,486,0,486,697,464,0,18,0,18,ok,3.0,483.0
transductive,repeat_01,1,42001010000,1,transductive_repeat_01_fold_01,transductive,both_have_targets,positive,biological_shared_protein_count,-0.0309429486684969,partial_spearman,n_biological_proteins_a|n_biological_proteins_b,endpoint_columns,486,486,0,486,697,464,0,18,0,18,ok,3.0,483.0
transductive,repeat_01,1,42001010000,1,transductive_repeat_01_fold_01,transductive,both_have_targets,positive,biological_shared_protein_count,-0.02270054686088,partial_spearman,n_biological_proteins_a|n_biological_proteins_b,unordered_minmax,486,486,0,486,697,464,0,18,0,18,ok,3.0,483.0
transductive,repeat_01,1,42001010000,1,transductive_repeat_01_fold_01,transductive,both_have_targets,positive,shared_target_count,0.0101472478067472,partial_spearman,n_targets_a|n_targets_b,endpoint_columns,486,486,0,486,697,464,0,18,0,18,ok,3.0,483.0
transductive,repeat_01,1,42001010000,1,transductive_repeat_01_fold_01,transductive,both_have_targets,positive,shared_target_count,0.045627213722498,partial_spearman,n_targets_a|n_targets_b,unordered_minmax,486,486,0,486,697,464,0,18,0,18,ok,3.0,483.0
transductive,repeat_01,1,42001010000,1,transductive_repeat_01_fold_01,transductive,both_have_targets,negative,shared_protein_count,0.72977801935419,partial_spearman,n_proteins_a|n_proteins_b,endpoint_columns,650,650,0,650,278,650,7,0,7,0,ok,3.0,647.0
transductive,repeat_01,1,42001010000,1,transductive_repeat_01_fold_01,transductive,both_have_targets,negative,shared_protein_count,0.6697642698652542,partial_spearman,n_proteins_a|n_proteins_b,unordered_minmax,650,650,0,650,278,650,7,0,7,0,ok,3.0,647.0
transductive,repeat_01,1,42001010000,1,transductive_repeat_01_fold_01,transductive,both_have_targets,negative,biological_shared_protein_count,0.1560411207269169,partial_spearman,n_biological_proteins_a|n_biological_proteins_b,endpoint_columns,650,650,0,650,278,650,7,0,7,0,ok,3.0,647.0
transductive,repeat_01,1,42001010000,1,transductive_repeat_01_fold_01,transductive,both_have_targets,negative,biological_shared_protein_count,0.140846674940563,partial_spearman,n_biological_proteins_a|n_biological_proteins_b,unordered_minmax,650,650,0,650,278,650,7,0,7,0,ok,3.0,647.0
transductive,repeat_01,1,42001010000,1,transductive_repeat_01_fold_01,transductive,both_have_targets,negative,shared_target_count,0.2140083909874627,partial_spearman,n_targets_a|n_targets_b,endpoint_columns,650,650,0,650,278,650,7,0,7,0,ok,3.0,647.0
transductive,repeat_01,1,42001010000,1,transductive_repeat_01_fold_01,transductive,both_have_targets,negative,shared_target_count,0.2025368877084488,partial_spearman,n_targets_a|n_targets_b,unordered_minmax,650,650,0,650,278,650,7,0,7,0,ok,3.0,647.0
transductive,repeat_01,1,42001010000,1,transductive_repeat_01_fold_01,transductive,all_pairs,overall,biological_shared_protein_count,0.2503620789853371,partial_spearman,n_biological_proteins_a|n_biological_proteins_b|either_biological_size_zero,endpoint_columns_plus_zero,1300,1300,0,1300,1069,1212,7,76,7,76,ok,4.0,1296.0
transductive,repeat_01,1,42001010000,1,transductive_repeat_01_fold_01,transductive,all_pairs,overall,biological_shared_protein_count,0.2173305332511789,partial_spearman,n_biological_proteins_a|n_biological_proteins_b|either_biological_size_zero,unordered_minmax_plus_zero,1300,1300,0,1300,1069,1212,7,76,7,76,ok,4.0,1296.0
transductive,repeat_01,1,42002010000,2,transductive_repeat_01_fold_02,transductive,all_pairs,overall,shared_protein_count,0.6269284843153459,spearman,none,none,1300,1300,0,1300,1081,1227,4,63,4,63,ok,,
transductive,repeat_01,1,42002010000,2,transductive_repeat_01_fold_02,transductive,all_pairs,overall,protein_jaccard,0.681932633109042,spearman,none,none,1300,1300,0,1300,1081,1227,4,63,4,63,ok,,
transductive,repeat_01,1,42002010000,2,transductive_repeat_01_fold_02,transductive,all_pairs,overall,shared_target_count,0.1988367361536236,spearman,none,none,1300,1300,0,1300,1081,1227,4,63,4,63,ok,,
transductive,repeat_01,1,42002010000,2,transductive_repeat_01_fold_02,transductive,all_pairs,overall,biological_shared_protein_count,-0.086557438498937,spearman,none,none,1300,1300,0,1300,1081,1227,4,63,4,63,ok,,
transductive,repeat_01,1,42002010000,2,transductive_repeat_01_fold_02,transductive,all_pairs,overall,protein_size_geomean,0.3527977736281451,spearman,none,none,1300,1300,0,1300,1081,1227,4,63,4,63,ok,,
transductive,repeat_01,1,42002010000,2,transductive_repeat_01_fold_02,transductive,all_pairs,positive,shared_protein_count,0.0425527063519698,spearman,none,none,650,650,0,650,918,577,0,63,0,63,ok,,
transductive,repeat_01,1,42002010000,2,transductive_repeat_01_fold_02,transductive,all_pairs,positive,protein_jaccard,0.2214246353094584,spearman,none,none,650,650,0,650,918,577,0,63,0,63,ok,,
transductive,repeat_01,1,42002010000,2,transductive_repeat_01_fold_02,transductive,all_pairs,positive,shared_target_count,-0.1430560271479687,spearman,none,none,650,650,0,650,918,577,0,63,0,63,ok,,
transductive,repeat_01,1,42002010000,2,transductive_repeat_01_fold_02,transductive,all_pairs,positive,biological_shared_protein_count,-0.2950898129730253,spearman,none,none,650,650,0,650,918,577,0,63,0,63,ok,,
transductive,repeat_01,1,42002010000,2,transductive_repeat_01_fold_02,transductive,all_pairs,positive,protein_size_geomean,-0.0925050431682048,spearman,none,none,650,650,0,650,918,577,0,63,0,63,ok,,
transductive,repeat_01,1,42002010000,2,transductive_repeat_01_fold_02,transductive,all_pairs,negative,shared_protein_count,0.7880462042432315,spearman,none,none,650,650,0,650,292,650,4,0,4,0,ok,,
transductive,repeat_01,1,42002010000,2,transductive_repeat_01_fold_02,transductive,all_pairs,negative,protein_jaccard,0.750105687108551,spearman,none,none,650,650,0,650,292,650,4,0,4,0,ok,,
transductive,repeat_01,1,42002010000,2,transductive_repeat_01_fold_02,transductive,all_pairs,negative,shared_target_count,0.2764315869688671,spearman,none,none,650,650,0,650,292,650,4,0,4,0,ok,,
transductive,repeat_01,1,42002010000,2,transductive_repeat_01_fold_02,transductive,all_pairs,negative,biological_shared_protein_count,0.1967862542877357,spearman,none,none,650,650,0,650,292,650,4,0,4,0,ok,,
transductive,repeat_01,1,42002010000,2,transductive_repeat_01_fold_02,transductive,all_pairs,negative,protein_size_geomean,0.5574392863280982,spearman,none,none,650,650,0,650,292,650,4,0,4,0,ok,,
transductive,repeat_01,1,42002010000,2,transductive_repeat_01_fold_02,transductive,both_have_targets,overall,shared_protein_count,0.7566840205284239,spearman,none,none,1129,1129,0,1129,871,1118,4,9,4,9,ok,,
transductive,repeat_01,1,42002010000,2,transductive_repeat_01_fold_02,transductive,both_have_targets,overall,protein_jaccard,0.7449923302868218,spearman,none,none,1129,1129,0,1129,871,1118,4,9,4,9,ok,,
transductive,repeat_01,1,42002010000,2,transductive_repeat_01_fold_02,transductive,both_have_targets,overall,shared_target_count,0.3713853948552427,spearman,none,none,1129,1129,0,1129,871,1118,4,9,4,9,ok,,
transductive,repeat_01,1,42002010000,2,transductive_repeat_01_fold_02,transductive,both_have_targets,overall,biological_shared_protein_count,0.2003037490840269,spearman,none,none,1129,1129,0,1129,871,1118,4,9,4,9,ok,,
transductive,repeat_01,1,42002010000,2,transductive_repeat_01_fold_02,transductive,both_have_targets,overall,protein_size_geomean,0.5234225859220337,spearman,none,none,1129,1129,0,1129,871,1118,4,9,4,9,ok,,
transductive,repeat_01,1,42002010000,2,transductive_repeat_01_fold_02,transductive,both_have_targets,positive,shared_protein_count,0.2925713561010089,spearman,none,none,479,479,0,479,699,468,0,9,0,9,ok,,
transductive,repeat_01,1,42002010000,2,transductive_repeat_01_fold_02,transductive,both_have_targets,positive,protein_jaccard,0.2687379235500257,spearman,none,none,479,479,0,479,699,468,0,9,0,9,ok,,
transductive,repeat_01,1,42002010000,2,transductive_repeat_01_fold_02,transductive,both_have_targets,positive,shared_target_count,0.0821102238724923,spearman,none,none,479,479,0,479,699,468,0,9,0,9,ok,,
transductive,repeat_01,1,42002010000,2,transductive_repeat_01_fold_02,transductive,both_have_targets,positive,biological_shared_protein_count,0.0040512000352359,spearman,none,none,479,479,0,479,699,468,0,9,0,9,ok,,
transductive,repeat_01,1,42002010000,2,transductive_repeat_01_fold_02,transductive,both_have_targets,positive,protein_size_geomean,0.1942409241052336,spearman,none,none,479,479,0,479,699,468,0,9,0,9,ok,,
transductive,repeat_01,1,42002010000,2,transductive_repeat_01_fold_02,transductive,both_have_targets,negative,shared_protein_count,0.7880462042432315,spearman,none,none,650,650,0,650,292,650,4,0,4,0,ok,,
transductive,repeat_01,1,42002010000,2,transductive_repeat_01_fold_02,transductive,both_have_targets,negative,protein_jaccard,0.750105687108551,spearman,none,none,650,650,0,650,292,650,4,0,4,0,ok,,
transductive,repeat_01,1,42002010000,2,transductive_repeat_01_fold_02,transductive,both_have_targets,negative,shared_target_count,0.2764315869688671,spearman,none,none,650,650,0,650,292,650,4,0,4,0,ok,,
transductive,repeat_01,1,42002010000,2,transductive_repeat_01_fold_02,transductive,both_have_targets,negative,biological_shared_protein_count,0.1967862542877357,spearman,none,none,650,650,0,650,292,650,4,0,4,0,ok,,
transductive,repeat_01,1,42002010000,2,transductive_repeat_01_fold_02,transductive,both_have_targets,negative,protein_size_geomean,0.5574392863280982,spearman,none,none,650,650,0,650,292,650,4,0,4,0,ok,,
transductive,repeat_01,1,42002010000,2,transductive_repeat_01_fold_02,transductive,all_pairs,overall,shared_protein_count,0.6347121448365154,partial_spearman,n_proteins_a|n_proteins_b,endpoint_columns,1300,1300,0,1300,1081,1227,4,63,4,63,ok,3.0,1297.0
transductive,repeat_01,1,42002010000,2,transductive_repeat_01_fold_02,transductive,all_pairs,overall,shared_protein_count,0.6250877653313196,partial_spearman,n_proteins_a|n_proteins_b,unordered_minmax,1300,1300,0,1300,1081,1227,4,63,4,63,ok,3.0,1297.0
transductive,repeat_01,1,42002010000,2,transductive_repeat_01_fold_02,transductive,all_pairs,overall,biological_shared_protein_count,0.1558672984962468,partial_spearman,n_biological_proteins_a|n_biological_proteins_b,endpoint_columns,1300,1300,0,1300,1081,1227,4,63,4,63,ok,3.0,1297.0
transductive,repeat_01,1,42002010000,2,transductive_repeat_01_fold_02,transductive,all_pairs,overall,biological_shared_protein_count,0.2353529087720463,partial_spearman,n_biological_proteins_a|n_biological_proteins_b,unordered_minmax,1300,1300,0,1300,1081,1227,4,63,4,63,ok,3.0,1297.0
transductive,repeat_01,1,42002010000,2,transductive_repeat_01_fold_02,transductive,all_pairs,overall,shared_target_count,0.2940611047445734,partial_spearman,n_targets_a|n_targets_b,endpoint_columns,1300,1300,0,1300,1081,1227,4,63,4,63,ok,3.0,1297.0
transductive,repeat_01,1,42002010000,2,transductive_repeat_01_fold_02,transductive,all_pairs,overall,shared_target_count,0.326400231598541,partial_spearman,n_targets_a|n_targets_b,unordered_minmax,1300,1300,0,1300,1081,1227,4,63,4,63,ok,3.0,1297.0
transductive,repeat_01,1,42002010000,2,transductive_repeat_01_fold_02,transductive,all_pairs,positive,shared_protein_count,0.2124161532414658,partial_spearman,n_proteins_a|n_proteins_b,endpoint_columns,650,650,0,650,918,577,0,63,0,63,ok,3.0,647.0
transductive,repeat_01,1,42002010000,2,transductive_repeat_01_fold_02,transductive,all_pairs,positive,shared_protein_count,0.2482517136057283,partial_spearman,n_proteins_a|n_proteins_b,unordered_minmax,650,650,0,650,918,577,0,63,0,63,ok,3.0,647.0
transductive,repeat_01,1,42002010000,2,transductive_repeat_01_fold_02,transductive,all_pairs,positive,biological_shared_protein_count,-0.0361020302354187,partial_spearman,n_biological_proteins_a|n_biological_proteins_b,endpoint_columns,650,650,0,650,918,577,0,63,0,63,ok,3.0,647.0
transductive,repeat_01,1,42002010000,2,transductive_repeat_01_fold_02,transductive,all_pairs,positive,biological_shared_protein_count,0.0521957983991245,partial_spearman,n_biological_proteins_a|n_biological_proteins_b,unordered_minmax,650,650,0,650,918,577,0,63,0,63,ok,3.0,647.0
transductive,repeat_01,1,42002010000,2,transductive_repeat_01_fold_02,transductive,all_pairs,positive,shared_target_count,0.0738229614144914,partial_spearman,n_targets_a|n_targets_b,endpoint_columns,650,650,0,650,918,577,0,63,0,63,ok,3.0,647.0
transductive,repeat_01,1,42002010000,2,transductive_repeat_01_fold_02,transductive,all_pairs,positive,shared_target_count,0.1347232813770986,partial_spearman,n_targets_a|n_targets_b,unordered_minmax,650,650,0,650,918,577,0,63,0,63,ok,3.0,647.0
transductive,repeat_01,1,42002010000,2,transductive_repeat_01_fold_02,transductive,all_pairs,negative,shared_protein_count,0.7353097343162396,partial_spearman,n_proteins_a|n_proteins_b,endpoint_columns,650,650,0,650,292,650,4,0,4,0,ok,3.0,647.0
transductive,repeat_01,1,42002010000,2,transductive_repeat_01_fold_02,transductive,all_pairs,negative,shared_protein_count,0.6752354597391919,partial_spearman,n_proteins_a|n_proteins_b,unordered_minmax,650,650,0,650,292,650,4,0,4,0,ok,3.0,647.0
transductive,repeat_01,1,42002010000,2,transductive_repeat_01_fold_02,transductive,all_pairs,negative,biological_shared_protein_count,0.2439898320642767,partial_spearman,n_biological_proteins_a|n_biological_proteins_b,endpoint_columns,650,650,0,650,292,650,4,0,4,0,ok,3.0,647.0
transductive,repeat_01,1,42002010000,2,transductive_repeat_01_fold_02,transductive,all_pairs,negative,biological_shared_protein_count,0.1968151706605075,partial_spearman,n_biological_proteins_a|n_biological_proteins_b,unordered_minmax,650,650,0,650,292,650,4,0,4,0,ok,3.0,647.0
transductive,repeat_01,1,42002010000,2,transductive_repeat_01_fold_02,transductive,all_pairs,negative,shared_target_count,0.2317033340313151,partial_spearman,n_targets_a|n_targets_b,endpoint_columns,650,650,0,650,292,650,4,0,4,0,ok,3.0,647.0
transductive,repeat_01,1,42002010000,2,transductive_repeat_01_fold_02,transductive,all_pairs,negative,shared_target_count,0.2149363459285228,partial_spearman,n_targets_a|n_targets_b,unordered_minmax,650,650,0,650,292,650,4,0,4,0,ok,3.0,647.0
transductive,repeat_01,1,42002010000,2,transductive_repeat_01_fold_02,transductive,both_have_targets,overall,shared_protein_count,0.7009950499314195,partial_spearman,n_proteins_a|n_proteins_b,endpoint_columns,1129,1129,0,1129,871,1118,4,9,4,9,ok,3.0,1126.0
transductive,repeat_01,1,42002010000,2,transductive_repeat_01_fold_02,transductive,both_have_targets,overall,shared_protein_count,0.6561794913473833,partial_spearman,n_proteins_a|n_proteins_b,unordered_minmax,1129,1129,0,1129,871,1118,4,9,4,9,ok,3.0,1126.0
transductive,repeat_01,1,42002010000,2,transductive_repeat_01_fold_02,transductive,both_have_targets,overall,biological_shared_protein_count,0.290699281240253,partial_spearman,n_biological_proteins_a|n_biological_proteins_b,endpoint_columns,1129,1129,0,1129,871,1118,4,9,4,9,ok,3.0,1126.0
transductive,repeat_01,1,42002010000,2,transductive_repeat_01_fold_02,transductive,both_have_targets,overall,biological_shared_protein_count,0.2880523360402418,partial_spearman,n_biological_proteins_a|n_biological_proteins_b,unordered_minmax,1129,1129,0,1129,871,1118,4,9,4,9,ok,3.0,1126.0
transductive,repeat_01,1,42002010000,2,transductive_repeat_01_fold_02,transductive,both_have_targets,overall,shared_target_count,0.3460858050070545,partial_spearman,n_targets_a|n_targets_b,endpoint_columns,1129,1129,0,1129,871,1118,4,9,4,9,ok,3.0,1126.0
transductive,repeat_01,1,42002010000,2,transductive_repeat_01_fold_02,transductive,both_have_targets,overall,shared_target_count,0.3409145060817374,partial_spearman,n_targets_a|n_targets_b,unordered_minmax,1129,1129,0,1129,871,1118,4,9,4,9,ok,3.0,1126.0
transductive,repeat_01,1,42002010000,2,transductive_repeat_01_fold_02,transductive,both_have_targets,positive,shared_protein_count,0.2398553800402915,partial_spearman,n_proteins_a|n_proteins_b,endpoint_columns,479,479,0,479,699,468,0,9,0,9,ok,3.0,476.0
transductive,repeat_01,1,42002010000,2,transductive_repeat_01_fold_02,transductive,both_have_targets,positive,shared_protein_count,0.2071981602614062,partial_spearman,n_proteins_a|n_proteins_b,unordered_minmax,479,479,0,479,699,468,0,9,0,9,ok,3.0,476.0
transductive,repeat_01,1,42002010000,2,transductive_repeat_01_fold_02,transductive,both_have_targets,positive,biological_shared_protein_count,0.0362407739116689,partial_spearman,n_biological_proteins_a|n_biological_proteins_b,endpoint_columns,479,479,0,479,699,468,0,9,0,9,ok,3.0,476.0
transductive,repeat_01,1,42002010000,2,transductive_repeat_01_fold_02,transductive,both_have_targets,positive,biological_shared_protein_count,0.0569896737399425,partial_spearman,n_biological_proteins_a|n_biological_proteins_b,unordered_minmax,479,479,0,479,699,468,0,9,0,9,ok,3.0,476.0
transductive,repeat_01,1,42002010000,2,transductive_repeat_01_fold_02,transductive,both_have_targets,positive,shared_target_count,0.0879800369050077,partial_spearman,n_targets_a|n_targets_b,endpoint_columns,479,479,0,479,699,468,0,9,0,9,ok,3.0,476.0
transductive,repeat_01,1,42002010000,2,transductive_repeat_01_fold_02,transductive,both_have_targets,positive,shared_target_count,0.1193678872663627,partial_spearman,n_targets_a|n_targets_b,unordered_minmax,479,479,0,479,699,468,0,9,0,9,ok,3.0,476.0
transductive,repeat_01,1,42002010000,2,transductive_repeat_01_fold_02,transductive,both_have_targets,negative,shared_protein_count,0.7353097343162396,partial_spearman,n_proteins_a|n_proteins_b,endpoint_columns,650,650,0,650,292,650,4,0,4,0,ok,3.0,647.0
transductive,repeat_01,1,42002010000,2,transductive_repeat_01_fold_02,transductive,both_have_targets,negative,shared_protein_count,0.6752354597391919,partial_spearman,n_proteins_a|n_proteins_b,unordered_minmax,650,650,0,650,292,650,4,0,4,0,ok,3.0,647.0
transductive,repeat_01,1,42002010000,2,transductive_repeat_01_fold_02,transductive,both_have_targets,negative,biological_shared_protein_count,0.2439898320642767,partial_spearman,n_biological_proteins_a|n_biological_proteins_b,endpoint_columns,650,650,0,650,292,650,4,0,4,0,ok,3.0,647.0
transductive,repeat_01,1,42002010000,2,transductive_repeat_01_fold_02,transductive,both_have_targets,negative,biological_shared_protein_count,0.1968151706605075,partial_spearman,n_biological_proteins_a|n_biological_proteins_b,unordered_minmax,650,650,0,650,292,650,4,0,4,0,ok,3.0,647.0
transductive,repeat_01,1,42002010000,2,transductive_repeat_01_fold_02,transductive,both_have_targets,negative,shared_target_count,0.2317033340313151,partial_spearman,n_targets_a|n_targets_b,endpoint_columns,650,650,0,650,292,650,4,0,4,0,ok,3.0,647.0
transductive,repeat_01,1,42002010000,2,transductive_repeat_01_fold_02,transductive,both_have_targets,negative,shared_target_count,0.2149363459285228,partial_spearman,n_targets_a|n_targets_b,unordered_minmax,650,650,0,650,292,650,4,0,4,0,ok,3.0,647.0
transductive,repeat_01,1,42002010000,2,transductive_repeat_01_fold_02,transductive,all_pairs,overall,biological_shared_protein_count,0.2700747753753967,partial_spearman,n_biological_proteins_a|n_biological_proteins_b|either_biological_size_zero,endpoint_columns_plus_zero,1300,1300,0,1300,1081,1227,4,63,4,63,ok,4.0,1296.0
transductive,repeat_01,1,42002010000,2,transductive_repeat_01_fold_02,transductive,all_pairs,overall,biological_shared_protein_count,0.2645880181296693,partial_spearman,n_biological_proteins_a|n_biological_proteins_b|either_biological_size_zero,unordered_minmax_plus_zero,1300,1300,0,1300,1081,1227,4,63,4,63,ok,4.0,1296.0
transductive,repeat_01,1,42003010000,3,transductive_repeat_01_fold_03,transductive,all_pairs,overall,shared_protein_count,0.6202557753412754,spearman,none,none,1300,1300,0,1300,1087,1219,2,65,2,65,ok,,
transductive,repeat_01,1,42003010000,3,transductive_repeat_01_fold_03,transductive,all_pairs,overall,protein_jaccard,0.6454993046557425,spearman,none,none,1300,1300,0,1300,1087,1219,2,65,2,65,ok,,
transductive,repeat_01,1,42003010000,3,transductive_repeat_01_fold_03,transductive,all_pairs,overall,shared_target_count,0.1475568114728367,spearman,none,none,1300,1300,0,1300,1087,1219,2,65,2,65,ok,,
transductive,repeat_01,1,42003010000,3,transductive_repeat_01_fold_03,transductive,all_pairs,overall,biological_shared_protein_count,-0.0886430901739766,spearman,none,none,1300,1300,0,1300,1087,1219,2,65,2,65,ok,,
transductive,repeat_01,1,42003010000,3,transductive_repeat_01_fold_03,transductive,all_pairs,overall,protein_size_geomean,0.3552124788118871,spearman,none,none,1300,1300,0,1300,1087,1219,2,65,2,65,ok,,
transductive,repeat_01,1,42003010000,3,transductive_repeat_01_fold_03,transductive,all_pairs,positive,shared_protein_count,0.0368157993565127,spearman,none,none,650,650,0,650,935,569,0,65,0,65,ok,,
transductive,repeat_01,1,42003010000,3,transductive_repeat_01_fold_03,transductive,all_pairs,positive,protein_jaccard,0.1604438519237989,spearman,none,none,650,650,0,650,935,569,0,65,0,65,ok,,
transductive,repeat_01,1,42003010000,3,transductive_repeat_01_fold_03,transductive,all_pairs,positive,shared_target_count,-0.1725442507312957,spearman,none,none,650,650,0,650,935,569,0,65,0,65,ok,,
transductive,repeat_01,1,42003010000,3,transductive_repeat_01_fold_03,transductive,all_pairs,positive,biological_shared_protein_count,-0.3022086195895695,spearman,none,none,650,650,0,650,935,569,0,65,0,65,ok,,
transductive,repeat_01,1,42003010000,3,transductive_repeat_01_fold_03,transductive,all_pairs,positive,protein_size_geomean,-0.1171591039439958,spearman,none,none,650,650,0,650,935,569,0,65,0,65,ok,,
transductive,repeat_01,1,42003010000,3,transductive_repeat_01_fold_03,transductive,all_pairs,negative,shared_protein_count,0.7196816846928331,spearman,none,none,650,650,0,650,289,650,2,0,2,0,ok,,
transductive,repeat_01,1,42003010000,3,transductive_repeat_01_fold_03,transductive,all_pairs,negative,protein_jaccard,0.6633883702604312,spearman,none,none,650,650,0,650,289,650,2,0,2,0,ok,,
transductive,repeat_01,1,42003010000,3,transductive_repeat_01_fold_03,transductive,all_pairs,negative,shared_target_count,0.2421461889206411,spearman,none,none,650,650,0,650,289,650,2,0,2,0,ok,,
transductive,repeat_01,1,42003010000,3,transductive_repeat_01_fold_03,transductive,all_pairs,negative,biological_shared_protein_count,0.1301653119891936,spearman,none,none,650,650,0,650,289,650,2,0,2,0,ok,,
transductive,repeat_01,1,42003010000,3,transductive_repeat_01_fold_03,transductive,all_pairs,negative,protein_size_geomean,0.4866912249418836,spearman,none,none,650,650,0,650,289,650,2,0,2,0,ok,,
transductive,repeat_01,1,42003010000,3,transductive_repeat_01_fold_03,transductive,both_have_targets,overall,shared_protein_count,0.7408480215043068,spearman,none,none,1141,1141,0,1141,884,1125,2,10,2,10,ok,,
transductive,repeat_01,1,42003010000,3,transductive_repeat_01_fold_03,transductive,both_have_targets,overall,protein_jaccard,0.7116173367230676,spearman,none,none,1141,1141,0,1141,884,1125,2,10,2,10,ok,,
transductive,repeat_01,1,42003010000,3,transductive_repeat_01_fold_03,transductive,both_have_targets,overall,shared_target_count,0.3064966880857676,spearman,none,none,1141,1141,0,1141,884,1125,2,10,2,10,ok,,
transductive,repeat_01,1,42003010000,3,transductive_repeat_01_fold_03,transductive,both_have_targets,overall,biological_shared_protein_count,0.1766461555699666,spearman,none,none,1141,1141,0,1141,884,1125,2,10,2,10,ok,,
transductive,repeat_01,1,42003010000,3,transductive_repeat_01_fold_03,transductive,both_have_targets,overall,protein_size_geomean,0.5093244138484716,spearman,none,none,1141,1141,0,1141,884,1125,2,10,2,10,ok,,
transductive,repeat_01,1,42003010000,3,transductive_repeat_01_fold_03,transductive,both_have_targets,positive,shared_protein_count,0.2808248712999163,spearman,none,none,491,491,0,491,723,475,0,10,0,10,ok,,
transductive,repeat_01,1,42003010000,3,transductive_repeat_01_fold_03,transductive,both_have_targets,positive,protein_jaccard,0.2657846996848236,spearman,none,none,491,491,0,491,723,475,0,10,0,10,ok,,
transductive,repeat_01,1,42003010000,3,transductive_repeat_01_fold_03,transductive,both_have_targets,positive,shared_target_count,0.024512435933197,spearman,none,none,491,491,0,491,723,475,0,10,0,10,ok,,
transductive,repeat_01,1,42003010000,3,transductive_repeat_01_fold_03,transductive,both_have_targets,positive,biological_shared_protein_count,-0.014777212531653,spearman,none,none,491,491,0,491,723,475,0,10,0,10,ok,,
transductive,repeat_01,1,42003010000,3,transductive_repeat_01_fold_03,transductive,both_have_targets,positive,protein_size_geomean,0.142214298802467,spearman,none,none,491,491,0,491,723,475,0,10,0,10,ok,,
transductive,repeat_01,1,42003010000,3,transductive_repeat_01_fold_03,transductive,both_have_targets,negative,shared_protein_count,0.7196816846928331,spearman,none,none,650,650,0,650,289,650,2,0,2,0,ok,,
transductive,repeat_01,1,42003010000,3,transductive_repeat_01_fold_03,transductive,both_have_targets,negative,protein_jaccard,0.6633883702604312,spearman,none,none,650,650,0,650,289,650,2,0,2,0,ok,,
transductive,repeat_01,1,42003010000,3,transductive_repeat_01_fold_03,transductive,both_have_targets,negative,shared_target_count,0.2421461889206411,spearman,none,none,650,650,0,650,289,650,2,0,2,0,ok,,
transductive,repeat_01,1,42003010000,3,transductive_repeat_01_fold_03,transductive,both_have_targets,negative,biological_shared_protein_count,0.1301653119891936,spearman,none,none,650,650,0,650,289,650,2,0,2,0,ok,,
transductive,repeat_01,1,42003010000,3,transductive_repeat_01_fold_03,transductive,both_have_targets,negative,protein_size_geomean,0.4866912249418836,spearman,none,none,650,650,0,650,289,650,2,0,2,0,ok,,
transductive,repeat_01,1,42003010000,3,transductive_repeat_01_fold_03,transductive,all_pairs,overall,shared_protein_count,0.6204225496734074,partial_spearman,n_proteins_a|n_proteins_b,endpoint_columns,1300,1300,0,1300,1087,1219,2,65,2,65,ok,3.0,1297.0
transductive,repeat_01,1,42003010000,3,transductive_repeat_01_fold_03,transductive,all_pairs,overall,shared_protein_count,0.6362971898308101,partial_spearman,n_proteins_a|n_proteins_b,unordered_minmax,1300,1300,0,1300,1087,1219,2,65,2,65,ok,3.0,1297.0
transductive,repeat_01,1,42003010000,3,transductive_repeat_01_fold_03,transductive,all_pairs,overall,biological_shared_protein_count,0.1077213483059525,partial_spearman,n_biological_proteins_a|n_biological_proteins_b,endpoint_columns,1300,1300,0,1300,1087,1219,2,65,2,65,ok,3.0,1297.0
transductive,repeat_01,1,42003010000,3,transductive_repeat_01_fold_03,transductive,all_pairs,overall,biological_shared_protein_count,0.1965486107922589,partial_spearman,n_biological_proteins_a|n_biological_proteins_b,unordered_minmax,1300,1300,0,1300,1087,1219,2,65,2,65,ok,3.0,1297.0
transductive,repeat_01,1,42003010000,3,transductive_repeat_01_fold_03,transductive,all_pairs,overall,shared_target_count,0.2295143340598649,partial_spearman,n_targets_a|n_targets_b,endpoint_columns,1300,1300,0,1300,1087,1219,2,65,2,65,ok,3.0,1297.0
transductive,repeat_01,1,42003010000,3,transductive_repeat_01_fold_03,transductive,all_pairs,overall,shared_target_count,0.2588903445040471,partial_spearman,n_targets_a|n_targets_b,unordered_minmax,1300,1300,0,1300,1087,1219,2,65,2,65,ok,3.0,1297.0
transductive,repeat_01,1,42003010000,3,transductive_repeat_01_fold_03,transductive,all_pairs,positive,shared_protein_count,0.2411896402550106,partial_spearman,n_proteins_a|n_proteins_b,endpoint_columns,650,650,0,650,935,569,0,65,0,65,ok,3.0,647.0
transductive,repeat_01,1,42003010000,3,transductive_repeat_01_fold_03,transductive,all_pairs,positive,shared_protein_count,0.3382132989884265,partial_spearman,n_proteins_a|n_proteins_b,unordered_minmax,650,650,0,650,935,569,0,65,0,65,ok,3.0,647.0
transductive,repeat_01,1,42003010000,3,transductive_repeat_01_fold_03,transductive,all_pairs,positive,biological_shared_protein_count,-0.0562221685236655,partial_spearman,n_biological_proteins_a|n_biological_proteins_b,endpoint_columns,650,650,0,650,935,569,0,65,0,65,ok,3.0,647.0
transductive,repeat_01,1,42003010000,3,transductive_repeat_01_fold_03,transductive,all_pairs,positive,biological_shared_protein_count,0.0571981565439533,partial_spearman,n_biological_proteins_a|n_biological_proteins_b,unordered_minmax,650,650,0,650,935,569,0,65,0,65,ok,3.0,647.0
transductive,repeat_01,1,42003010000,3,transductive_repeat_01_fold_03,transductive,all_pairs,positive,shared_target_count,0.0536915561380288,partial_spearman,n_targets_a|n_targets_b,endpoint_columns,650,650,0,650,935,569,0,65,0,65,ok,3.0,647.0
transductive,repeat_01,1,42003010000,3,transductive_repeat_01_fold_03,transductive,all_pairs,positive,shared_target_count,0.1122634106682202,partial_spearman,n_targets_a|n_targets_b,unordered_minmax,650,650,0,650,935,569,0,65,0,65,ok,3.0,647.0
transductive,repeat_01,1,42003010000,3,transductive_repeat_01_fold_03,transductive,all_pairs,negative,shared_protein_count,0.6690794222510217,partial_spearman,n_proteins_a|n_proteins_b,endpoint_columns,650,650,0,650,289,650,2,0,2,0,ok,3.0,647.0
transductive,repeat_01,1,42003010000,3,transductive_repeat_01_fold_03,transductive,all_pairs,negative,shared_protein_count,0.6315148520922673,partial_spearman,n_proteins_a|n_proteins_b,unordered_minmax,650,650,0,650,289,650,2,0,2,0,ok,3.0,647.0
transductive,repeat_01,1,42003010000,3,transductive_repeat_01_fold_03,transductive,all_pairs,negative,biological_shared_protein_count,0.1764515901238298,partial_spearman,n_biological_proteins_a|n_biological_proteins_b,endpoint_columns,650,650,0,650,289,650,2,0,2,0,ok,3.0,647.0
transductive,repeat_01,1,42003010000,3,transductive_repeat_01_fold_03,transductive,all_pairs,negative,biological_shared_protein_count,0.1394486375758903,partial_spearman,n_biological_proteins_a|n_biological_proteins_b,unordered_minmax,650,650,0,650,289,650,2,0,2,0,ok,3.0,647.0
transductive,repeat_01,1,42003010000,3,transductive_repeat_01_fold_03,transductive,all_pairs,negative,shared_target_count,0.1813782555273054,partial_spearman,n_targets_a|n_targets_b,endpoint_columns,650,650,0,650,289,650,2,0,2,0,ok,3.0,647.0
transductive,repeat_01,1,42003010000,3,transductive_repeat_01_fold_03,transductive,all_pairs,negative,shared_target_count,0.1751092996091029,partial_spearman,n_targets_a|n_targets_b,unordered_minmax,650,650,0,650,289,650,2,0,2,0,ok,3.0,647.0
transductive,repeat_01,1,42003010000,3,transductive_repeat_01_fold_03,transductive,both_have_targets,overall,shared_protein_count,0.6829928930727707,partial_spearman,n_proteins_a|n_proteins_b,endpoint_columns,1141,1141,0,1141,884,1125,2,10,2,10,ok,3.0,1138.0
transductive,repeat_01,1,42003010000,3,transductive_repeat_01_fold_03,transductive,both_have_targets,overall,shared_protein_count,0.6738337010435994,partial_spearman,n_proteins_a|n_proteins_b,unordered_minmax,1141,1141,0,1141,884,1125,2,10,2,10,ok,3.0,1138.0
transductive,repeat_01,1,42003010000,3,transductive_repeat_01_fold_03,transductive,both_have_targets,overall,biological_shared_protein_count,0.2409290305890015,partial_spearman,n_biological_proteins_a|n_biological_proteins_b,endpoint_columns,1141,1141,0,1141,884,1125,2,10,2,10,ok,3.0,1138.0
transductive,repeat_01,1,42003010000,3,transductive_repeat_01_fold_03,transductive,both_have_targets,overall,biological_shared_protein_count,0.2434883223042927,partial_spearman,n_biological_proteins_a|n_biological_proteins_b,unordered_minmax,1141,1141,0,1141,884,1125,2,10,2,10,ok,3.0,1138.0
transductive,repeat_01,1,42003010000,3,transductive_repeat_01_fold_03,transductive,both_have_targets,overall,shared_target_count,0.2658002904094235,partial_spearman,n_targets_a|n_targets_b,endpoint_columns,1141,1141,0,1141,884,1125,2,10,2,10,ok,3.0,1138.0
transductive,repeat_01,1,42003010000,3,transductive_repeat_01_fold_03,transductive,both_have_targets,overall,shared_target_count,0.2628000318266502,partial_spearman,n_targets_a|n_targets_b,unordered_minmax,1141,1141,0,1141,884,1125,2,10,2,10,ok,3.0,1138.0
transductive,repeat_01,1,42003010000,3,transductive_repeat_01_fold_03,transductive,both_have_targets,positive,shared_protein_count,0.2952271005998921,partial_spearman,n_proteins_a|n_proteins_b,endpoint_columns,491,491,0,491,723,475,0,10,0,10,ok,3.0,488.0
transductive,repeat_01,1,42003010000,3,transductive_repeat_01_fold_03,transductive,both_have_targets,positive,shared_protein_count,0.3430451481639606,partial_spearman,n_proteins_a|n_proteins_b,unordered_minmax,491,491,0,491,723,475,0,10,0,10,ok,3.0,488.0
transductive,repeat_01,1,42003010000,3,transductive_repeat_01_fold_03,transductive,both_have_targets,positive,biological_shared_protein_count,0.0577444727270665,partial_spearman,n_biological_proteins_a|n_biological_proteins_b,endpoint_columns,491,491,0,491,723,475,0,10,0,10,ok,3.0,488.0
transductive,repeat_01,1,42003010000,3,transductive_repeat_01_fold_03,transductive,both_have_targets,positive,biological_shared_protein_count,0.0826860697571092,partial_spearman,n_biological_proteins_a|n_biological_proteins_b,unordered_minmax,491,491,0,491,723,475,0,10,0,10,ok,3.0,488.0
transductive,repeat_01,1,42003010000,3,transductive_repeat_01_fold_03,transductive,both_have_targets,positive,shared_target_count,0.0888073343801212,partial_spearman,n_targets_a|n_targets_b,endpoint_columns,491,491,0,491,723,475,0,10,0,10,ok,3.0,488.0
transductive,repeat_01,1,42003010000,3,transductive_repeat_01_fold_03,transductive,both_have_targets,positive,shared_target_count,0.1057105266880721,partial_spearman,n_targets_a|n_targets_b,unordered_minmax,491,491,0,491,723,475,0,10,0,10,ok,3.0,488.0
transductive,repeat_01,1,42003010000,3,transductive_repeat_01_fold_03,transductive,both_have_targets,negative,shared_protein_count,0.6690794222510217,partial_spearman,n_proteins_a|n_proteins_b,endpoint_columns,650,650,0,650,289,650,2,0,2,0,ok,3.0,647.0
transductive,repeat_01,1,42003010000,3,transductive_repeat_01_fold_03,transductive,both_have_targets,negative,shared_protein_count,0.6315148520922673,partial_spearman,n_proteins_a|n_proteins_b,unordered_minmax,650,650,0,650,289,650,2,0,2,0,ok,3.0,647.0
transductive,repeat_01,1,42003010000,3,transductive_repeat_01_fold_03,transductive,both_have_targets,negative,biological_shared_protein_count,0.1764515901238298,partial_spearman,n_biological_proteins_a|n_biological_proteins_b,endpoint_columns,650,650,0,650,289,650,2,0,2,0,ok,3.0,647.0
transductive,repeat_01,1,42003010000,3,transductive_repeat_01_fold_03,transductive,both_have_targets,negative,biological_shared_protein_count,0.1394486375758903,partial_spearman,n_biological_proteins_a|n_biological_proteins_b,unordered_minmax,650,650,0,650,289,650,2,0,2,0,ok,3.0,647.0
transductive,repeat_01,1,42003010000,3,transductive_repeat_01_fold_03,transductive,both_have_targets,negative,shared_target_count,0.1813782555273054,partial_spearman,n_targets_a|n_targets_b,endpoint_columns,650,650,0,650,289,650,2,0,2,0,ok,3.0,647.0
transductive,repeat_01,1,42003010000,3,transductive_repeat_01_fold_03,transductive,both_have_targets,negative,shared_target_count,0.1751092996091029,partial_spearman,n_targets_a|n_targets_b,unordered_minmax,650,650,0,650,289,650,2,0,2,0,ok,3.0,647.0
transductive,repeat_01,1,42003010000,3,transductive_repeat_01_fold_03,transductive,all_pairs,overall,biological_shared_protein_count,0.220769786616136,partial_spearman,n_biological_proteins_a|n_biological_proteins_b|either_biological_size_zero,endpoint_columns_plus_zero,1300,1300,0,1300,1087,1219,2,65,2,65,ok,4.0,1296.0
transductive,repeat_01,1,42003010000,3,transductive_repeat_01_fold_03,transductive,all_pairs,overall,biological_shared_protein_count,0.2246192879522704,partial_spearman,n_biological_proteins_a|n_biological_proteins_b|either_biological_size_zero,unordered_minmax_plus_zero,1300,1300,0,1300,1087,1219,2,65,2,65,ok,4.0,1296.0
transductive,repeat_01,1,42004010000,4,transductive_repeat_01_fold_04,transductive,all_pairs,overall,shared_protein_count,0.5958814906300675,spearman,none,none,1300,1300,0,1300,1069,1223,3,67,3,67,ok,,
transductive,repeat_01,1,42004010000,4,transductive_repeat_01_fold_04,transductive,all_pairs,overall,protein_jaccard,0.644866178168288,spearman,none,none,1300,1300,0,1300,1069,1223,3,67,3,67,ok,,
transductive,repeat_01,1,42004010000,4,transductive_repeat_01_fold_04,transductive,all_pairs,overall,shared_target_count,0.1476574413902743,spearman,none,none,1300,1300,0,1300,1069,1223,3,67,3,67,ok,,
transductive,repeat_01,1,42004010000,4,transductive_repeat_01_fold_04,transductive,all_pairs,overall,biological_shared_protein_count,-0.0916990216012119,spearman,none,none,1300,1300,0,1300,1069,1223,3,67,3,67,ok,,
transductive,repeat_01,1,42004010000,4,transductive_repeat_01_fold_04,transductive,all_pairs,overall,protein_size_geomean,0.3345885705683256,spearman,none,none,1300,1300,0,1300,1069,1223,3,67,3,67,ok,,
transductive,repeat_01,1,42004010000,4,transductive_repeat_01_fold_04,transductive,all_pairs,positive,shared_protein_count,-0.0096634475399591,spearman,none,none,650,650,0,650,905,573,0,67,0,67,ok,,
transductive,repeat_01,1,42004010000,4,transductive_repeat_01_fold_04,transductive,all_pairs,positive,protein_jaccard,0.1317034699240079,spearman,none,none,650,650,0,650,905,573,0,67,0,67,ok,,
transductive,repeat_01,1,42004010000,4,transductive_repeat_01_fold_04,transductive,all_pairs,positive,shared_target_count,-0.1826056352832741,spearman,none,none,650,650,0,650,905,573,0,67,0,67,ok,,
transductive,repeat_01,1,42004010000,4,transductive_repeat_01_fold_04,transductive,all_pairs,positive,biological_shared_protein_count,-0.3043534813014452,spearman,none,none,650,650,0,650,905,573,0,67,0,67,ok,,
transductive,repeat_01,1,42004010000,4,transductive_repeat_01_fold_04,transductive,all_pairs,positive,protein_size_geomean,-0.1509770833031018,spearman,none,none,650,650,0,650,905,573,0,67,0,67,ok,,
transductive,repeat_01,1,42004010000,4,transductive_repeat_01_fold_04,transductive,all_pairs,negative,shared_protein_count,0.7199887989065554,spearman,none,none,650,650,0,650,291,650,3,0,3,0,ok,,
transductive,repeat_01,1,42004010000,4,transductive_repeat_01_fold_04,transductive,all_pairs,negative,protein_jaccard,0.6969395632430722,spearman,none,none,650,650,0,650,291,650,3,0,3,0,ok,,
transductive,repeat_01,1,42004010000,4,transductive_repeat_01_fold_04,transductive,all_pairs,negative,shared_target_count,0.1953493022722028,spearman,none,none,650,650,0,650,291,650,3,0,3,0,ok,,
transductive,repeat_01,1,42004010000,4,transductive_repeat_01_fold_04,transductive,all_pairs,negative,biological_shared_protein_count,0.1094755115911096,spearman,none,none,650,650,0,650,291,650,3,0,3,0,ok,,
transductive,repeat_01,1,42004010000,4,transductive_repeat_01_fold_04,transductive,all_pairs,negative,protein_size_geomean,0.4853031436131879,spearman,none,none,650,650,0,650,291,650,3,0,3,0,ok,,
transductive,repeat_01,1,42004010000,4,transductive_repeat_01_fold_04,transductive,both_have_targets,overall,shared_protein_count,0.7138600333900832,spearman,none,none,1144,1144,0,1144,888,1128,3,13,3,13,ok,,
transductive,repeat_01,1,42004010000,4,transductive_repeat_01_fold_04,transductive,both_have_targets,overall,protein_jaccard,0.6977508543587103,spearman,none,none,1144,1144,0,1144,888,1128,3,13,3,13,ok,,
transductive,repeat_01,1,42004010000,4,transductive_repeat_01_fold_04,transductive,both_have_targets,overall,shared_target_count,0.3056709498804187,spearman,none,none,1144,1144,0,1144,888,1128,3,13,3,13,ok,,
transductive,repeat_01,1,42004010000,4,transductive_repeat_01_fold_04,transductive,both_have_targets,overall,biological_shared_protein_count,0.1747740509939469,spearman,none,none,1144,1144,0,1144,888,1128,3,13,3,13,ok,,
transductive,repeat_01,1,42004010000,4,transductive_repeat_01_fold_04,transductive,both_have_targets,overall,protein_size_geomean,0.4944645946807188,spearman,none,none,1144,1144,0,1144,888,1128,3,13,3,13,ok,,
transductive,repeat_01,1,42004010000,4,transductive_repeat_01_fold_04,transductive,both_have_targets,positive,shared_protein_count,0.2186334646364691,spearman,none,none,494,494,0,494,716,478,0,13,0,13,ok,,
transductive,repeat_01,1,42004010000,4,transductive_repeat_01_fold_04,transductive,both_have_targets,positive,protein_jaccard,0.1538074626574342,spearman,none,none,494,494,0,494,716,478,0,13,0,13,ok,,
transductive,repeat_01,1,42004010000,4,transductive_repeat_01_fold_04,transductive,both_have_targets,positive,shared_target_count,0.0217800193003833,spearman,none,none,494,494,0,494,716,478,0,13,0,13,ok,,
transductive,repeat_01,1,42004010000,4,transductive_repeat_01_fold_04,transductive,both_have_targets,positive,biological_shared_protein_count,-0.0058586159308684,spearman,none,none,494,494,0,494,716,478,0,13,0,13,ok,,
transductive,repeat_01,1,42004010000,4,transductive_repeat_01_fold_04,transductive,both_have_targets,positive,protein_size_geomean,0.1209874791445279,spearman,none,none,494,494,0,494,716,478,0,13,0,13,ok,,
transductive,repeat_01,1,42004010000,4,transductive_repeat_01_fold_04,transductive,both_have_targets,negative,shared_protein_count,0.7199887989065554,spearman,none,none,650,650,0,650,291,650,3,0,3,0,ok,,
transductive,repeat_01,1,42004010000,4,transductive_repeat_01_fold_04,transductive,both_have_targets,negative,protein_jaccard,0.6969395632430722,spearman,none,none,650,650,0,650,291,650,3,0,3,0,ok,,
transductive,repeat_01,1,42004010000,4,transductive_repeat_01_fold_04,transductive,both_have_targets,negative,shared_target_count,0.1953493022722028,spearman,none,none,650,650,0,650,291,650,3,0,3,0,ok,,
transductive,repeat_01,1,42004010000,4,transductive_repeat_01_fold_04,transductive,both_have_targets,negative,biological_shared_protein_count,0.1094755115911096,spearman,none,none,650,650,0,650,291,650,3,0,3,0,ok,,
transductive,repeat_01,1,42004010000,4,transductive_repeat_01_fold_04,transductive,both_have_targets,negative,protein_size_geomean,0.4853031436131879,spearman,none,none,650,650,0,650,291,650,3,0,3,0,ok,,
transductive,repeat_01,1,42004010000,4,transductive_repeat_01_fold_04,transductive,all_pairs,overall,shared_protein_count,0.6165787323821403,partial_spearman,n_proteins_a|n_proteins_b,endpoint_columns,1300,1300,0,1300,1069,1223,3,67,3,67,ok,3.0,1297.0
transductive,repeat_01,1,42004010000,4,transductive_repeat_01_fold_04,transductive,all_pairs,overall,shared_protein_count,0.6244924792874272,partial_spearman,n_proteins_a|n_proteins_b,unordered_minmax,1300,1300,0,1300,1069,1223,3,67,3,67,ok,3.0,1297.0
transductive,repeat_01,1,42004010000,4,transductive_repeat_01_fold_04,transductive,all_pairs,overall,biological_shared_protein_count,0.1188183703207799,partial_spearman,n_biological_proteins_a|n_biological_proteins_b,endpoint_columns,1300,1300,0,1300,1069,1223,3,67,3,67,ok,3.0,1297.0
transductive,repeat_01,1,42004010000,4,transductive_repeat_01_fold_04,transductive,all_pairs,overall,biological_shared_protein_count,0.2111630867419694,partial_spearman,n_biological_proteins_a|n_biological_proteins_b,unordered_minmax,1300,1300,0,1300,1069,1223,3,67,3,67,ok,3.0,1297.0
transductive,repeat_01,1,42004010000,4,transductive_repeat_01_fold_04,transductive,all_pairs,overall,shared_target_count,0.2552154154943831,partial_spearman,n_targets_a|n_targets_b,endpoint_columns,1300,1300,0,1300,1069,1223,3,67,3,67,ok,3.0,1297.0
transductive,repeat_01,1,42004010000,4,transductive_repeat_01_fold_04,transductive,all_pairs,overall,shared_target_count,0.278549888048325,partial_spearman,n_targets_a|n_targets_b,unordered_minmax,1300,1300,0,1300,1069,1223,3,67,3,67,ok,3.0,1297.0
transductive,repeat_01,1,42004010000,4,transductive_repeat_01_fold_04,transductive,all_pairs,positive,shared_protein_count,0.239130072175459,partial_spearman,n_proteins_a|n_proteins_b,endpoint_columns,650,650,0,650,905,573,0,67,0,67,ok,3.0,647.0
transductive,repeat_01,1,42004010000,4,transductive_repeat_01_fold_04,transductive,all_pairs,positive,shared_protein_count,0.2998492773326512,partial_spearman,n_proteins_a|n_proteins_b,unordered_minmax,650,650,0,650,905,573,0,67,0,67,ok,3.0,647.0
transductive,repeat_01,1,42004010000,4,transductive_repeat_01_fold_04,transductive,all_pairs,positive,biological_shared_protein_count,-0.0629885445451899,partial_spearman,n_biological_proteins_a|n_biological_proteins_b,endpoint_columns,650,650,0,650,905,573,0,67,0,67,ok,3.0,647.0
transductive,repeat_01,1,42004010000,4,transductive_repeat_01_fold_04,transductive,all_pairs,positive,biological_shared_protein_count,0.018568202213309,partial_spearman,n_biological_proteins_a|n_biological_proteins_b,unordered_minmax,650,650,0,650,905,573,0,67,0,67,ok,3.0,647.0
transductive,repeat_01,1,42004010000,4,transductive_repeat_01_fold_04,transductive,all_pairs,positive,shared_target_count,0.0699267667261167,partial_spearman,n_targets_a|n_targets_b,endpoint_columns,650,650,0,650,905,573,0,67,0,67,ok,3.0,647.0
transductive,repeat_01,1,42004010000,4,transductive_repeat_01_fold_04,transductive,all_pairs,positive,shared_target_count,0.1126688387185836,partial_spearman,n_targets_a|n_targets_b,unordered_minmax,650,650,0,650,905,573,0,67,0,67,ok,3.0,647.0
transductive,repeat_01,1,42004010000,4,transductive_repeat_01_fold_04,transductive,all_pairs,negative,shared_protein_count,0.6730342406575673,partial_spearman,n_proteins_a|n_proteins_b,endpoint_columns,650,650,0,650,291,650,3,0,3,0,ok,3.0,647.0
transductive,repeat_01,1,42004010000,4,transductive_repeat_01_fold_04,transductive,all_pairs,negative,shared_protein_count,0.6350397119656543,partial_spearman,n_proteins_a|n_proteins_b,unordered_minmax,650,650,0,650,291,650,3,0,3,0,ok,3.0,647.0
transductive,repeat_01,1,42004010000,4,transductive_repeat_01_fold_04,transductive,all_pairs,negative,biological_shared_protein_count,0.1739460525645889,partial_spearman,n_biological_proteins_a|n_biological_proteins_b,endpoint_columns,650,650,0,650,291,650,3,0,3,0,ok,3.0,647.0
transductive,repeat_01,1,42004010000,4,transductive_repeat_01_fold_04,transductive,all_pairs,negative,biological_shared_protein_count,0.1656137252335691,partial_spearman,n_biological_proteins_a|n_biological_proteins_b,unordered_minmax,650,650,0,650,291,650,3,0,3,0,ok,3.0,647.0
transductive,repeat_01,1,42004010000,4,transductive_repeat_01_fold_04,transductive,all_pairs,negative,shared_target_count,0.1553452779292818,partial_spearman,n_targets_a|n_targets_b,endpoint_columns,650,650,0,650,291,650,3,0,3,0,ok,3.0,647.0
transductive,repeat_01,1,42004010000,4,transductive_repeat_01_fold_04,transductive,all_pairs,negative,shared_target_count,0.1452853480172242,partial_spearman,n_targets_a|n_targets_b,unordered_minmax,650,650,0,650,291,650,3,0,3,0,ok,3.0,647.0
transductive,repeat_01,1,42004010000,4,transductive_repeat_01_fold_04,transductive,both_have_targets,overall,shared_protein_count,0.6540364501226196,partial_spearman,n_proteins_a|n_proteins_b,endpoint_columns,1144,1144,0,1144,888,1128,3,13,3,13,ok,3.0,1141.0
transductive,repeat_01,1,42004010000,4,transductive_repeat_01_fold_04,transductive,both_have_targets,overall,shared_protein_count,0.643545533980333,partial_spearman,n_proteins_a|n_proteins_b,unordered_minmax,1144,1144,0,1144,888,1128,3,13,3,13,ok,3.0,1141.0
transductive,repeat_01,1,42004010000,4,transductive_repeat_01_fold_04,transductive,both_have_targets,overall,biological_shared_protein_count,0.2504199048761305,partial_spearman,n_biological_proteins_a|n_biological_proteins_b,endpoint_columns,1144,1144,0,1144,888,1128,3,13,3,13,ok,3.0,1141.0
transductive,repeat_01,1,42004010000,4,transductive_repeat_01_fold_04,transductive,both_have_targets,overall,biological_shared_protein_count,0.2606437679470805,partial_spearman,n_biological_proteins_a|n_biological_proteins_b,unordered_minmax,1144,1144,0,1144,888,1128,3,13,3,13,ok,3.0,1141.0
transductive,repeat_01,1,42004010000,4,transductive_repeat_01_fold_04,transductive,both_have_targets,overall,shared_target_count,0.2835261665789761,partial_spearman,n_targets_a|n_targets_b,endpoint_columns,1144,1144,0,1144,888,1128,3,13,3,13,ok,3.0,1141.0
transductive,repeat_01,1,42004010000,4,transductive_repeat_01_fold_04,transductive,both_have_targets,overall,shared_target_count,0.2759753284371193,partial_spearman,n_targets_a|n_targets_b,unordered_minmax,1144,1144,0,1144,888,1128,3,13,3,13,ok,3.0,1141.0
transductive,repeat_01,1,42004010000,4,transductive_repeat_01_fold_04,transductive,both_have_targets,positive,shared_protein_count,0.2102811743503279,partial_spearman,n_proteins_a|n_proteins_b,endpoint_columns,494,494,0,494,716,478,0,13,0,13,ok,3.0,491.0
transductive,repeat_01,1,42004010000,4,transductive_repeat_01_fold_04,transductive,both_have_targets,positive,shared_protein_count,0.2393237606313152,partial_spearman,n_proteins_a|n_proteins_b,unordered_minmax,494,494,0,494,716,478,0,13,0,13,ok,3.0,491.0
transductive,repeat_01,1,42004010000,4,transductive_repeat_01_fold_04,transductive,both_have_targets,positive,biological_shared_protein_count,0.0274354699870469,partial_spearman,n_biological_proteins_a|n_biological_proteins_b,endpoint_columns,494,494,0,494,716,478,0,13,0,13,ok,3.0,491.0
transductive,repeat_01,1,42004010000,4,transductive_repeat_01_fold_04,transductive,both_have_targets,positive,biological_shared_protein_count,0.0267168628005765,partial_spearman,n_biological_proteins_a|n_biological_proteins_b,unordered_minmax,494,494,0,494,716,478,0,13,0,13,ok,3.0,491.0
transductive,repeat_01,1,42004010000,4,transductive_repeat_01_fold_04,transductive,both_have_targets,positive,shared_target_count,0.0670404505447788,partial_spearman,n_targets_a|n_targets_b,endpoint_columns,494,494,0,494,716,478,0,13,0,13,ok,3.0,491.0
transductive,repeat_01,1,42004010000,4,transductive_repeat_01_fold_04,transductive,both_have_targets,positive,shared_target_count,0.0805600399965689,partial_spearman,n_targets_a|n_targets_b,unordered_minmax,494,494,0,494,716,478,0,13,0,13,ok,3.0,491.0
transductive,repeat_01,1,42004010000,4,transductive_repeat_01_fold_04,transductive,both_have_targets,negative,shared_protein_count,0.6730342406575673,partial_spearman,n_proteins_a|n_proteins_b,endpoint_columns,650,650,0,650,291,650,3,0,3,0,ok,3.0,647.0
transductive,repeat_01,1,42004010000,4,transductive_repeat_01_fold_04,transductive,both_have_targets,negative,shared_protein_count,0.6350397119656543,partial_spearman,n_proteins_a|n_proteins_b,unordered_minmax,650,650,0,650,291,650,3,0,3,0,ok,3.0,647.0
transductive,repeat_01,1,42004010000,4,transductive_repeat_01_fold_04,transductive,both_have_targets,negative,biological_shared_protein_count,0.1739460525645889,partial_spearman,n_biological_proteins_a|n_biological_proteins_b,endpoint_columns,650,650,0,650,291,650,3,0,3,0,ok,3.0,647.0
transductive,repeat_01,1,42004010000,4,transductive_repeat_01_fold_04,transductive,both_have_targets,negative,biological_shared_protein_count,0.1656137252335691,partial_spearman,n_biological_proteins_a|n_biological_proteins_b,unordered_minmax,650,650,0,650,291,650,3,0,3,0,ok,3.0,647.0
transductive,repeat_01,1,42004010000,4,transductive_repeat_01_fold_04,transductive,both_have_targets,negative,shared_target_count,0.1553452779292818,partial_spearman,n_targets_a|n_targets_b,endpoint_columns,650,650,0,650,291,650,3,0,3,0,ok,3.0,647.0
transductive,repeat_01,1,42004010000,4,transductive_repeat_01_fold_04,transductive,both_have_targets,negative,shared_target_count,0.1452853480172242,partial_spearman,n_targets_a|n_targets_b,unordered_minmax,650,650,0,650,291,650,3,0,3,0,ok,3.0,647.0
transductive,repeat_01,1,42004010000,4,transductive_repeat_01_fold_04,transductive,all_pairs,overall,biological_shared_protein_count,0.2414426918638487,partial_spearman,n_biological_proteins_a|n_biological_proteins_b|either_biological_size_zero,endpoint_columns_plus_zero,1300,1300,0,1300,1069,1223,3,67,3,67,ok,4.0,1296.0
transductive,repeat_01,1,42004010000,4,transductive_repeat_01_fold_04,transductive,all_pairs,overall,biological_shared_protein_count,0.2479456982438606,partial_spearman,n_biological_proteins_a|n_biological_proteins_b|either_biological_size_zero,unordered_minmax_plus_zero,1300,1300,0,1300,1069,1223,3,67,3,67,ok,4.0,1296.0
transductive,repeat_02,2,42000020000,0,transductive_repeat_02_fold_00,transductive,all_pairs,overall,shared_protein_count,0.6226345510974296,spearman,none,none,1300,1300,0,1300,1054,1211,5,79,5,79,ok,,
transductive,repeat_02,2,42000020000,0,transductive_repeat_02_fold_00,transductive,all_pairs,overall,protein_jaccard,0.6659964623252984,spearman,none,none,1300,1300,0,1300,1054,1211,5,79,5,79,ok,,
transductive,repeat_02,2,42000020000,0,transductive_repeat_02_fold_00,transductive,all_pairs,overall,shared_target_count,0.2305324500027247,spearman,none,none,1300,1300,0,1300,1054,1211,5,79,5,79,ok,,
transductive,repeat_02,2,42000020000,0,transductive_repeat_02_fold_00,transductive,all_pairs,overall,biological_shared_protein_count,-0.028703396314168,spearman,none,none,1300,1300,0,1300,1054,1211,5,79,5,79,ok,,
transductive,repeat_02,2,42000020000,0,transductive_repeat_02_fold_00,transductive,all_pairs,overall,protein_size_geomean,0.3468536936442393,spearman,none,none,1300,1300,0,1300,1054,1211,5,79,5,79,ok,,
transductive,repeat_02,2,42000020000,0,transductive_repeat_02_fold_00,transductive,all_pairs,positive,shared_protein_count,0.0051697055509689,spearman,none,none,650,650,0,650,899,563,0,78,0,78,ok,,
transductive,repeat_02,2,42000020000,0,transductive_repeat_02_fold_00,transductive,all_pairs,positive,protein_jaccard,0.135139280984015,spearman,none,none,650,650,0,650,899,563,0,78,0,78,ok,,
transductive,repeat_02,2,42000020000,0,transductive_repeat_02_fold_00,transductive,all_pairs,positive,shared_target_count,-0.1104869346319584,spearman,none,none,650,650,0,650,899,563,0,78,0,78,ok,,
transductive,repeat_02,2,42000020000,0,transductive_repeat_02_fold_00,transductive,all_pairs,positive,biological_shared_protein_count,-0.2127679881301876,spearman,none,none,650,650,0,650,899,563,0,78,0,78,ok,,
transductive,repeat_02,2,42000020000,0,transductive_repeat_02_fold_00,transductive,all_pairs,positive,protein_size_geomean,-0.1062491517271576,spearman,none,none,650,650,0,650,899,563,0,78,0,78,ok,,
transductive,repeat_02,2,42000020000,0,transductive_repeat_02_fold_00,transductive,all_pairs,negative,shared_protein_count,0.7446739963392099,spearman,none,none,650,650,0,650,288,650,5,1,5,1,ok,,
transductive,repeat_02,2,42000020000,0,transductive_repeat_02_fold_00,transductive,all_pairs,negative,protein_jaccard,0.7196446679935148,spearman,none,none,650,650,0,650,288,650,5,1,5,1,ok,,
transductive,repeat_02,2,42000020000,0,transductive_repeat_02_fold_00,transductive,all_pairs,negative,shared_target_count,0.299433760984328,spearman,none,none,650,650,0,650,288,650,5,1,5,1,ok,,
transductive,repeat_02,2,42000020000,0,transductive_repeat_02_fold_00,transductive,all_pairs,negative,biological_shared_protein_count,0.152318089318064,spearman,none,none,650,650,0,650,288,650,5,1,5,1,ok,,
transductive,repeat_02,2,42000020000,0,transductive_repeat_02_fold_00,transductive,all_pairs,negative,protein_size_geomean,0.4562929083632924,spearman,none,none,650,650,0,650,288,650,5,1,5,1,ok,,
transductive,repeat_02,2,42000020000,0,transductive_repeat_02_fold_00,transductive,both_have_targets,overall,shared_protein_count,0.7481612966492016,spearman,none,none,1133,1133,0,1133,845,1100,5,27,5,27,ok,,
transductive,repeat_02,2,42000020000,0,transductive_repeat_02_fold_00,transductive,both_have_targets,overall,protein_jaccard,0.7155223739652335,spearman,none,none,1133,1133,0,1133,845,1100,5,27,5,27,ok,,
transductive,repeat_02,2,42000020000,0,transductive_repeat_02_fold_00,transductive,both_have_targets,overall,shared_target_count,0.397905991432012,spearman,none,none,1133,1133,0,1133,845,1100,5,27,5,27,ok,,
transductive,repeat_02,2,42000020000,0,transductive_repeat_02_fold_00,transductive,both_have_targets,overall,biological_shared_protein_count,0.2467415835382745,spearman,none,none,1133,1133,0,1133,845,1100,5,27,5,27,ok,,
transductive,repeat_02,2,42000020000,0,transductive_repeat_02_fold_00,transductive,both_have_targets,overall,protein_size_geomean,0.5117939129860465,spearman,none,none,1133,1133,0,1133,845,1100,5,27,5,27,ok,,
transductive,repeat_02,2,42000020000,0,transductive_repeat_02_fold_00,transductive,both_have_targets,positive,shared_protein_count,0.242315043454109,spearman,none,none,483,483,0,483,680,452,0,26,0,26,ok,,
transductive,repeat_02,2,42000020000,0,transductive_repeat_02_fold_00,transductive,both_have_targets,positive,protein_jaccard,0.1514316299926468,spearman,none,none,483,483,0,483,680,452,0,26,0,26,ok,,
transductive,repeat_02,2,42000020000,0,transductive_repeat_02_fold_00,transductive,both_have_targets,positive,shared_target_count,0.0785339231232072,spearman,none,none,483,483,0,483,680,452,0,26,0,26,ok,,
transductive,repeat_02,2,42000020000,0,transductive_repeat_02_fold_00,transductive,both_have_targets,positive,biological_shared_protein_count,0.0652956142816084,spearman,none,none,483,483,0,483,680,452,0,26,0,26,ok,,
transductive,repeat_02,2,42000020000,0,transductive_repeat_02_fold_00,transductive,both_have_targets,positive,protein_size_geomean,0.1643478146640474,spearman,none,none,483,483,0,483,680,452,0,26,0,26,ok,,
transductive,repeat_02,2,42000020000,0,transductive_repeat_02_fold_00,transductive,both_have_targets,negative,shared_protein_count,0.7446739963392099,spearman,none,none,650,650,0,650,288,650,5,1,5,1,ok,,
transductive,repeat_02,2,42000020000,0,transductive_repeat_02_fold_00,transductive,both_have_targets,negative,protein_jaccard,0.7196446679935148,spearman,none,none,650,650,0,650,288,650,5,1,5,1,ok,,
transductive,repeat_02,2,42000020000,0,transductive_repeat_02_fold_00,transductive,both_have_targets,negative,shared_target_count,0.299433760984328,spearman,none,none,650,650,0,650,288,650,5,1,5,1,ok,,
transductive,repeat_02,2,42000020000,0,transductive_repeat_02_fold_00,transductive,both_have_targets,negative,biological_shared_protein_count,0.152318089318064,spearman,none,none,650,650,0,650,288,650,5,1,5,1,ok,,
transductive,repeat_02,2,42000020000,0,transductive_repeat_02_fold_00,transductive,both_have_targets,negative,protein_size_geomean,0.4562929083632924,spearman,none,none,650,650,0,650,288,650,5,1,5,1,ok,,
transductive,repeat_02,2,42000020000,0,transductive_repeat_02_fold_00,transductive,all_pairs,overall,shared_protein_count,0.6439810340390433,partial_spearman,n_proteins_a|n_proteins_b,endpoint_columns,1300,1300,0,1300,1054,1211,5,79,5,79,ok,3.0,1297.0
transductive,repeat_02,2,42000020000,0,transductive_repeat_02_fold_00,transductive,all_pairs,overall,shared_protein_count,0.6309087300123782,partial_spearman,n_proteins_a|n_proteins_b,unordered_minmax,1300,1300,0,1300,1054,1211,5,79,5,79,ok,3.0,1297.0
transductive,repeat_02,2,42000020000,0,transductive_repeat_02_fold_00,transductive,all_pairs,overall,biological_shared_protein_count,0.1735383320696948,partial_spearman,n_biological_proteins_a|n_biological_proteins_b,endpoint_columns,1300,1300,0,1300,1054,1211,5,79,5,79,ok,3.0,1297.0
transductive,repeat_02,2,42000020000,0,transductive_repeat_02_fold_00,transductive,all_pairs,overall,biological_shared_protein_count,0.249831946883137,partial_spearman,n_biological_proteins_a|n_biological_proteins_b,unordered_minmax,1300,1300,0,1300,1054,1211,5,79,5,79,ok,3.0,1297.0
transductive,repeat_02,2,42000020000,0,transductive_repeat_02_fold_00,transductive,all_pairs,overall,shared_target_count,0.3239468272298837,partial_spearman,n_targets_a|n_targets_b,endpoint_columns,1300,1300,0,1300,1054,1211,5,79,5,79,ok,3.0,1297.0
transductive,repeat_02,2,42000020000,0,transductive_repeat_02_fold_00,transductive,all_pairs,overall,shared_target_count,0.3474955873761352,partial_spearman,n_targets_a|n_targets_b,unordered_minmax,1300,1300,0,1300,1054,1211,5,79,5,79,ok,3.0,1297.0
transductive,repeat_02,2,42000020000,0,transductive_repeat_02_fold_00,transductive,all_pairs,positive,shared_protein_count,0.2055821743224992,partial_spearman,n_proteins_a|n_proteins_b,endpoint_columns,650,650,0,650,899,563,0,78,0,78,ok,3.0,647.0
transductive,repeat_02,2,42000020000,0,transductive_repeat_02_fold_00,transductive,all_pairs,positive,shared_protein_count,0.2645789236449272,partial_spearman,n_proteins_a|n_proteins_b,unordered_minmax,650,650,0,650,899,563,0,78,0,78,ok,3.0,647.0
transductive,repeat_02,2,42000020000,0,transductive_repeat_02_fold_00,transductive,all_pairs,positive,biological_shared_protein_count,-0.0214806908528416,partial_spearman,n_biological_proteins_a|n_biological_proteins_b,endpoint_columns,650,650,0,650,899,563,0,78,0,78,ok,3.0,647.0
transductive,repeat_02,2,42000020000,0,transductive_repeat_02_fold_00,transductive,all_pairs,positive,biological_shared_protein_count,0.052309019719398,partial_spearman,n_biological_proteins_a|n_biological_proteins_b,unordered_minmax,650,650,0,650,899,563,0,78,0,78,ok,3.0,647.0
transductive,repeat_02,2,42000020000,0,transductive_repeat_02_fold_00,transductive,all_pairs,positive,shared_target_count,0.0966106501957986,partial_spearman,n_targets_a|n_targets_b,endpoint_columns,650,650,0,650,899,563,0,78,0,78,ok,3.0,647.0
transductive,repeat_02,2,42000020000,0,transductive_repeat_02_fold_00,transductive,all_pairs,positive,shared_target_count,0.1412247496024312,partial_spearman,n_targets_a|n_targets_b,unordered_minmax,650,650,0,650,899,563,0,78,0,78,ok,3.0,647.0
transductive,repeat_02,2,42000020000,0,transductive_repeat_02_fold_00,transductive,all_pairs,negative,shared_protein_count,0.7230780310454735,partial_spearman,n_proteins_a|n_proteins_b,endpoint_columns,650,650,0,650,288,650,5,1,5,1,ok,3.0,647.0
transductive,repeat_02,2,42000020000,0,transductive_repeat_02_fold_00,transductive,all_pairs,negative,shared_protein_count,0.6836275018184488,partial_spearman,n_proteins_a|n_proteins_b,unordered_minmax,650,650,0,650,288,650,5,1,5,1,ok,3.0,647.0
transductive,repeat_02,2,42000020000,0,transductive_repeat_02_fold_00,transductive,all_pairs,negative,biological_shared_protein_count,0.2294702197070372,partial_spearman,n_biological_proteins_a|n_biological_proteins_b,endpoint_columns,650,650,0,650,288,650,5,1,5,1,ok,3.0,647.0
transductive,repeat_02,2,42000020000,0,transductive_repeat_02_fold_00,transductive,all_pairs,negative,biological_shared_protein_count,0.2137275174569465,partial_spearman,n_biological_proteins_a|n_biological_proteins_b,unordered_minmax,650,650,0,650,288,650,5,1,5,1,ok,3.0,647.0
transductive,repeat_02,2,42000020000,0,transductive_repeat_02_fold_00,transductive,all_pairs,negative,shared_target_count,0.2639575204281773,partial_spearman,n_targets_a|n_targets_b,endpoint_columns,650,650,0,650,288,650,5,1,5,1,ok,3.0,647.0
transductive,repeat_02,2,42000020000,0,transductive_repeat_02_fold_00,transductive,all_pairs,negative,shared_target_count,0.2505745391355446,partial_spearman,n_targets_a|n_targets_b,unordered_minmax,650,650,0,650,288,650,5,1,5,1,ok,3.0,647.0
transductive,repeat_02,2,42000020000,0,transductive_repeat_02_fold_00,transductive,both_have_targets,overall,shared_protein_count,0.6926359724076538,partial_spearman,n_proteins_a|n_proteins_b,endpoint_columns,1133,1133,0,1133,845,1100,5,27,5,27,ok,3.0,1130.0
transductive,repeat_02,2,42000020000,0,transductive_repeat_02_fold_00,transductive,both_have_targets,overall,shared_protein_count,0.6699510722692896,partial_spearman,n_proteins_a|n_proteins_b,unordered_minmax,1133,1133,0,1133,845,1100,5,27,5,27,ok,3.0,1130.0
transductive,repeat_02,2,42000020000,0,transductive_repeat_02_fold_00,transductive,both_have_targets,overall,biological_shared_protein_count,0.2968020139421248,partial_spearman,n_biological_proteins_a|n_biological_proteins_b,endpoint_columns,1133,1133,0,1133,845,1100,5,27,5,27,ok,3.0,1130.0
transductive,repeat_02,2,42000020000,0,transductive_repeat_02_fold_00,transductive,both_have_targets,overall,biological_shared_protein_count,0.3030688363270072,partial_spearman,n_biological_proteins_a|n_biological_proteins_b,unordered_minmax,1133,1133,0,1133,845,1100,5,27,5,27,ok,3.0,1130.0
transductive,repeat_02,2,42000020000,0,transductive_repeat_02_fold_00,transductive,both_have_targets,overall,shared_target_count,0.3637396433997038,partial_spearman,n_targets_a|n_targets_b,endpoint_columns,1133,1133,0,1133,845,1100,5,27,5,27,ok,3.0,1130.0
transductive,repeat_02,2,42000020000,0,transductive_repeat_02_fold_00,transductive,both_have_targets,overall,shared_target_count,0.3647180662198924,partial_spearman,n_targets_a|n_targets_b,unordered_minmax,1133,1133,0,1133,845,1100,5,27,5,27,ok,3.0,1130.0
transductive,repeat_02,2,42000020000,0,transductive_repeat_02_fold_00,transductive,both_have_targets,positive,shared_protein_count,0.1870183294948397,partial_spearman,n_proteins_a|n_proteins_b,endpoint_columns,483,483,0,483,680,452,0,26,0,26,ok,3.0,480.0
transductive,repeat_02,2,42000020000,0,transductive_repeat_02_fold_00,transductive,both_have_targets,positive,shared_protein_count,0.2127665257272551,partial_spearman,n_proteins_a|n_proteins_b,unordered_minmax,483,483,0,483,680,452,0,26,0,26,ok,3.0,480.0
transductive,repeat_02,2,42000020000,0,transductive_repeat_02_fold_00,transductive,both_have_targets,positive,biological_shared_protein_count,0.0405860235575191,partial_spearman,n_biological_proteins_a|n_biological_proteins_b,endpoint_columns,483,483,0,483,680,452,0,26,0,26,ok,3.0,480.0
transductive,repeat_02,2,42000020000,0,transductive_repeat_02_fold_00,transductive,both_have_targets,positive,biological_shared_protein_count,0.0748814976113773,partial_spearman,n_biological_proteins_a|n_biological_proteins_b,unordered_minmax,483,483,0,483,680,452,0,26,0,26,ok,3.0,480.0
transductive,repeat_02,2,42000020000,0,transductive_repeat_02_fold_00,transductive,both_have_targets,positive,shared_target_count,0.1055272528224301,partial_spearman,n_targets_a|n_targets_b,endpoint_columns,483,483,0,483,680,452,0,26,0,26,ok,3.0,480.0
transductive,repeat_02,2,42000020000,0,transductive_repeat_02_fold_00,transductive,both_have_targets,positive,shared_target_count,0.1385872096638552,partial_spearman,n_targets_a|n_targets_b,unordered_minmax,483,483,0,483,680,452,0,26,0,26,ok,3.0,480.0
transductive,repeat_02,2,42000020000,0,transductive_repeat_02_fold_00,transductive,both_have_targets,negative,shared_protein_count,0.7230780310454735,partial_spearman,n_proteins_a|n_proteins_b,endpoint_columns,650,650,0,650,288,650,5,1,5,1,ok,3.0,647.0
transductive,repeat_02,2,42000020000,0,transductive_repeat_02_fold_00,transductive,both_have_targets,negative,shared_protein_count,0.6836275018184488,partial_spearman,n_proteins_a|n_proteins_b,unordered_minmax,650,650,0,650,288,650,5,1,5,1,ok,3.0,647.0
transductive,repeat_02,2,42000020000,0,transductive_repeat_02_fold_00,transductive,both_have_targets,negative,biological_shared_protein_count,0.2294702197070372,partial_spearman,n_biological_proteins_a|n_biological_proteins_b,endpoint_columns,650,650,0,650,288,650,5,1,5,1,ok,3.0,647.0
transductive,repeat_02,2,42000020000,0,transductive_repeat_02_fold_00,transductive,both_have_targets,negative,biological_shared_protein_count,0.2137275174569465,partial_spearman,n_biological_proteins_a|n_biological_proteins_b,unordered_minmax,650,650,0,650,288,650,5,1,5,1,ok,3.0,647.0
transductive,repeat_02,2,42000020000,0,transductive_repeat_02_fold_00,transductive,both_have_targets,negative,shared_target_count,0.2639575204281773,partial_spearman,n_targets_a|n_targets_b,endpoint_columns,650,650,0,650,288,650,5,1,5,1,ok,3.0,647.0
transductive,repeat_02,2,42000020000,0,transductive_repeat_02_fold_00,transductive,both_have_targets,negative,shared_target_count,0.2505745391355446,partial_spearman,n_targets_a|n_targets_b,unordered_minmax,650,650,0,650,288,650,5,1,5,1,ok,3.0,647.0
transductive,repeat_02,2,42000020000,0,transductive_repeat_02_fold_00,transductive,all_pairs,overall,biological_shared_protein_count,0.2971990836002204,partial_spearman,n_biological_proteins_a|n_biological_proteins_b|either_biological_size_zero,endpoint_columns_plus_zero,1300,1300,0,1300,1054,1211,5,79,5,79,ok,4.0,1296.0
transductive,repeat_02,2,42000020000,0,transductive_repeat_02_fold_00,transductive,all_pairs,overall,biological_shared_protein_count,0.2969238299700659,partial_spearman,n_biological_proteins_a|n_biological_proteins_b|either_biological_size_zero,unordered_minmax_plus_zero,1300,1300,0,1300,1054,1211,5,79,5,79,ok,4.0,1296.0
transductive,repeat_02,2,42001020000,1,transductive_repeat_02_fold_01,transductive,all_pairs,overall,shared_protein_count,0.6563543689679338,spearman,none,none,1300,1300,0,1300,1097,1254,5,45,5,45,ok,,
transductive,repeat_02,2,42001020000,1,transductive_repeat_02_fold_01,transductive,all_pairs,overall,protein_jaccard,0.6790816912089934,spearman,none,none,1300,1300,0,1300,1097,1254,5,45,5,45,ok,,
transductive,repeat_02,2,42001020000,1,transductive_repeat_02_fold_01,transductive,all_pairs,overall,shared_target_count,0.1351012723334623,spearman,none,none,1300,1300,0,1300,1097,1254,5,45,5,45,ok,,
transductive,repeat_02,2,42001020000,1,transductive_repeat_02_fold_01,transductive,all_pairs,overall,biological_shared_protein_count,-0.0896673017310267,spearman,none,none,1300,1300,0,1300,1097,1254,5,45,5,45,ok,,
transductive,repeat_02,2,42001020000,1,transductive_repeat_02_fold_01,transductive,all_pairs,overall,protein_size_geomean,0.4041289167672953,spearman,none,none,1300,1300,0,1300,1097,1254,5,45,5,45,ok,,
transductive,repeat_02,2,42001020000,1,transductive_repeat_02_fold_01,transductive,all_pairs,positive,shared_protein_count,0.1022663870273826,spearman,none,none,650,650,0,650,934,604,0,45,0,45,ok,,
transductive,repeat_02,2,42001020000,1,transductive_repeat_02_fold_01,transductive,all_pairs,positive,protein_jaccard,0.2019574846010712,spearman,none,none,650,650,0,650,934,604,0,45,0,45,ok,,
transductive,repeat_02,2,42001020000,1,transductive_repeat_02_fold_01,transductive,all_pairs,positive,shared_target_count,-0.130795743430269,spearman,none,none,650,650,0,650,934,604,0,45,0,45,ok,,
transductive,repeat_02,2,42001020000,1,transductive_repeat_02_fold_01,transductive,all_pairs,positive,biological_shared_protein_count,-0.2812216399248764,spearman,none,none,650,650,0,650,934,604,0,45,0,45,ok,,
transductive,repeat_02,2,42001020000,1,transductive_repeat_02_fold_01,transductive,all_pairs,positive,protein_size_geomean,-0.0336676039648139,spearman,none,none,650,650,0,650,934,604,0,45,0,45,ok,,
transductive,repeat_02,2,42001020000,1,transductive_repeat_02_fold_01,transductive,all_pairs,negative,shared_protein_count,0.7838123077201277,spearman,none,none,650,650,0,650,293,650,5,0,5,0,ok,,
transductive,repeat_02,2,42001020000,1,transductive_repeat_02_fold_01,transductive,all_pairs,negative,protein_jaccard,0.723527821742107,spearman,none,none,650,650,0,650,293,650,5,0,5,0,ok,,
transductive,repeat_02,2,42001020000,1,transductive_repeat_02_fold_01,transductive,all_pairs,negative,shared_target_count,0.218528073762492,spearman,none,none,650,650,0,650,293,650,5,0,5,0,ok,,
transductive,repeat_02,2,42001020000,1,transductive_repeat_02_fold_01,transductive,all_pairs,negative,biological_shared_protein_count,0.1464589428525217,spearman,none,none,650,650,0,650,293,650,5,0,5,0,ok,,
transductive,repeat_02,2,42001020000,1,transductive_repeat_02_fold_01,transductive,all_pairs,negative,protein_size_geomean,0.5725672125887905,spearman,none,none,650,650,0,650,293,650,5,0,5,0,ok,,
transductive,repeat_02,2,42001020000,1,transductive_repeat_02_fold_01,transductive,both_have_targets,overall,shared_protein_count,0.7828107591715285,spearman,none,none,1129,1129,0,1129,874,1127,5,3,5,3,ok,,
transductive,repeat_02,2,42001020000,1,transductive_repeat_02_fold_01,transductive,both_have_targets,overall,protein_jaccard,0.7509585638369589,spearman,none,none,1129,1129,0,1129,874,1127,5,3,5,3,ok,,
transductive,repeat_02,2,42001020000,1,transductive_repeat_02_fold_01,transductive,both_have_targets,overall,shared_target_count,0.3023786954903132,spearman,none,none,1129,1129,0,1129,874,1127,5,3,5,3,ok,,
transductive,repeat_02,2,42001020000,1,transductive_repeat_02_fold_01,transductive,both_have_targets,overall,biological_shared_protein_count,0.1985779496199463,spearman,none,none,1129,1129,0,1129,874,1127,5,3,5,3,ok,,
transductive,repeat_02,2,42001020000,1,transductive_repeat_02_fold_01,transductive,both_have_targets,overall,protein_size_geomean,0.5756106540157834,spearman,none,none,1129,1129,0,1129,874,1127,5,3,5,3,ok,,
transductive,repeat_02,2,42001020000,1,transductive_repeat_02_fold_01,transductive,both_have_targets,positive,shared_protein_count,0.3626880631769067,spearman,none,none,479,479,0,479,704,477,0,3,0,3,ok,,
transductive,repeat_02,2,42001020000,1,transductive_repeat_02_fold_01,transductive,both_have_targets,positive,protein_jaccard,0.273487115054805,spearman,none,none,479,479,0,479,704,477,0,3,0,3,ok,,
transductive,repeat_02,2,42001020000,1,transductive_repeat_02_fold_01,transductive,both_have_targets,positive,shared_target_count,0.0888893347980625,spearman,none,none,479,479,0,479,704,477,0,3,0,3,ok,,
transductive,repeat_02,2,42001020000,1,transductive_repeat_02_fold_01,transductive,both_have_targets,positive,biological_shared_protein_count,0.0535649129827418,spearman,none,none,479,479,0,479,704,477,0,3,0,3,ok,,
transductive,repeat_02,2,42001020000,1,transductive_repeat_02_fold_01,transductive,both_have_targets,positive,protein_size_geomean,0.2829703491158319,spearman,none,none,479,479,0,479,704,477,0,3,0,3,ok,,
transductive,repeat_02,2,42001020000,1,transductive_repeat_02_fold_01,transductive,both_have_targets,negative,shared_protein_count,0.7838123077201277,spearman,none,none,650,650,0,650,293,650,5,0,5,0,ok,,
transductive,repeat_02,2,42001020000,1,transductive_repeat_02_fold_01,transductive,both_have_targets,negative,protein_jaccard,0.723527821742107,spearman,none,none,650,650,0,650,293,650,5,0,5,0,ok,,
transductive,repeat_02,2,42001020000,1,transductive_repeat_02_fold_01,transductive,both_have_targets,negative,shared_target_count,0.218528073762492,spearman,none,none,650,650,0,650,293,650,5,0,5,0,ok,,
transductive,repeat_02,2,42001020000,1,transductive_repeat_02_fold_01,transductive,both_have_targets,negative,biological_shared_protein_count,0.1464589428525217,spearman,none,none,650,650,0,650,293,650,5,0,5,0,ok,,
transductive,repeat_02,2,42001020000,1,transductive_repeat_02_fold_01,transductive,both_have_targets,negative,protein_size_geomean,0.5725672125887905,spearman,none,none,650,650,0,650,293,650,5,0,5,0,ok,,
transductive,repeat_02,2,42001020000,1,transductive_repeat_02_fold_01,transductive,all_pairs,overall,shared_protein_count,0.6394302419075244,partial_spearman,n_proteins_a|n_proteins_b,endpoint_columns,1300,1300,0,1300,1097,1254,5,45,5,45,ok,3.0,1297.0
transductive,repeat_02,2,42001020000,1,transductive_repeat_02_fold_01,transductive,all_pairs,overall,shared_protein_count,0.6252212407279346,partial_spearman,n_proteins_a|n_proteins_b,unordered_minmax,1300,1300,0,1300,1097,1254,5,45,5,45,ok,3.0,1297.0
transductive,repeat_02,2,42001020000,1,transductive_repeat_02_fold_01,transductive,all_pairs,overall,biological_shared_protein_count,0.101239199507107,partial_spearman,n_biological_proteins_a|n_biological_proteins_b,endpoint_columns,1300,1300,0,1300,1097,1254,5,45,5,45,ok,3.0,1297.0
transductive,repeat_02,2,42001020000,1,transductive_repeat_02_fold_01,transductive,all_pairs,overall,biological_shared_protein_count,0.1796967500151338,partial_spearman,n_biological_proteins_a|n_biological_proteins_b,unordered_minmax,1300,1300,0,1300,1097,1254,5,45,5,45,ok,3.0,1297.0
transductive,repeat_02,2,42001020000,1,transductive_repeat_02_fold_01,transductive,all_pairs,overall,shared_target_count,0.2028547550218001,partial_spearman,n_targets_a|n_targets_b,endpoint_columns,1300,1300,0,1300,1097,1254,5,45,5,45,ok,3.0,1297.0
transductive,repeat_02,2,42001020000,1,transductive_repeat_02_fold_01,transductive,all_pairs,overall,shared_target_count,0.235365824585135,partial_spearman,n_targets_a|n_targets_b,unordered_minmax,1300,1300,0,1300,1097,1254,5,45,5,45,ok,3.0,1297.0
transductive,repeat_02,2,42001020000,1,transductive_repeat_02_fold_01,transductive,all_pairs,positive,shared_protein_count,0.2339794091967867,partial_spearman,n_proteins_a|n_proteins_b,endpoint_columns,650,650,0,650,934,604,0,45,0,45,ok,3.0,647.0
transductive,repeat_02,2,42001020000,1,transductive_repeat_02_fold_01,transductive,all_pairs,positive,shared_protein_count,0.2804330841213319,partial_spearman,n_proteins_a|n_proteins_b,unordered_minmax,650,650,0,650,934,604,0,45,0,45,ok,3.0,647.0
transductive,repeat_02,2,42001020000,1,transductive_repeat_02_fold_01,transductive,all_pairs,positive,biological_shared_protein_count,-0.0628449463581033,partial_spearman,n_biological_proteins_a|n_biological_proteins_b,endpoint_columns,650,650,0,650,934,604,0,45,0,45,ok,3.0,647.0
transductive,repeat_02,2,42001020000,1,transductive_repeat_02_fold_01,transductive,all_pairs,positive,biological_shared_protein_count,0.0201255026117227,partial_spearman,n_biological_proteins_a|n_biological_proteins_b,unordered_minmax,650,650,0,650,934,604,0,45,0,45,ok,3.0,647.0
transductive,repeat_02,2,42001020000,1,transductive_repeat_02_fold_01,transductive,all_pairs,positive,shared_target_count,0.0402721715157563,partial_spearman,n_targets_a|n_targets_b,endpoint_columns,650,650,0,650,934,604,0,45,0,45,ok,3.0,647.0
transductive,repeat_02,2,42001020000,1,transductive_repeat_02_fold_01,transductive,all_pairs,positive,shared_target_count,0.0972745120795317,partial_spearman,n_targets_a|n_targets_b,unordered_minmax,650,650,0,650,934,604,0,45,0,45,ok,3.0,647.0
transductive,repeat_02,2,42001020000,1,transductive_repeat_02_fold_01,transductive,all_pairs,negative,shared_protein_count,0.7134448909399439,partial_spearman,n_proteins_a|n_proteins_b,endpoint_columns,650,650,0,650,293,650,5,0,5,0,ok,3.0,647.0
transductive,repeat_02,2,42001020000,1,transductive_repeat_02_fold_01,transductive,all_pairs,negative,shared_protein_count,0.6494499063174258,partial_spearman,n_proteins_a|n_proteins_b,unordered_minmax,650,650,0,650,293,650,5,0,5,0,ok,3.0,647.0
transductive,repeat_02,2,42001020000,1,transductive_repeat_02_fold_01,transductive,all_pairs,negative,biological_shared_protein_count,0.139553252827604,partial_spearman,n_biological_proteins_a|n_biological_proteins_b,endpoint_columns,650,650,0,650,293,650,5,0,5,0,ok,3.0,647.0
transductive,repeat_02,2,42001020000,1,transductive_repeat_02_fold_01,transductive,all_pairs,negative,biological_shared_protein_count,0.1179201616950446,partial_spearman,n_biological_proteins_a|n_biological_proteins_b,unordered_minmax,650,650,0,650,293,650,5,0,5,0,ok,3.0,647.0
transductive,repeat_02,2,42001020000,1,transductive_repeat_02_fold_01,transductive,all_pairs,negative,shared_target_count,0.1672947206286745,partial_spearman,n_targets_a|n_targets_b,endpoint_columns,650,650,0,650,293,650,5,0,5,0,ok,3.0,647.0
transductive,repeat_02,2,42001020000,1,transductive_repeat_02_fold_01,transductive,all_pairs,negative,shared_target_count,0.1650074545354051,partial_spearman,n_targets_a|n_targets_b,unordered_minmax,650,650,0,650,293,650,5,0,5,0,ok,3.0,647.0
transductive,repeat_02,2,42001020000,1,transductive_repeat_02_fold_01,transductive,both_have_targets,overall,shared_protein_count,0.7096632649755855,partial_spearman,n_proteins_a|n_proteins_b,endpoint_columns,1129,1129,0,1129,874,1127,5,3,5,3,ok,3.0,1126.0
transductive,repeat_02,2,42001020000,1,transductive_repeat_02_fold_01,transductive,both_have_targets,overall,shared_protein_count,0.6594854193604871,partial_spearman,n_proteins_a|n_proteins_b,unordered_minmax,1129,1129,0,1129,874,1127,5,3,5,3,ok,3.0,1126.0
transductive,repeat_02,2,42001020000,1,transductive_repeat_02_fold_01,transductive,both_have_targets,overall,biological_shared_protein_count,0.2197721240896564,partial_spearman,n_biological_proteins_a|n_biological_proteins_b,endpoint_columns,1129,1129,0,1129,874,1127,5,3,5,3,ok,3.0,1126.0
transductive,repeat_02,2,42001020000,1,transductive_repeat_02_fold_01,transductive,both_have_targets,overall,biological_shared_protein_count,0.2191666269779102,partial_spearman,n_biological_proteins_a|n_biological_proteins_b,unordered_minmax,1129,1129,0,1129,874,1127,5,3,5,3,ok,3.0,1126.0
transductive,repeat_02,2,42001020000,1,transductive_repeat_02_fold_01,transductive,both_have_targets,overall,shared_target_count,0.2500328289019599,partial_spearman,n_targets_a|n_targets_b,endpoint_columns,1129,1129,0,1129,874,1127,5,3,5,3,ok,3.0,1126.0
transductive,repeat_02,2,42001020000,1,transductive_repeat_02_fold_01,transductive,both_have_targets,overall,shared_target_count,0.24777562206981,partial_spearman,n_targets_a|n_targets_b,unordered_minmax,1129,1129,0,1129,874,1127,5,3,5,3,ok,3.0,1126.0
transductive,repeat_02,2,42001020000,1,transductive_repeat_02_fold_01,transductive,both_have_targets,positive,shared_protein_count,0.2496824490331091,partial_spearman,n_proteins_a|n_proteins_b,endpoint_columns,479,479,0,479,704,477,0,3,0,3,ok,3.0,476.0
transductive,repeat_02,2,42001020000,1,transductive_repeat_02_fold_01,transductive,both_have_targets,positive,shared_protein_count,0.2136469282264519,partial_spearman,n_proteins_a|n_proteins_b,unordered_minmax,479,479,0,479,704,477,0,3,0,3,ok,3.0,476.0
transductive,repeat_02,2,42001020000,1,transductive_repeat_02_fold_01,transductive,both_have_targets,positive,biological_shared_protein_count,0.0241493185458377,partial_spearman,n_biological_proteins_a|n_biological_proteins_b,endpoint_columns,479,479,0,479,704,477,0,3,0,3,ok,3.0,476.0
transductive,repeat_02,2,42001020000,1,transductive_repeat_02_fold_01,transductive,both_have_targets,positive,biological_shared_protein_count,0.0355912669999112,partial_spearman,n_biological_proteins_a|n_biological_proteins_b,unordered_minmax,479,479,0,479,704,477,0,3,0,3,ok,3.0,476.0
transductive,repeat_02,2,42001020000,1,transductive_repeat_02_fold_01,transductive,both_have_targets,positive,shared_target_count,0.0392291967986825,partial_spearman,n_targets_a|n_targets_b,endpoint_columns,479,479,0,479,704,477,0,3,0,3,ok,3.0,476.0
transductive,repeat_02,2,42001020000,1,transductive_repeat_02_fold_01,transductive,both_have_targets,positive,shared_target_count,0.0656620506124933,partial_spearman,n_targets_a|n_targets_b,unordered_minmax,479,479,0,479,704,477,0,3,0,3,ok,3.0,476.0
transductive,repeat_02,2,42001020000,1,transductive_repeat_02_fold_01,transductive,both_have_targets,negative,shared_protein_count,0.7134448909399439,partial_spearman,n_proteins_a|n_proteins_b,endpoint_columns,650,650,0,650,293,650,5,0,5,0,ok,3.0,647.0
transductive,repeat_02,2,42001020000,1,transductive_repeat_02_fold_01,transductive,both_have_targets,negative,shared_protein_count,0.6494499063174258,partial_spearman,n_proteins_a|n_proteins_b,unordered_minmax,650,650,0,650,293,650,5,0,5,0,ok,3.0,647.0
transductive,repeat_02,2,42001020000,1,transductive_repeat_02_fold_01,transductive,both_have_targets,negative,biological_shared_protein_count,0.139553252827604,partial_spearman,n_biological_proteins_a|n_biological_proteins_b,endpoint_columns,650,650,0,650,293,650,5,0,5,0,ok,3.0,647.0
transductive,repeat_02,2,42001020000,1,transductive_repeat_02_fold_01,transductive,both_have_targets,negative,biological_shared_protein_count,0.1179201616950446,partial_spearman,n_biological_proteins_a|n_biological_proteins_b,unordered_minmax,650,650,0,650,293,650,5,0,5,0,ok,3.0,647.0
transductive,repeat_02,2,42001020000,1,transductive_repeat_02_fold_01,transductive,both_have_targets,negative,shared_target_count,0.1672947206286745,partial_spearman,n_targets_a|n_targets_b,endpoint_columns,650,650,0,650,293,650,5,0,5,0,ok,3.0,647.0
transductive,repeat_02,2,42001020000,1,transductive_repeat_02_fold_01,transductive,both_have_targets,negative,shared_target_count,0.1650074545354051,partial_spearman,n_targets_a|n_targets_b,unordered_minmax,650,650,0,650,293,650,5,0,5,0,ok,3.0,647.0
transductive,repeat_02,2,42001020000,1,transductive_repeat_02_fold_01,transductive,all_pairs,overall,biological_shared_protein_count,0.2220852981898184,partial_spearman,n_biological_proteins_a|n_biological_proteins_b|either_biological_size_zero,endpoint_columns_plus_zero,1300,1300,0,1300,1097,1254,5,45,5,45,ok,4.0,1296.0
transductive,repeat_02,2,42001020000,1,transductive_repeat_02_fold_01,transductive,all_pairs,overall,biological_shared_protein_count,0.2101476281123485,partial_spearman,n_biological_proteins_a|n_biological_proteins_b|either_biological_size_zero,unordered_minmax_plus_zero,1300,1300,0,1300,1097,1254,5,45,5,45,ok,4.0,1296.0
transductive,repeat_02,2,42002020000,2,transductive_repeat_02_fold_02,transductive,all_pairs,overall,shared_protein_count,0.6273166477717049,spearman,none,none,1300,1300,0,1300,1071,1247,4,46,4,46,ok,,
transductive,repeat_02,2,42002020000,2,transductive_repeat_02_fold_02,transductive,all_pairs,overall,protein_jaccard,0.6740106310610463,spearman,none,none,1300,1300,0,1300,1071,1247,4,46,4,46,ok,,
transductive,repeat_02,2,42002020000,2,transductive_repeat_02_fold_02,transductive,all_pairs,overall,shared_target_count,0.1667311985004828,spearman,none,none,1300,1300,0,1300,1071,1247,4,46,4,46,ok,,
transductive,repeat_02,2,42002020000,2,transductive_repeat_02_fold_02,transductive,all_pairs,overall,biological_shared_protein_count,-0.0738936380002275,spearman,none,none,1300,1300,0,1300,1071,1247,4,46,4,46,ok,,
transductive,repeat_02,2,42002020000,2,transductive_repeat_02_fold_02,transductive,all_pairs,overall,protein_size_geomean,0.3698814850075926,spearman,none,none,1300,1300,0,1300,1071,1247,4,46,4,46,ok,,
transductive,repeat_02,2,42002020000,2,transductive_repeat_02_fold_02,transductive,all_pairs,positive,shared_protein_count,0.019705259216193,spearman,none,none,650,650,0,650,905,597,0,46,0,46,ok,,
transductive,repeat_02,2,42002020000,2,transductive_repeat_02_fold_02,transductive,all_pairs,positive,protein_jaccard,0.2117794957513414,spearman,none,none,650,650,0,650,905,597,0,46,0,46,ok,,
transductive,repeat_02,2,42002020000,2,transductive_repeat_02_fold_02,transductive,all_pairs,positive,shared_target_count,-0.2087314698102792,spearman,none,none,650,650,0,650,905,597,0,46,0,46,ok,,
transductive,repeat_02,2,42002020000,2,transductive_repeat_02_fold_02,transductive,all_pairs,positive,biological_shared_protein_count,-0.326098058699825,spearman,none,none,650,650,0,650,905,597,0,46,0,46,ok,,
transductive,repeat_02,2,42002020000,2,transductive_repeat_02_fold_02,transductive,all_pairs,positive,protein_size_geomean,-0.1366884327632871,spearman,none,none,650,650,0,650,905,597,0,46,0,46,ok,,
transductive,repeat_02,2,42002020000,2,transductive_repeat_02_fold_02,transductive,all_pairs,negative,shared_protein_count,0.783475994647255,spearman,none,none,650,650,0,650,284,650,4,0,4,0,ok,,
transductive,repeat_02,2,42002020000,2,transductive_repeat_02_fold_02,transductive,all_pairs,negative,protein_jaccard,0.7797349484561354,spearman,none,none,650,650,0,650,284,650,4,0,4,0,ok,,
transductive,repeat_02,2,42002020000,2,transductive_repeat_02_fold_02,transductive,all_pairs,negative,shared_target_count,0.2181915920695075,spearman,none,none,650,650,0,650,284,650,4,0,4,0,ok,,
transductive,repeat_02,2,42002020000,2,transductive_repeat_02_fold_02,transductive,all_pairs,negative,biological_shared_protein_count,0.1089624010279305,spearman,none,none,650,650,0,650,284,650,4,0,4,0,ok,,
transductive,repeat_02,2,42002020000,2,transductive_repeat_02_fold_02,transductive,all_pairs,negative,protein_size_geomean,0.5393180701995908,spearman,none,none,650,650,0,650,284,650,4,0,4,0,ok,,
transductive,repeat_02,2,42002020000,2,transductive_repeat_02_fold_02,transductive,both_have_targets,overall,shared_protein_count,0.7418122224075457,spearman,none,none,1149,1149,0,1149,881,1138,4,9,4,9,ok,,
transductive,repeat_02,2,42002020000,2,transductive_repeat_02_fold_02,transductive,both_have_targets,overall,protein_jaccard,0.7356992113466557,spearman,none,none,1149,1149,0,1149,881,1138,4,9,4,9,ok,,
transductive,repeat_02,2,42002020000,2,transductive_repeat_02_fold_02,transductive,both_have_targets,overall,shared_target_count,0.3155348593023206,spearman,none,none,1149,1149,0,1149,881,1138,4,9,4,9,ok,,
transductive,repeat_02,2,42002020000,2,transductive_repeat_02_fold_02,transductive,both_have_targets,overall,biological_shared_protein_count,0.1716991919775187,spearman,none,none,1149,1149,0,1149,881,1138,4,9,4,9,ok,,
transductive,repeat_02,2,42002020000,2,transductive_repeat_02_fold_02,transductive,both_have_targets,overall,protein_size_geomean,0.5103167370219364,spearman,none,none,1149,1149,0,1149,881,1138,4,9,4,9,ok,,
transductive,repeat_02,2,42002020000,2,transductive_repeat_02_fold_02,transductive,both_have_targets,positive,shared_protein_count,0.2308423116791023,spearman,none,none,499,499,0,499,708,488,0,9,0,9,ok,,
transductive,repeat_02,2,42002020000,2,transductive_repeat_02_fold_02,transductive,both_have_targets,positive,protein_jaccard,0.2733361571431356,spearman,none,none,499,499,0,499,708,488,0,9,0,9,ok,,
transductive,repeat_02,2,42002020000,2,transductive_repeat_02_fold_02,transductive,both_have_targets,positive,shared_target_count,-0.0421236601776035,spearman,none,none,499,499,0,499,708,488,0,9,0,9,ok,,
transductive,repeat_02,2,42002020000,2,transductive_repeat_02_fold_02,transductive,both_have_targets,positive,biological_shared_protein_count,-0.0991023694821773,spearman,none,none,499,499,0,499,708,488,0,9,0,9,ok,,
transductive,repeat_02,2,42002020000,2,transductive_repeat_02_fold_02,transductive,both_have_targets,positive,protein_size_geomean,0.0712386436690984,spearman,none,none,499,499,0,499,708,488,0,9,0,9,ok,,
transductive,repeat_02,2,42002020000,2,transductive_repeat_02_fold_02,transductive,both_have_targets,negative,shared_protein_count,0.783475994647255,spearman,none,none,650,650,0,650,284,650,4,0,4,0,ok,,
transductive,repeat_02,2,42002020000,2,transductive_repeat_02_fold_02,transductive,both_have_targets,negative,protein_jaccard,0.7797349484561354,spearman,none,none,650,650,0,650,284,650,4,0,4,0,ok,,
transductive,repeat_02,2,42002020000,2,transductive_repeat_02_fold_02,transductive,both_have_targets,negative,shared_target_count,0.2181915920695075,spearman,none,none,650,650,0,650,284,650,4,0,4,0,ok,,
transductive,repeat_02,2,42002020000,2,transductive_repeat_02_fold_02,transductive,both_have_targets,negative,biological_shared_protein_count,0.1089624010279305,spearman,none,none,650,650,0,650,284,650,4,0,4,0,ok,,
transductive,repeat_02,2,42002020000,2,transductive_repeat_02_fold_02,transductive,both_have_targets,negative,protein_size_geomean,0.5393180701995908,spearman,none,none,650,650,0,650,284,650,4,0,4,0,ok,,
transductive,repeat_02,2,42002020000,2,transductive_repeat_02_fold_02,transductive,all_pairs,overall,shared_protein_count,0.629626820787916,partial_spearman,n_proteins_a|n_proteins_b,endpoint_columns,1300,1300,0,1300,1071,1247,4,46,4,46,ok,3.0,1297.0
transductive,repeat_02,2,42002020000,2,transductive_repeat_02_fold_02,transductive,all_pairs,overall,shared_protein_count,0.6370245083116104,partial_spearman,n_proteins_a|n_proteins_b,unordered_minmax,1300,1300,0,1300,1071,1247,4,46,4,46,ok,3.0,1297.0
transductive,repeat_02,2,42002020000,2,transductive_repeat_02_fold_02,transductive,all_pairs,overall,biological_shared_protein_count,0.1408205960874428,partial_spearman,n_biological_proteins_a|n_biological_proteins_b,endpoint_columns,1300,1300,0,1300,1071,1247,4,46,4,46,ok,3.0,1297.0
transductive,repeat_02,2,42002020000,2,transductive_repeat_02_fold_02,transductive,all_pairs,overall,biological_shared_protein_count,0.2197499478244677,partial_spearman,n_biological_proteins_a|n_biological_proteins_b,unordered_minmax,1300,1300,0,1300,1071,1247,4,46,4,46,ok,3.0,1297.0
transductive,repeat_02,2,42002020000,2,transductive_repeat_02_fold_02,transductive,all_pairs,overall,shared_target_count,0.2694432513134802,partial_spearman,n_targets_a|n_targets_b,endpoint_columns,1300,1300,0,1300,1071,1247,4,46,4,46,ok,3.0,1297.0
transductive,repeat_02,2,42002020000,2,transductive_repeat_02_fold_02,transductive,all_pairs,overall,shared_target_count,0.3060385079547492,partial_spearman,n_targets_a|n_targets_b,unordered_minmax,1300,1300,0,1300,1071,1247,4,46,4,46,ok,3.0,1297.0
transductive,repeat_02,2,42002020000,2,transductive_repeat_02_fold_02,transductive,all_pairs,positive,shared_protein_count,0.2497741298681196,partial_spearman,n_proteins_a|n_proteins_b,endpoint_columns,650,650,0,650,905,597,0,46,0,46,ok,3.0,647.0
transductive,repeat_02,2,42002020000,2,transductive_repeat_02_fold_02,transductive,all_pairs,positive,shared_protein_count,0.3087823803855748,partial_spearman,n_proteins_a|n_proteins_b,unordered_minmax,650,650,0,650,905,597,0,46,0,46,ok,3.0,647.0
transductive,repeat_02,2,42002020000,2,transductive_repeat_02_fold_02,transductive,all_pairs,positive,biological_shared_protein_count,-0.06306571411629,partial_spearman,n_biological_proteins_a|n_biological_proteins_b,endpoint_columns,650,650,0,650,905,597,0,46,0,46,ok,3.0,647.0
transductive,repeat_02,2,42002020000,2,transductive_repeat_02_fold_02,transductive,all_pairs,positive,biological_shared_protein_count,0.0373423717038376,partial_spearman,n_biological_proteins_a|n_biological_proteins_b,unordered_minmax,650,650,0,650,905,597,0,46,0,46,ok,3.0,647.0
transductive,repeat_02,2,42002020000,2,transductive_repeat_02_fold_02,transductive,all_pairs,positive,shared_target_count,0.0242946274520564,partial_spearman,n_targets_a|n_targets_b,endpoint_columns,650,650,0,650,905,597,0,46,0,46,ok,3.0,647.0
transductive,repeat_02,2,42002020000,2,transductive_repeat_02_fold_02,transductive,all_pairs,positive,shared_target_count,0.0992028644812646,partial_spearman,n_targets_a|n_targets_b,unordered_minmax,650,650,0,650,905,597,0,46,0,46,ok,3.0,647.0
transductive,repeat_02,2,42002020000,2,transductive_repeat_02_fold_02,transductive,all_pairs,negative,shared_protein_count,0.754089941624238,partial_spearman,n_proteins_a|n_proteins_b,endpoint_columns,650,650,0,650,284,650,4,0,4,0,ok,3.0,647.0
transductive,repeat_02,2,42002020000,2,transductive_repeat_02_fold_02,transductive,all_pairs,negative,shared_protein_count,0.6815755749115313,partial_spearman,n_proteins_a|n_proteins_b,unordered_minmax,650,650,0,650,284,650,4,0,4,0,ok,3.0,647.0
transductive,repeat_02,2,42002020000,2,transductive_repeat_02_fold_02,transductive,all_pairs,negative,biological_shared_protein_count,0.2165587212829967,partial_spearman,n_biological_proteins_a|n_biological_proteins_b,endpoint_columns,650,650,0,650,284,650,4,0,4,0,ok,3.0,647.0
transductive,repeat_02,2,42002020000,2,transductive_repeat_02_fold_02,transductive,all_pairs,negative,biological_shared_protein_count,0.1807571042189017,partial_spearman,n_biological_proteins_a|n_biological_proteins_b,unordered_minmax,650,650,0,650,284,650,4,0,4,0,ok,3.0,647.0
transductive,repeat_02,2,42002020000,2,transductive_repeat_02_fold_02,transductive,all_pairs,negative,shared_target_count,0.1914718185517807,partial_spearman,n_targets_a|n_targets_b,endpoint_columns,650,650,0,650,284,650,4,0,4,0,ok,3.0,647.0
transductive,repeat_02,2,42002020000,2,transductive_repeat_02_fold_02,transductive,all_pairs,negative,shared_target_count,0.1798337534130727,partial_spearman,n_targets_a|n_targets_b,unordered_minmax,650,650,0,650,284,650,4,0,4,0,ok,3.0,647.0
transductive,repeat_02,2,42002020000,2,transductive_repeat_02_fold_02,transductive,both_have_targets,overall,shared_protein_count,0.6922418236674716,partial_spearman,n_proteins_a|n_proteins_b,endpoint_columns,1149,1149,0,1149,881,1138,4,9,4,9,ok,3.0,1146.0
transductive,repeat_02,2,42002020000,2,transductive_repeat_02_fold_02,transductive,both_have_targets,overall,shared_protein_count,0.6722024927417127,partial_spearman,n_proteins_a|n_proteins_b,unordered_minmax,1149,1149,0,1149,881,1138,4,9,4,9,ok,3.0,1146.0
transductive,repeat_02,2,42002020000,2,transductive_repeat_02_fold_02,transductive,both_have_targets,overall,biological_shared_protein_count,0.2925142709439129,partial_spearman,n_biological_proteins_a|n_biological_proteins_b,endpoint_columns,1149,1149,0,1149,881,1138,4,9,4,9,ok,3.0,1146.0
transductive,repeat_02,2,42002020000,2,transductive_repeat_02_fold_02,transductive,both_have_targets,overall,biological_shared_protein_count,0.2805401691371281,partial_spearman,n_biological_proteins_a|n_biological_proteins_b,unordered_minmax,1149,1149,0,1149,881,1138,4,9,4,9,ok,3.0,1146.0
transductive,repeat_02,2,42002020000,2,transductive_repeat_02_fold_02,transductive,both_have_targets,overall,shared_target_count,0.3113250492651225,partial_spearman,n_targets_a|n_targets_b,endpoint_columns,1149,1149,0,1149,881,1138,4,9,4,9,ok,3.0,1146.0
transductive,repeat_02,2,42002020000,2,transductive_repeat_02_fold_02,transductive,both_have_targets,overall,shared_target_count,0.3090357970700697,partial_spearman,n_targets_a|n_targets_b,unordered_minmax,1149,1149,0,1149,881,1138,4,9,4,9,ok,3.0,1146.0
transductive,repeat_02,2,42002020000,2,transductive_repeat_02_fold_02,transductive,both_have_targets,positive,shared_protein_count,0.2939106482357318,partial_spearman,n_proteins_a|n_proteins_b,endpoint_columns,499,499,0,499,708,488,0,9,0,9,ok,3.0,496.0
transductive,repeat_02,2,42002020000,2,transductive_repeat_02_fold_02,transductive,both_have_targets,positive,shared_protein_count,0.3217133765943312,partial_spearman,n_proteins_a|n_proteins_b,unordered_minmax,499,499,0,499,708,488,0,9,0,9,ok,3.0,496.0
transductive,repeat_02,2,42002020000,2,transductive_repeat_02_fold_02,transductive,both_have_targets,positive,biological_shared_protein_count,0.0382698124925124,partial_spearman,n_biological_proteins_a|n_biological_proteins_b,endpoint_columns,499,499,0,499,708,488,0,9,0,9,ok,3.0,496.0
transductive,repeat_02,2,42002020000,2,transductive_repeat_02_fold_02,transductive,both_have_targets,positive,biological_shared_protein_count,0.0609010368597342,partial_spearman,n_biological_proteins_a|n_biological_proteins_b,unordered_minmax,499,499,0,499,708,488,0,9,0,9,ok,3.0,496.0
transductive,repeat_02,2,42002020000,2,transductive_repeat_02_fold_02,transductive,both_have_targets,positive,shared_target_count,0.0497631748791794,partial_spearman,n_targets_a|n_targets_b,endpoint_columns,499,499,0,499,708,488,0,9,0,9,ok,3.0,496.0
transductive,repeat_02,2,42002020000,2,transductive_repeat_02_fold_02,transductive,both_have_targets,positive,shared_target_count,0.0917571018233813,partial_spearman,n_targets_a|n_targets_b,unordered_minmax,499,499,0,499,708,488,0,9,0,9,ok,3.0,496.0
transductive,repeat_02,2,42002020000,2,transductive_repeat_02_fold_02,transductive,both_have_targets,negative,shared_protein_count,0.754089941624238,partial_spearman,n_proteins_a|n_proteins_b,endpoint_columns,650,650,0,650,284,650,4,0,4,0,ok,3.0,647.0
transductive,repeat_02,2,42002020000,2,transductive_repeat_02_fold_02,transductive,both_have_targets,negative,shared_protein_count,0.6815755749115313,partial_spearman,n_proteins_a|n_proteins_b,unordered_minmax,650,650,0,650,284,650,4,0,4,0,ok,3.0,647.0
transductive,repeat_02,2,42002020000,2,transductive_repeat_02_fold_02,transductive,both_have_targets,negative,biological_shared_protein_count,0.2165587212829967,partial_spearman,n_biological_proteins_a|n_biological_proteins_b,endpoint_columns,650,650,0,650,284,650,4,0,4,0,ok,3.0,647.0
transductive,repeat_02,2,42002020000,2,transductive_repeat_02_fold_02,transductive,both_have_targets,negative,biological_shared_protein_count,0.1807571042189017,partial_spearman,n_biological_proteins_a|n_biological_proteins_b,unordered_minmax,650,650,0,650,284,650,4,0,4,0,ok,3.0,647.0
transductive,repeat_02,2,42002020000,2,transductive_repeat_02_fold_02,transductive,both_have_targets,negative,shared_target_count,0.1914718185517807,partial_spearman,n_targets_a|n_targets_b,endpoint_columns,650,650,0,650,284,650,4,0,4,0,ok,3.0,647.0
transductive,repeat_02,2,42002020000,2,transductive_repeat_02_fold_02,transductive,both_have_targets,negative,shared_target_count,0.1798337534130727,partial_spearman,n_targets_a|n_targets_b,unordered_minmax,650,650,0,650,284,650,4,0,4,0,ok,3.0,647.0
transductive,repeat_02,2,42002020000,2,transductive_repeat_02_fold_02,transductive,all_pairs,overall,biological_shared_protein_count,0.2645051116431728,partial_spearman,n_biological_proteins_a|n_biological_proteins_b|either_biological_size_zero,endpoint_columns_plus_zero,1300,1300,0,1300,1071,1247,4,46,4,46,ok,4.0,1296.0
transductive,repeat_02,2,42002020000,2,transductive_repeat_02_fold_02,transductive,all_pairs,overall,biological_shared_protein_count,0.2559634634919062,partial_spearman,n_biological_proteins_a|n_biological_proteins_b|either_biological_size_zero,unordered_minmax_plus_zero,1300,1300,0,1300,1071,1247,4,46,4,46,ok,4.0,1296.0
transductive,repeat_02,2,42003020000,3,transductive_repeat_02_fold_03,transductive,all_pairs,overall,shared_protein_count,0.616930715316631,spearman,none,none,1300,1300,0,1300,1085,1245,5,54,5,54,ok,,
transductive,repeat_02,2,42003020000,3,transductive_repeat_02_fold_03,transductive,all_pairs,overall,protein_jaccard,0.6528671217651599,spearman,none,none,1300,1300,0,1300,1085,1245,5,54,5,54,ok,,
transductive,repeat_02,2,42003020000,3,transductive_repeat_02_fold_03,transductive,all_pairs,overall,shared_target_count,0.2146651116728999,spearman,none,none,1300,1300,0,1300,1085,1245,5,54,5,54,ok,,
transductive,repeat_02,2,42003020000,3,transductive_repeat_02_fold_03,transductive,all_pairs,overall,biological_shared_protein_count,-0.0484845340029669,spearman,none,none,1300,1300,0,1300,1085,1245,5,54,5,54,ok,,
transductive,repeat_02,2,42003020000,3,transductive_repeat_02_fold_03,transductive,all_pairs,overall,protein_size_geomean,0.3498934948426374,spearman,none,none,1300,1300,0,1300,1085,1245,5,54,5,54,ok,,
transductive,repeat_02,2,42003020000,3,transductive_repeat_02_fold_03,transductive,all_pairs,positive,shared_protein_count,-0.0291110892829164,spearman,none,none,650,650,0,650,935,595,0,54,0,54,ok,,
transductive,repeat_02,2,42003020000,3,transductive_repeat_02_fold_03,transductive,all_pairs,positive,protein_jaccard,0.1219362807187788,spearman,none,none,650,650,0,650,935,595,0,54,0,54,ok,,
transductive,repeat_02,2,42003020000,3,transductive_repeat_02_fold_03,transductive,all_pairs,positive,shared_target_count,-0.1717466501245674,spearman,none,none,650,650,0,650,935,595,0,54,0,54,ok,,
transductive,repeat_02,2,42003020000,3,transductive_repeat_02_fold_03,transductive,all_pairs,positive,biological_shared_protein_count,-0.3114702094455445,spearman,none,none,650,650,0,650,935,595,0,54,0,54,ok,,
transductive,repeat_02,2,42003020000,3,transductive_repeat_02_fold_03,transductive,all_pairs,positive,protein_size_geomean,-0.1397476031149092,spearman,none,none,650,650,0,650,935,595,0,54,0,54,ok,,
transductive,repeat_02,2,42003020000,3,transductive_repeat_02_fold_03,transductive,all_pairs,negative,shared_protein_count,0.744034660249495,spearman,none,none,650,650,0,650,288,650,5,0,5,0,ok,,
transductive,repeat_02,2,42003020000,3,transductive_repeat_02_fold_03,transductive,all_pairs,negative,protein_jaccard,0.6861027699272825,spearman,none,none,650,650,0,650,288,650,5,0,5,0,ok,,
transductive,repeat_02,2,42003020000,3,transductive_repeat_02_fold_03,transductive,all_pairs,negative,shared_target_count,0.2693677178773027,spearman,none,none,650,650,0,650,288,650,5,0,5,0,ok,,
transductive,repeat_02,2,42003020000,3,transductive_repeat_02_fold_03,transductive,all_pairs,negative,biological_shared_protein_count,0.1697401204988522,spearman,none,none,650,650,0,650,288,650,5,0,5,0,ok,,
transductive,repeat_02,2,42003020000,3,transductive_repeat_02_fold_03,transductive,all_pairs,negative,protein_size_geomean,0.5219568574221908,spearman,none,none,650,650,0,650,288,650,5,0,5,0,ok,,
transductive,repeat_02,2,42003020000,3,transductive_repeat_02_fold_03,transductive,both_have_targets,overall,shared_protein_count,0.7257930126291238,spearman,none,none,1144,1144,0,1144,887,1135,5,9,5,9,ok,,
transductive,repeat_02,2,42003020000,3,transductive_repeat_02_fold_03,transductive,both_have_targets,overall,protein_jaccard,0.705207328302202,spearman,none,none,1144,1144,0,1144,887,1135,5,9,5,9,ok,,
transductive,repeat_02,2,42003020000,3,transductive_repeat_02_fold_03,transductive,both_have_targets,overall,shared_target_count,0.3903835076669652,spearman,none,none,1144,1144,0,1144,887,1135,5,9,5,9,ok,,
transductive,repeat_02,2,42003020000,3,transductive_repeat_02_fold_03,transductive,both_have_targets,overall,biological_shared_protein_count,0.2382802432303928,spearman,none,none,1144,1144,0,1144,887,1135,5,9,5,9,ok,,
transductive,repeat_02,2,42003020000,3,transductive_repeat_02_fold_03,transductive,both_have_targets,overall,protein_size_geomean,0.501432419047285,spearman,none,none,1144,1144,0,1144,887,1135,5,9,5,9,ok,,
transductive,repeat_02,2,42003020000,3,transductive_repeat_02_fold_03,transductive,both_have_targets,positive,shared_protein_count,0.1588554900662877,spearman,none,none,494,494,0,494,721,485,0,9,0,9,ok,,
transductive,repeat_02,2,42003020000,3,transductive_repeat_02_fold_03,transductive,both_have_targets,positive,protein_jaccard,0.1414560664197823,spearman,none,none,494,494,0,494,721,485,0,9,0,9,ok,,
transductive,repeat_02,2,42003020000,3,transductive_repeat_02_fold_03,transductive,both_have_targets,positive,shared_target_count,0.0610592170053547,spearman,none,none,494,494,0,494,721,485,0,9,0,9,ok,,
transductive,repeat_02,2,42003020000,3,transductive_repeat_02_fold_03,transductive,both_have_targets,positive,biological_shared_protein_count,-0.0098368348737089,spearman,none,none,494,494,0,494,721,485,0,9,0,9,ok,,
transductive,repeat_02,2,42003020000,3,transductive_repeat_02_fold_03,transductive,both_have_targets,positive,protein_size_geomean,0.0888105354758291,spearman,none,none,494,494,0,494,721,485,0,9,0,9,ok,,
transductive,repeat_02,2,42003020000,3,transductive_repeat_02_fold_03,transductive,both_have_targets,negative,shared_protein_count,0.744034660249495,spearman,none,none,650,650,0,650,288,650,5,0,5,0,ok,,
transductive,repeat_02,2,42003020000,3,transductive_repeat_02_fold_03,transductive,both_have_targets,negative,protein_jaccard,0.6861027699272825,spearman,none,none,650,650,0,650,288,650,5,0,5,0,ok,,
transductive,repeat_02,2,42003020000,3,transductive_repeat_02_fold_03,transductive,both_have_targets,negative,shared_target_count,0.2693677178773027,spearman,none,none,650,650,0,650,288,650,5,0,5,0,ok,,
transductive,repeat_02,2,42003020000,3,transductive_repeat_02_fold_03,transductive,both_have_targets,negative,biological_shared_protein_count,0.1697401204988522,spearman,none,none,650,650,0,650,288,650,5,0,5,0,ok,,
transductive,repeat_02,2,42003020000,3,transductive_repeat_02_fold_03,transductive,both_have_targets,negative,protein_size_geomean,0.5219568574221908,spearman,none,none,650,650,0,650,288,650,5,0,5,0,ok,,
transductive,repeat_02,2,42003020000,3,transductive_repeat_02_fold_03,transductive,all_pairs,overall,shared_protein_count,0.6192735172522862,partial_spearman,n_proteins_a|n_proteins_b,endpoint_columns,1300,1300,0,1300,1085,1245,5,54,5,54,ok,3.0,1297.0
transductive,repeat_02,2,42003020000,3,transductive_repeat_02_fold_03,transductive,all_pairs,overall,shared_protein_count,0.6062370184322997,partial_spearman,n_proteins_a|n_proteins_b,unordered_minmax,1300,1300,0,1300,1085,1245,5,54,5,54,ok,3.0,1297.0
transductive,repeat_02,2,42003020000,3,transductive_repeat_02_fold_03,transductive,all_pairs,overall,biological_shared_protein_count,0.1383414841544268,partial_spearman,n_biological_proteins_a|n_biological_proteins_b,endpoint_columns,1300,1300,0,1300,1085,1245,5,54,5,54,ok,3.0,1297.0
transductive,repeat_02,2,42003020000,3,transductive_repeat_02_fold_03,transductive,all_pairs,overall,biological_shared_protein_count,0.2352025145963217,partial_spearman,n_biological_proteins_a|n_biological_proteins_b,unordered_minmax,1300,1300,0,1300,1085,1245,5,54,5,54,ok,3.0,1297.0
transductive,repeat_02,2,42003020000,3,transductive_repeat_02_fold_03,transductive,all_pairs,overall,shared_target_count,0.2993815204615763,partial_spearman,n_targets_a|n_targets_b,endpoint_columns,1300,1300,0,1300,1085,1245,5,54,5,54,ok,3.0,1297.0
transductive,repeat_02,2,42003020000,3,transductive_repeat_02_fold_03,transductive,all_pairs,overall,shared_target_count,0.3274445517832637,partial_spearman,n_targets_a|n_targets_b,unordered_minmax,1300,1300,0,1300,1085,1245,5,54,5,54,ok,3.0,1297.0
transductive,repeat_02,2,42003020000,3,transductive_repeat_02_fold_03,transductive,all_pairs,positive,shared_protein_count,0.1734011646456088,partial_spearman,n_proteins_a|n_proteins_b,endpoint_columns,650,650,0,650,935,595,0,54,0,54,ok,3.0,647.0
transductive,repeat_02,2,42003020000,3,transductive_repeat_02_fold_03,transductive,all_pairs,positive,shared_protein_count,0.1901801522221665,partial_spearman,n_proteins_a|n_proteins_b,unordered_minmax,650,650,0,650,935,595,0,54,0,54,ok,3.0,647.0
transductive,repeat_02,2,42003020000,3,transductive_repeat_02_fold_03,transductive,all_pairs,positive,biological_shared_protein_count,-0.0951033942481339,partial_spearman,n_biological_proteins_a|n_biological_proteins_b,endpoint_columns,650,650,0,650,935,595,0,54,0,54,ok,3.0,647.0
transductive,repeat_02,2,42003020000,3,transductive_repeat_02_fold_03,transductive,all_pairs,positive,biological_shared_protein_count,0.0046350221534143,partial_spearman,n_biological_proteins_a|n_biological_proteins_b,unordered_minmax,650,650,0,650,935,595,0,54,0,54,ok,3.0,647.0
transductive,repeat_02,2,42003020000,3,transductive_repeat_02_fold_03,transductive,all_pairs,positive,shared_target_count,0.0677234382701262,partial_spearman,n_targets_a|n_targets_b,endpoint_columns,650,650,0,650,935,595,0,54,0,54,ok,3.0,647.0
transductive,repeat_02,2,42003020000,3,transductive_repeat_02_fold_03,transductive,all_pairs,positive,shared_target_count,0.1328584424214911,partial_spearman,n_targets_a|n_targets_b,unordered_minmax,650,650,0,650,935,595,0,54,0,54,ok,3.0,647.0
transductive,repeat_02,2,42003020000,3,transductive_repeat_02_fold_03,transductive,all_pairs,negative,shared_protein_count,0.6755424650852443,partial_spearman,n_proteins_a|n_proteins_b,endpoint_columns,650,650,0,650,288,650,5,0,5,0,ok,3.0,647.0
transductive,repeat_02,2,42003020000,3,transductive_repeat_02_fold_03,transductive,all_pairs,negative,shared_protein_count,0.6494072853924844,partial_spearman,n_proteins_a|n_proteins_b,unordered_minmax,650,650,0,650,288,650,5,0,5,0,ok,3.0,647.0
transductive,repeat_02,2,42003020000,3,transductive_repeat_02_fold_03,transductive,all_pairs,negative,biological_shared_protein_count,0.154545509886674,partial_spearman,n_biological_proteins_a|n_biological_proteins_b,endpoint_columns,650,650,0,650,288,650,5,0,5,0,ok,3.0,647.0
transductive,repeat_02,2,42003020000,3,transductive_repeat_02_fold_03,transductive,all_pairs,negative,biological_shared_protein_count,0.1388837057392613,partial_spearman,n_biological_proteins_a|n_biological_proteins_b,unordered_minmax,650,650,0,650,288,650,5,0,5,0,ok,3.0,647.0
transductive,repeat_02,2,42003020000,3,transductive_repeat_02_fold_03,transductive,all_pairs,negative,shared_target_count,0.197563623577499,partial_spearman,n_targets_a|n_targets_b,endpoint_columns,650,650,0,650,288,650,5,0,5,0,ok,3.0,647.0
transductive,repeat_02,2,42003020000,3,transductive_repeat_02_fold_03,transductive,all_pairs,negative,shared_target_count,0.1916337904151398,partial_spearman,n_targets_a|n_targets_b,unordered_minmax,650,650,0,650,288,650,5,0,5,0,ok,3.0,647.0
transductive,repeat_02,2,42003020000,3,transductive_repeat_02_fold_03,transductive,both_have_targets,overall,shared_protein_count,0.6583343596600416,partial_spearman,n_proteins_a|n_proteins_b,endpoint_columns,1144,1144,0,1144,887,1135,5,9,5,9,ok,3.0,1141.0
transductive,repeat_02,2,42003020000,3,transductive_repeat_02_fold_03,transductive,both_have_targets,overall,shared_protein_count,0.6303427999637743,partial_spearman,n_proteins_a|n_proteins_b,unordered_minmax,1144,1144,0,1144,887,1135,5,9,5,9,ok,3.0,1141.0
transductive,repeat_02,2,42003020000,3,transductive_repeat_02_fold_03,transductive,both_have_targets,overall,biological_shared_protein_count,0.2864704536923154,partial_spearman,n_biological_proteins_a|n_biological_proteins_b,endpoint_columns,1144,1144,0,1144,887,1135,5,9,5,9,ok,3.0,1141.0
transductive,repeat_02,2,42003020000,3,transductive_repeat_02_fold_03,transductive,both_have_targets,overall,biological_shared_protein_count,0.30323826682242,partial_spearman,n_biological_proteins_a|n_biological_proteins_b,unordered_minmax,1144,1144,0,1144,887,1135,5,9,5,9,ok,3.0,1141.0
transductive,repeat_02,2,42003020000,3,transductive_repeat_02_fold_03,transductive,both_have_targets,overall,shared_target_count,0.3478912559332006,partial_spearman,n_targets_a|n_targets_b,endpoint_columns,1144,1144,0,1144,887,1135,5,9,5,9,ok,3.0,1141.0
transductive,repeat_02,2,42003020000,3,transductive_repeat_02_fold_03,transductive,both_have_targets,overall,shared_target_count,0.3443149112809112,partial_spearman,n_targets_a|n_targets_b,unordered_minmax,1144,1144,0,1144,887,1135,5,9,5,9,ok,3.0,1141.0
transductive,repeat_02,2,42003020000,3,transductive_repeat_02_fold_03,transductive,both_have_targets,positive,shared_protein_count,0.1657517173646464,partial_spearman,n_proteins_a|n_proteins_b,endpoint_columns,494,494,0,494,721,485,0,9,0,9,ok,3.0,491.0
transductive,repeat_02,2,42003020000,3,transductive_repeat_02_fold_03,transductive,both_have_targets,positive,shared_protein_count,0.1248756331940625,partial_spearman,n_proteins_a|n_proteins_b,unordered_minmax,494,494,0,494,721,485,0,9,0,9,ok,3.0,491.0
transductive,repeat_02,2,42003020000,3,transductive_repeat_02_fold_03,transductive,both_have_targets,positive,biological_shared_protein_count,0.0385121517613218,partial_spearman,n_biological_proteins_a|n_biological_proteins_b,endpoint_columns,494,494,0,494,721,485,0,9,0,9,ok,3.0,491.0
transductive,repeat_02,2,42003020000,3,transductive_repeat_02_fold_03,transductive,both_have_targets,positive,biological_shared_protein_count,0.0503410545807384,partial_spearman,n_biological_proteins_a|n_biological_proteins_b,unordered_minmax,494,494,0,494,721,485,0,9,0,9,ok,3.0,491.0
transductive,repeat_02,2,42003020000,3,transductive_repeat_02_fold_03,transductive,both_have_targets,positive,shared_target_count,0.1137729244858818,partial_spearman,n_targets_a|n_targets_b,endpoint_columns,494,494,0,494,721,485,0,9,0,9,ok,3.0,491.0
transductive,repeat_02,2,42003020000,3,transductive_repeat_02_fold_03,transductive,both_have_targets,positive,shared_target_count,0.1360243181512628,partial_spearman,n_targets_a|n_targets_b,unordered_minmax,494,494,0,494,721,485,0,9,0,9,ok,3.0,491.0
transductive,repeat_02,2,42003020000,3,transductive_repeat_02_fold_03,transductive,both_have_targets,negative,shared_protein_count,0.6755424650852443,partial_spearman,n_proteins_a|n_proteins_b,endpoint_columns,650,650,0,650,288,650,5,0,5,0,ok,3.0,647.0
transductive,repeat_02,2,42003020000,3,transductive_repeat_02_fold_03,transductive,both_have_targets,negative,shared_protein_count,0.6494072853924844,partial_spearman,n_proteins_a|n_proteins_b,unordered_minmax,650,650,0,650,288,650,5,0,5,0,ok,3.0,647.0
transductive,repeat_02,2,42003020000,3,transductive_repeat_02_fold_03,transductive,both_have_targets,negative,biological_shared_protein_count,0.154545509886674,partial_spearman,n_biological_proteins_a|n_biological_proteins_b,endpoint_columns,650,650,0,650,288,650,5,0,5,0,ok,3.0,647.0
transductive,repeat_02,2,42003020000,3,transductive_repeat_02_fold_03,transductive,both_have_targets,negative,biological_shared_protein_count,0.1388837057392613,partial_spearman,n_biological_proteins_a|n_biological_proteins_b,unordered_minmax,650,650,0,650,288,650,5,0,5,0,ok,3.0,647.0
transductive,repeat_02,2,42003020000,3,transductive_repeat_02_fold_03,transductive,both_have_targets,negative,shared_target_count,0.197563623577499,partial_spearman,n_targets_a|n_targets_b,endpoint_columns,650,650,0,650,288,650,5,0,5,0,ok,3.0,647.0
transductive,repeat_02,2,42003020000,3,transductive_repeat_02_fold_03,transductive,both_have_targets,negative,shared_target_count,0.1916337904151398,partial_spearman,n_targets_a|n_targets_b,unordered_minmax,650,650,0,650,288,650,5,0,5,0,ok,3.0,647.0
transductive,repeat_02,2,42003020000,3,transductive_repeat_02_fold_03,transductive,all_pairs,overall,biological_shared_protein_count,0.2662851039565893,partial_spearman,n_biological_proteins_a|n_biological_proteins_b|either_biological_size_zero,endpoint_columns_plus_zero,1300,1300,0,1300,1085,1245,5,54,5,54,ok,4.0,1296.0
transductive,repeat_02,2,42003020000,3,transductive_repeat_02_fold_03,transductive,all_pairs,overall,biological_shared_protein_count,0.2834458227941465,partial_spearman,n_biological_proteins_a|n_biological_proteins_b|either_biological_size_zero,unordered_minmax_plus_zero,1300,1300,0,1300,1085,1245,5,54,5,54,ok,4.0,1296.0
transductive,repeat_02,2,42004020000,4,transductive_repeat_02_fold_04,transductive,all_pairs,overall,shared_protein_count,0.57155596472249,spearman,none,none,1300,1300,0,1300,1065,1228,3,64,3,64,ok,,
transductive,repeat_02,2,42004020000,4,transductive_repeat_02_fold_04,transductive,all_pairs,overall,protein_jaccard,0.6373347445446358,spearman,none,none,1300,1300,0,1300,1065,1228,3,64,3,64,ok,,
transductive,repeat_02,2,42004020000,4,transductive_repeat_02_fold_04,transductive,all_pairs,overall,shared_target_count,0.1590337682182362,spearman,none,none,1300,1300,0,1300,1065,1228,3,64,3,64,ok,,
transductive,repeat_02,2,42004020000,4,transductive_repeat_02_fold_04,transductive,all_pairs,overall,biological_shared_protein_count,-0.1162850011726282,spearman,none,none,1300,1300,0,1300,1065,1228,3,64,3,64,ok,,
transductive,repeat_02,2,42004020000,4,transductive_repeat_02_fold_04,transductive,all_pairs,overall,protein_size_geomean,0.3123301340906308,spearman,none,none,1300,1300,0,1300,1065,1228,3,64,3,64,ok,,
transductive,repeat_02,2,42004020000,4,transductive_repeat_02_fold_04,transductive,all_pairs,positive,shared_protein_count,-0.073340675988544,spearman,none,none,650,650,0,650,909,578,0,64,0,64,ok,,
transductive,repeat_02,2,42004020000,4,transductive_repeat_02_fold_04,transductive,all_pairs,positive,protein_jaccard,0.1446352236450219,spearman,none,none,650,650,0,650,909,578,0,64,0,64,ok,,
transductive,repeat_02,2,42004020000,4,transductive_repeat_02_fold_04,transductive,all_pairs,positive,shared_target_count,-0.2126069004261686,spearman,none,none,650,650,0,650,909,578,0,64,0,64,ok,,
transductive,repeat_02,2,42004020000,4,transductive_repeat_02_fold_04,transductive,all_pairs,positive,biological_shared_protein_count,-0.3646805897733895,spearman,none,none,650,650,0,650,909,578,0,64,0,64,ok,,
transductive,repeat_02,2,42004020000,4,transductive_repeat_02_fold_04,transductive,all_pairs,positive,protein_size_geomean,-0.2222637883723459,spearman,none,none,650,650,0,650,909,578,0,64,0,64,ok,,
transductive,repeat_02,2,42004020000,4,transductive_repeat_02_fold_04,transductive,all_pairs,negative,shared_protein_count,0.7053812472522235,spearman,none,none,650,650,0,650,287,650,3,0,3,0,ok,,
transductive,repeat_02,2,42004020000,4,transductive_repeat_02_fold_04,transductive,all_pairs,negative,protein_jaccard,0.6604463147812457,spearman,none,none,650,650,0,650,287,650,3,0,3,0,ok,,
transductive,repeat_02,2,42004020000,4,transductive_repeat_02_fold_04,transductive,all_pairs,negative,shared_target_count,0.2117324716874409,spearman,none,none,650,650,0,650,287,650,3,0,3,0,ok,,
transductive,repeat_02,2,42004020000,4,transductive_repeat_02_fold_04,transductive,all_pairs,negative,biological_shared_protein_count,0.1462046988316656,spearman,none,none,650,650,0,650,287,650,3,0,3,0,ok,,
transductive,repeat_02,2,42004020000,4,transductive_repeat_02_fold_04,transductive,all_pairs,negative,protein_size_geomean,0.5141319216477738,spearman,none,none,650,650,0,650,287,650,3,0,3,0,ok,,
transductive,repeat_02,2,42004020000,4,transductive_repeat_02_fold_04,transductive,both_have_targets,overall,shared_protein_count,0.7100601288831833,spearman,none,none,1140,1140,0,1140,875,1132,3,7,3,7,ok,,
transductive,repeat_02,2,42004020000,4,transductive_repeat_02_fold_04,transductive,both_have_targets,overall,protein_jaccard,0.7023096834001776,spearman,none,none,1140,1140,0,1140,875,1132,3,7,3,7,ok,,
transductive,repeat_02,2,42004020000,4,transductive_repeat_02_fold_04,transductive,both_have_targets,overall,shared_target_count,0.3188544833981621,spearman,none,none,1140,1140,0,1140,875,1132,3,7,3,7,ok,,
transductive,repeat_02,2,42004020000,4,transductive_repeat_02_fold_04,transductive,both_have_targets,overall,biological_shared_protein_count,0.1576349279634056,spearman,none,none,1140,1140,0,1140,875,1132,3,7,3,7,ok,,
transductive,repeat_02,2,42004020000,4,transductive_repeat_02_fold_04,transductive,both_have_targets,overall,protein_size_geomean,0.4980036855665002,spearman,none,none,1140,1140,0,1140,875,1132,3,7,3,7,ok,,
transductive,repeat_02,2,42004020000,4,transductive_repeat_02_fold_04,transductive,both_have_targets,positive,shared_protein_count,0.1931401027833168,spearman,none,none,490,490,0,490,711,482,0,7,0,7,ok,,
transductive,repeat_02,2,42004020000,4,transductive_repeat_02_fold_04,transductive,both_have_targets,positive,protein_jaccard,0.2003186904486346,spearman,none,none,490,490,0,490,711,482,0,7,0,7,ok,,
transductive,repeat_02,2,42004020000,4,transductive_repeat_02_fold_04,transductive,both_have_targets,positive,shared_target_count,-0.0048363959085212,spearman,none,none,490,490,0,490,711,482,0,7,0,7,ok,,
transductive,repeat_02,2,42004020000,4,transductive_repeat_02_fold_04,transductive,both_have_targets,positive,biological_shared_protein_count,-0.0841664136916701,spearman,none,none,490,490,0,490,711,482,0,7,0,7,ok,,
transductive,repeat_02,2,42004020000,4,transductive_repeat_02_fold_04,transductive,both_have_targets,positive,protein_size_geomean,0.0954209331104545,spearman,none,none,490,490,0,490,711,482,0,7,0,7,ok,,
transductive,repeat_02,2,42004020000,4,transductive_repeat_02_fold_04,transductive,both_have_targets,negative,shared_protein_count,0.7053812472522235,spearman,none,none,650,650,0,650,287,650,3,0,3,0,ok,,
transductive,repeat_02,2,42004020000,4,transductive_repeat_02_fold_04,transductive,both_have_targets,negative,protein_jaccard,0.6604463147812457,spearman,none,none,650,650,0,650,287,650,3,0,3,0,ok,,
transductive,repeat_02,2,42004020000,4,transductive_repeat_02_fold_04,transductive,both_have_targets,negative,shared_target_count,0.2117324716874409,spearman,none,none,650,650,0,650,287,650,3,0,3,0,ok,,
transductive,repeat_02,2,42004020000,4,transductive_repeat_02_fold_04,transductive,both_have_targets,negative,biological_shared_protein_count,0.1462046988316656,spearman,none,none,650,650,0,650,287,650,3,0,3,0,ok,,
transductive,repeat_02,2,42004020000,4,transductive_repeat_02_fold_04,transductive,both_have_targets,negative,protein_size_geomean,0.5141319216477738,spearman,none,none,650,650,0,650,287,650,3,0,3,0,ok,,
transductive,repeat_02,2,42004020000,4,transductive_repeat_02_fold_04,transductive,all_pairs,overall,shared_protein_count,0.6009248317072575,partial_spearman,n_proteins_a|n_proteins_b,endpoint_columns,1300,1300,0,1300,1065,1228,3,64,3,64,ok,3.0,1297.0
transductive,repeat_02,2,42004020000,4,transductive_repeat_02_fold_04,transductive,all_pairs,overall,shared_protein_count,0.610415846518425,partial_spearman,n_proteins_a|n_proteins_b,unordered_minmax,1300,1300,0,1300,1065,1228,3,64,3,64,ok,3.0,1297.0
transductive,repeat_02,2,42004020000,4,transductive_repeat_02_fold_04,transductive,all_pairs,overall,biological_shared_protein_count,0.1396637013882186,partial_spearman,n_biological_proteins_a|n_biological_proteins_b,endpoint_columns,1300,1300,0,1300,1065,1228,3,64,3,64,ok,3.0,1297.0
transductive,repeat_02,2,42004020000,4,transductive_repeat_02_fold_04,transductive,all_pairs,overall,biological_shared_protein_count,0.1909317589211821,partial_spearman,n_biological_proteins_a|n_biological_proteins_b,unordered_minmax,1300,1300,0,1300,1065,1228,3,64,3,64,ok,3.0,1297.0
transductive,repeat_02,2,42004020000,4,transductive_repeat_02_fold_04,transductive,all_pairs,overall,shared_target_count,0.2759254545815551,partial_spearman,n_targets_a|n_targets_b,endpoint_columns,1300,1300,0,1300,1065,1228,3,64,3,64,ok,3.0,1297.0
transductive,repeat_02,2,42004020000,4,transductive_repeat_02_fold_04,transductive,all_pairs,overall,shared_target_count,0.2987801989451349,partial_spearman,n_targets_a|n_targets_b,unordered_minmax,1300,1300,0,1300,1065,1228,3,64,3,64,ok,3.0,1297.0
transductive,repeat_02,2,42004020000,4,transductive_repeat_02_fold_04,transductive,all_pairs,positive,shared_protein_count,0.2143354087177522,partial_spearman,n_proteins_a|n_proteins_b,endpoint_columns,650,650,0,650,909,578,0,64,0,64,ok,3.0,647.0
transductive,repeat_02,2,42004020000,4,transductive_repeat_02_fold_04,transductive,all_pairs,positive,shared_protein_count,0.2808255022876489,partial_spearman,n_proteins_a|n_proteins_b,unordered_minmax,650,650,0,650,909,578,0,64,0,64,ok,3.0,647.0
transductive,repeat_02,2,42004020000,4,transductive_repeat_02_fold_04,transductive,all_pairs,positive,biological_shared_protein_count,-0.0166576512631799,partial_spearman,n_biological_proteins_a|n_biological_proteins_b,endpoint_columns,650,650,0,650,909,578,0,64,0,64,ok,3.0,647.0
transductive,repeat_02,2,42004020000,4,transductive_repeat_02_fold_04,transductive,all_pairs,positive,biological_shared_protein_count,0.0702655026663981,partial_spearman,n_biological_proteins_a|n_biological_proteins_b,unordered_minmax,650,650,0,650,909,578,0,64,0,64,ok,3.0,647.0
transductive,repeat_02,2,42004020000,4,transductive_repeat_02_fold_04,transductive,all_pairs,positive,shared_target_count,0.1103797450045343,partial_spearman,n_targets_a|n_targets_b,endpoint_columns,650,650,0,650,909,578,0,64,0,64,ok,3.0,647.0
transductive,repeat_02,2,42004020000,4,transductive_repeat_02_fold_04,transductive,all_pairs,positive,shared_target_count,0.1560226787556274,partial_spearman,n_targets_a|n_targets_b,unordered_minmax,650,650,0,650,909,578,0,64,0,64,ok,3.0,647.0
transductive,repeat_02,2,42004020000,4,transductive_repeat_02_fold_04,transductive,all_pairs,negative,shared_protein_count,0.6312147880719012,partial_spearman,n_proteins_a|n_proteins_b,endpoint_columns,650,650,0,650,287,650,3,0,3,0,ok,3.0,647.0
transductive,repeat_02,2,42004020000,4,transductive_repeat_02_fold_04,transductive,all_pairs,negative,shared_protein_count,0.5756174005216123,partial_spearman,n_proteins_a|n_proteins_b,unordered_minmax,650,650,0,650,287,650,3,0,3,0,ok,3.0,647.0
transductive,repeat_02,2,42004020000,4,transductive_repeat_02_fold_04,transductive,all_pairs,negative,biological_shared_protein_count,0.1895498804098018,partial_spearman,n_biological_proteins_a|n_biological_proteins_b,endpoint_columns,650,650,0,650,287,650,3,0,3,0,ok,3.0,647.0
transductive,repeat_02,2,42004020000,4,transductive_repeat_02_fold_04,transductive,all_pairs,negative,biological_shared_protein_count,0.1271012569231896,partial_spearman,n_biological_proteins_a|n_biological_proteins_b,unordered_minmax,650,650,0,650,287,650,3,0,3,0,ok,3.0,647.0
transductive,repeat_02,2,42004020000,4,transductive_repeat_02_fold_04,transductive,all_pairs,negative,shared_target_count,0.1679096671949479,partial_spearman,n_targets_a|n_targets_b,endpoint_columns,650,650,0,650,287,650,3,0,3,0,ok,3.0,647.0
transductive,repeat_02,2,42004020000,4,transductive_repeat_02_fold_04,transductive,all_pairs,negative,shared_target_count,0.1556180001143858,partial_spearman,n_targets_a|n_targets_b,unordered_minmax,650,650,0,650,287,650,3,0,3,0,ok,3.0,647.0
transductive,repeat_02,2,42004020000,4,transductive_repeat_02_fold_04,transductive,both_have_targets,overall,shared_protein_count,0.6577603507222557,partial_spearman,n_proteins_a|n_proteins_b,endpoint_columns,1140,1140,0,1140,875,1132,3,7,3,7,ok,3.0,1137.0
transductive,repeat_02,2,42004020000,4,transductive_repeat_02_fold_04,transductive,both_have_targets,overall,shared_protein_count,0.6340417245634372,partial_spearman,n_proteins_a|n_proteins_b,unordered_minmax,1140,1140,0,1140,875,1132,3,7,3,7,ok,3.0,1137.0
transductive,repeat_02,2,42004020000,4,transductive_repeat_02_fold_04,transductive,both_have_targets,overall,biological_shared_protein_count,0.2485619449993905,partial_spearman,n_biological_proteins_a|n_biological_proteins_b,endpoint_columns,1140,1140,0,1140,875,1132,3,7,3,7,ok,3.0,1137.0
transductive,repeat_02,2,42004020000,4,transductive_repeat_02_fold_04,transductive,both_have_targets,overall,biological_shared_protein_count,0.220847803334931,partial_spearman,n_biological_proteins_a|n_biological_proteins_b,unordered_minmax,1140,1140,0,1140,875,1132,3,7,3,7,ok,3.0,1137.0
transductive,repeat_02,2,42004020000,4,transductive_repeat_02_fold_04,transductive,both_have_targets,overall,shared_target_count,0.2987503114657616,partial_spearman,n_targets_a|n_targets_b,endpoint_columns,1140,1140,0,1140,875,1132,3,7,3,7,ok,3.0,1137.0
transductive,repeat_02,2,42004020000,4,transductive_repeat_02_fold_04,transductive,both_have_targets,overall,shared_target_count,0.2897201767633798,partial_spearman,n_targets_a|n_targets_b,unordered_minmax,1140,1140,0,1140,875,1132,3,7,3,7,ok,3.0,1137.0
transductive,repeat_02,2,42004020000,4,transductive_repeat_02_fold_04,transductive,both_have_targets,positive,shared_protein_count,0.2443311359168599,partial_spearman,n_proteins_a|n_proteins_b,endpoint_columns,490,490,0,490,711,482,0,7,0,7,ok,3.0,487.0
transductive,repeat_02,2,42004020000,4,transductive_repeat_02_fold_04,transductive,both_have_targets,positive,shared_protein_count,0.2496678657784486,partial_spearman,n_proteins_a|n_proteins_b,unordered_minmax,490,490,0,490,711,482,0,7,0,7,ok,3.0,487.0
transductive,repeat_02,2,42004020000,4,transductive_repeat_02_fold_04,transductive,both_have_targets,positive,biological_shared_protein_count,0.0401523177011102,partial_spearman,n_biological_proteins_a|n_biological_proteins_b,endpoint_columns,490,490,0,490,711,482,0,7,0,7,ok,3.0,487.0
transductive,repeat_02,2,42004020000,4,transductive_repeat_02_fold_04,transductive,both_have_targets,positive,biological_shared_protein_count,0.0484116429050359,partial_spearman,n_biological_proteins_a|n_biological_proteins_b,unordered_minmax,490,490,0,490,711,482,0,7,0,7,ok,3.0,487.0
transductive,repeat_02,2,42004020000,4,transductive_repeat_02_fold_04,transductive,both_have_targets,positive,shared_target_count,0.0973723832122671,partial_spearman,n_targets_a|n_targets_b,endpoint_columns,490,490,0,490,711,482,0,7,0,7,ok,3.0,487.0
transductive,repeat_02,2,42004020000,4,transductive_repeat_02_fold_04,transductive,both_have_targets,positive,shared_target_count,0.112262501982142,partial_spearman,n_targets_a|n_targets_b,unordered_minmax,490,490,0,490,711,482,0,7,0,7,ok,3.0,487.0
transductive,repeat_02,2,42004020000,4,transductive_repeat_02_fold_04,transductive,both_have_targets,negative,shared_protein_count,0.6312147880719012,partial_spearman,n_proteins_a|n_proteins_b,endpoint_columns,650,650,0,650,287,650,3,0,3,0,ok,3.0,647.0
transductive,repeat_02,2,42004020000,4,transductive_repeat_02_fold_04,transductive,both_have_targets,negative,shared_protein_count,0.5756174005216123,partial_spearman,n_proteins_a|n_proteins_b,unordered_minmax,650,650,0,650,287,650,3,0,3,0,ok,3.0,647.0
transductive,repeat_02,2,42004020000,4,transductive_repeat_02_fold_04,transductive,both_have_targets,negative,biological_shared_protein_count,0.1895498804098018,partial_spearman,n_biological_proteins_a|n_biological_proteins_b,endpoint_columns,650,650,0,650,287,650,3,0,3,0,ok,3.0,647.0
transductive,repeat_02,2,42004020000,4,transductive_repeat_02_fold_04,transductive,both_have_targets,negative,biological_shared_protein_count,0.1271012569231896,partial_spearman,n_biological_proteins_a|n_biological_proteins_b,unordered_minmax,650,650,0,650,287,650,3,0,3,0,ok,3.0,647.0
transductive,repeat_02,2,42004020000,4,transductive_repeat_02_fold_04,transductive,both_have_targets,negative,shared_target_count,0.1679096671949479,partial_spearman,n_targets_a|n_targets_b,endpoint_columns,650,650,0,650,287,650,3,0,3,0,ok,3.0,647.0
transductive,repeat_02,2,42004020000,4,transductive_repeat_02_fold_04,transductive,both_have_targets,negative,shared_target_count,0.1556180001143858,partial_spearman,n_targets_a|n_targets_b,unordered_minmax,650,650,0,650,287,650,3,0,3,0,ok,3.0,647.0
transductive,repeat_02,2,42004020000,4,transductive_repeat_02_fold_04,transductive,all_pairs,overall,biological_shared_protein_count,0.2375834823973149,partial_spearman,n_biological_proteins_a|n_biological_proteins_b|either_biological_size_zero,endpoint_columns_plus_zero,1300,1300,0,1300,1065,1228,3,64,3,64,ok,4.0,1296.0
transductive,repeat_02,2,42004020000,4,transductive_repeat_02_fold_04,transductive,all_pairs,overall,biological_shared_protein_count,0.2035006777143536,partial_spearman,n_biological_proteins_a|n_biological_proteins_b|either_biological_size_zero,unordered_minmax_plus_zero,1300,1300,0,1300,1065,1228,3,64,3,64,ok,4.0,1296.0
transductive,repeat_03,3,42000030000,0,transductive_repeat_03_fold_00,transductive,all_pairs,overall,shared_protein_count,0.6272993405850138,spearman,none,none,1300,1300,0,1300,1058,1240,6,57,6,57,ok,,
transductive,repeat_03,3,42000030000,0,transductive_repeat_03_fold_00,transductive,all_pairs,overall,protein_jaccard,0.6827892942530049,spearman,none,none,1300,1300,0,1300,1058,1240,6,57,6,57,ok,,
transductive,repeat_03,3,42000030000,0,transductive_repeat_03_fold_00,transductive,all_pairs,overall,shared_target_count,0.1535734581678376,spearman,none,none,1300,1300,0,1300,1058,1240,6,57,6,57,ok,,
transductive,repeat_03,3,42000030000,0,transductive_repeat_03_fold_00,transductive,all_pairs,overall,biological_shared_protein_count,-0.0783973986347579,spearman,none,none,1300,1300,0,1300,1058,1240,6,57,6,57,ok,,
transductive,repeat_03,3,42000030000,0,transductive_repeat_03_fold_00,transductive,all_pairs,overall,protein_size_geomean,0.369835647595685,spearman,none,none,1300,1300,0,1300,1058,1240,6,57,6,57,ok,,
transductive,repeat_03,3,42000030000,0,transductive_repeat_03_fold_00,transductive,all_pairs,positive,shared_protein_count,0.0344707546613754,spearman,none,none,650,650,0,650,897,590,0,57,0,57,ok,,
transductive,repeat_03,3,42000030000,0,transductive_repeat_03_fold_00,transductive,all_pairs,positive,protein_jaccard,0.2192658311930923,spearman,none,none,650,650,0,650,897,590,0,57,0,57,ok,,
transductive,repeat_03,3,42000030000,0,transductive_repeat_03_fold_00,transductive,all_pairs,positive,shared_target_count,-0.2269537240973036,spearman,none,none,650,650,0,650,897,590,0,57,0,57,ok,,
transductive,repeat_03,3,42000030000,0,transductive_repeat_03_fold_00,transductive,all_pairs,positive,biological_shared_protein_count,-0.3354172431711035,spearman,none,none,650,650,0,650,897,590,0,57,0,57,ok,,
transductive,repeat_03,3,42000030000,0,transductive_repeat_03_fold_00,transductive,all_pairs,positive,protein_size_geomean,-0.1277849582262013,spearman,none,none,650,650,0,650,897,590,0,57,0,57,ok,,
transductive,repeat_03,3,42000030000,0,transductive_repeat_03_fold_00,transductive,all_pairs,negative,shared_protein_count,0.795229415906362,spearman,none,none,650,650,0,650,291,650,6,0,6,0,ok,,
transductive,repeat_03,3,42000030000,0,transductive_repeat_03_fold_00,transductive,all_pairs,negative,protein_jaccard,0.7650148379836631,spearman,none,none,650,650,0,650,291,650,6,0,6,0,ok,,
transductive,repeat_03,3,42000030000,0,transductive_repeat_03_fold_00,transductive,all_pairs,negative,shared_target_count,0.2239147586053282,spearman,none,none,650,650,0,650,291,650,6,0,6,0,ok,,
transductive,repeat_03,3,42000030000,0,transductive_repeat_03_fold_00,transductive,all_pairs,negative,biological_shared_protein_count,0.1703170951464524,spearman,none,none,650,650,0,650,291,650,6,0,6,0,ok,,
transductive,repeat_03,3,42000030000,0,transductive_repeat_03_fold_00,transductive,all_pairs,negative,protein_size_geomean,0.589269055360246,spearman,none,none,650,650,0,650,291,650,6,0,6,0,ok,,
transductive,repeat_03,3,42000030000,0,transductive_repeat_03_fold_00,transductive,both_have_targets,overall,shared_protein_count,0.7522453522869679,spearman,none,none,1140,1140,0,1140,864,1134,6,7,6,7,ok,,
transductive,repeat_03,3,42000030000,0,transductive_repeat_03_fold_00,transductive,both_have_targets,overall,protein_jaccard,0.7506675962356298,spearman,none,none,1140,1140,0,1140,864,1134,6,7,6,7,ok,,
transductive,repeat_03,3,42000030000,0,transductive_repeat_03_fold_00,transductive,both_have_targets,overall,shared_target_count,0.3100773344985108,spearman,none,none,1140,1140,0,1140,864,1134,6,7,6,7,ok,,
transductive,repeat_03,3,42000030000,0,transductive_repeat_03_fold_00,transductive,both_have_targets,overall,biological_shared_protein_count,0.1846390751208198,spearman,none,none,1140,1140,0,1140,864,1134,6,7,6,7,ok,,
transductive,repeat_03,3,42000030000,0,transductive_repeat_03_fold_00,transductive,both_have_targets,overall,protein_size_geomean,0.5329159843027621,spearman,none,none,1140,1140,0,1140,864,1134,6,7,6,7,ok,,
transductive,repeat_03,3,42000030000,0,transductive_repeat_03_fold_00,transductive,both_have_targets,positive,shared_protein_count,0.2766100804589022,spearman,none,none,490,490,0,490,695,484,0,7,0,7,ok,,
transductive,repeat_03,3,42000030000,0,transductive_repeat_03_fold_00,transductive,both_have_targets,positive,protein_jaccard,0.3171906834015395,spearman,none,none,490,490,0,490,695,484,0,7,0,7,ok,,
transductive,repeat_03,3,42000030000,0,transductive_repeat_03_fold_00,transductive,both_have_targets,positive,shared_target_count,-0.0625327198531749,spearman,none,none,490,490,0,490,695,484,0,7,0,7,ok,,
transductive,repeat_03,3,42000030000,0,transductive_repeat_03_fold_00,transductive,both_have_targets,positive,biological_shared_protein_count,-0.0912094966759913,spearman,none,none,490,490,0,490,695,484,0,7,0,7,ok,,
transductive,repeat_03,3,42000030000,0,transductive_repeat_03_fold_00,transductive,both_have_targets,positive,protein_size_geomean,0.1268933989738267,spearman,none,none,490,490,0,490,695,484,0,7,0,7,ok,,
transductive,repeat_03,3,42000030000,0,transductive_repeat_03_fold_00,transductive,both_have_targets,negative,shared_protein_count,0.795229415906362,spearman,none,none,650,650,0,650,291,650,6,0,6,0,ok,,
transductive,repeat_03,3,42000030000,0,transductive_repeat_03_fold_00,transductive,both_have_targets,negative,protein_jaccard,0.7650148379836631,spearman,none,none,650,650,0,650,291,650,6,0,6,0,ok,,
transductive,repeat_03,3,42000030000,0,transductive_repeat_03_fold_00,transductive,both_have_targets,negative,shared_target_count,0.2239147586053282,spearman,none,none,650,650,0,650,291,650,6,0,6,0,ok,,
transductive,repeat_03,3,42000030000,0,transductive_repeat_03_fold_00,transductive,both_have_targets,negative,biological_shared_protein_count,0.1703170951464524,spearman,none,none,650,650,0,650,291,650,6,0,6,0,ok,,
transductive,repeat_03,3,42000030000,0,transductive_repeat_03_fold_00,transductive,both_have_targets,negative,protein_size_geomean,0.589269055360246,spearman,none,none,650,650,0,650,291,650,6,0,6,0,ok,,
transductive,repeat_03,3,42000030000,0,transductive_repeat_03_fold_00,transductive,all_pairs,overall,shared_protein_count,0.6384243787087375,partial_spearman,n_proteins_a|n_proteins_b,endpoint_columns,1300,1300,0,1300,1058,1240,6,57,6,57,ok,3.0,1297.0
transductive,repeat_03,3,42000030000,0,transductive_repeat_03_fold_00,transductive,all_pairs,overall,shared_protein_count,0.6107391391754042,partial_spearman,n_proteins_a|n_proteins_b,unordered_minmax,1300,1300,0,1300,1058,1240,6,57,6,57,ok,3.0,1297.0
transductive,repeat_03,3,42000030000,0,transductive_repeat_03_fold_00,transductive,all_pairs,overall,biological_shared_protein_count,0.1270355202487069,partial_spearman,n_biological_proteins_a|n_biological_proteins_b,endpoint_columns,1300,1300,0,1300,1058,1240,6,57,6,57,ok,3.0,1297.0
transductive,repeat_03,3,42000030000,0,transductive_repeat_03_fold_00,transductive,all_pairs,overall,biological_shared_protein_count,0.1946742602335788,partial_spearman,n_biological_proteins_a|n_biological_proteins_b,unordered_minmax,1300,1300,0,1300,1058,1240,6,57,6,57,ok,3.0,1297.0
transductive,repeat_03,3,42000030000,0,transductive_repeat_03_fold_00,transductive,all_pairs,overall,shared_target_count,0.2589936566685291,partial_spearman,n_targets_a|n_targets_b,endpoint_columns,1300,1300,0,1300,1058,1240,6,57,6,57,ok,3.0,1297.0
transductive,repeat_03,3,42000030000,0,transductive_repeat_03_fold_00,transductive,all_pairs,overall,shared_target_count,0.2923903860089704,partial_spearman,n_targets_a|n_targets_b,unordered_minmax,1300,1300,0,1300,1058,1240,6,57,6,57,ok,3.0,1297.0
transductive,repeat_03,3,42000030000,0,transductive_repeat_03_fold_00,transductive,all_pairs,positive,shared_protein_count,0.2863392705061117,partial_spearman,n_proteins_a|n_proteins_b,endpoint_columns,650,650,0,650,897,590,0,57,0,57,ok,3.0,647.0
transductive,repeat_03,3,42000030000,0,transductive_repeat_03_fold_00,transductive,all_pairs,positive,shared_protein_count,0.29524241325314,partial_spearman,n_proteins_a|n_proteins_b,unordered_minmax,650,650,0,650,897,590,0,57,0,57,ok,3.0,647.0
transductive,repeat_03,3,42000030000,0,transductive_repeat_03_fold_00,transductive,all_pairs,positive,biological_shared_protein_count,-0.0816323875066903,partial_spearman,n_biological_proteins_a|n_biological_proteins_b,endpoint_columns,650,650,0,650,897,590,0,57,0,57,ok,3.0,647.0
transductive,repeat_03,3,42000030000,0,transductive_repeat_03_fold_00,transductive,all_pairs,positive,biological_shared_protein_count,-0.027126840721393,partial_spearman,n_biological_proteins_a|n_biological_proteins_b,unordered_minmax,650,650,0,650,897,590,0,57,0,57,ok,3.0,647.0
transductive,repeat_03,3,42000030000,0,transductive_repeat_03_fold_00,transductive,all_pairs,positive,shared_target_count,0.0040882754857284,partial_spearman,n_targets_a|n_targets_b,endpoint_columns,650,650,0,650,897,590,0,57,0,57,ok,3.0,647.0
transductive,repeat_03,3,42000030000,0,transductive_repeat_03_fold_00,transductive,all_pairs,positive,shared_target_count,0.0653592465126018,partial_spearman,n_targets_a|n_targets_b,unordered_minmax,650,650,0,650,897,590,0,57,0,57,ok,3.0,647.0
transductive,repeat_03,3,42000030000,0,transductive_repeat_03_fold_00,transductive,all_pairs,negative,shared_protein_count,0.7343484654917998,partial_spearman,n_proteins_a|n_proteins_b,endpoint_columns,650,650,0,650,291,650,6,0,6,0,ok,3.0,647.0
transductive,repeat_03,3,42000030000,0,transductive_repeat_03_fold_00,transductive,all_pairs,negative,shared_protein_count,0.6471570166618483,partial_spearman,n_proteins_a|n_proteins_b,unordered_minmax,650,650,0,650,291,650,6,0,6,0,ok,3.0,647.0
transductive,repeat_03,3,42000030000,0,transductive_repeat_03_fold_00,transductive,all_pairs,negative,biological_shared_protein_count,0.1657528174626999,partial_spearman,n_biological_proteins_a|n_biological_proteins_b,endpoint_columns,650,650,0,650,291,650,6,0,6,0,ok,3.0,647.0
transductive,repeat_03,3,42000030000,0,transductive_repeat_03_fold_00,transductive,all_pairs,negative,biological_shared_protein_count,0.1220858615472756,partial_spearman,n_biological_proteins_a|n_biological_proteins_b,unordered_minmax,650,650,0,650,291,650,6,0,6,0,ok,3.0,647.0
transductive,repeat_03,3,42000030000,0,transductive_repeat_03_fold_00,transductive,all_pairs,negative,shared_target_count,0.1598174567225635,partial_spearman,n_targets_a|n_targets_b,endpoint_columns,650,650,0,650,291,650,6,0,6,0,ok,3.0,647.0
transductive,repeat_03,3,42000030000,0,transductive_repeat_03_fold_00,transductive,all_pairs,negative,shared_target_count,0.1468824103740432,partial_spearman,n_targets_a|n_targets_b,unordered_minmax,650,650,0,650,291,650,6,0,6,0,ok,3.0,647.0
transductive,repeat_03,3,42000030000,0,transductive_repeat_03_fold_00,transductive,both_have_targets,overall,shared_protein_count,0.7004181979891207,partial_spearman,n_proteins_a|n_proteins_b,endpoint_columns,1140,1140,0,1140,864,1134,6,7,6,7,ok,3.0,1137.0
transductive,repeat_03,3,42000030000,0,transductive_repeat_03_fold_00,transductive,both_have_targets,overall,shared_protein_count,0.64306370796193,partial_spearman,n_proteins_a|n_proteins_b,unordered_minmax,1140,1140,0,1140,864,1134,6,7,6,7,ok,3.0,1137.0
transductive,repeat_03,3,42000030000,0,transductive_repeat_03_fold_00,transductive,both_have_targets,overall,biological_shared_protein_count,0.2438277983155869,partial_spearman,n_biological_proteins_a|n_biological_proteins_b,endpoint_columns,1140,1140,0,1140,864,1134,6,7,6,7,ok,3.0,1137.0
transductive,repeat_03,3,42000030000,0,transductive_repeat_03_fold_00,transductive,both_have_targets,overall,biological_shared_protein_count,0.233677210857659,partial_spearman,n_biological_proteins_a|n_biological_proteins_b,unordered_minmax,1140,1140,0,1140,864,1134,6,7,6,7,ok,3.0,1137.0
transductive,repeat_03,3,42000030000,0,transductive_repeat_03_fold_00,transductive,both_have_targets,overall,shared_target_count,0.2877598483312508,partial_spearman,n_targets_a|n_targets_b,endpoint_columns,1140,1140,0,1140,864,1134,6,7,6,7,ok,3.0,1137.0
transductive,repeat_03,3,42000030000,0,transductive_repeat_03_fold_00,transductive,both_have_targets,overall,shared_target_count,0.2845483017912031,partial_spearman,n_targets_a|n_targets_b,unordered_minmax,1140,1140,0,1140,864,1134,6,7,6,7,ok,3.0,1137.0
transductive,repeat_03,3,42000030000,0,transductive_repeat_03_fold_00,transductive,both_have_targets,positive,shared_protein_count,0.3318800002839341,partial_spearman,n_proteins_a|n_proteins_b,endpoint_columns,490,490,0,490,695,484,0,7,0,7,ok,3.0,487.0
transductive,repeat_03,3,42000030000,0,transductive_repeat_03_fold_00,transductive,both_have_targets,positive,shared_protein_count,0.2773406760225157,partial_spearman,n_proteins_a|n_proteins_b,unordered_minmax,490,490,0,490,695,484,0,7,0,7,ok,3.0,487.0
transductive,repeat_03,3,42000030000,0,transductive_repeat_03_fold_00,transductive,both_have_targets,positive,biological_shared_protein_count,-0.0168096054570038,partial_spearman,n_biological_proteins_a|n_biological_proteins_b,endpoint_columns,490,490,0,490,695,484,0,7,0,7,ok,3.0,487.0
transductive,repeat_03,3,42000030000,0,transductive_repeat_03_fold_00,transductive,both_have_targets,positive,biological_shared_protein_count,-0.0160831903980244,partial_spearman,n_biological_proteins_a|n_biological_proteins_b,unordered_minmax,490,490,0,490,695,484,0,7,0,7,ok,3.0,487.0
transductive,repeat_03,3,42000030000,0,transductive_repeat_03_fold_00,transductive,both_have_targets,positive,shared_target_count,-0.0123883794793903,partial_spearman,n_targets_a|n_targets_b,endpoint_columns,490,490,0,490,695,484,0,7,0,7,ok,3.0,487.0
transductive,repeat_03,3,42000030000,0,transductive_repeat_03_fold_00,transductive,both_have_targets,positive,shared_target_count,0.0235949744309324,partial_spearman,n_targets_a|n_targets_b,unordered_minmax,490,490,0,490,695,484,0,7,0,7,ok,3.0,487.0
transductive,repeat_03,3,42000030000,0,transductive_repeat_03_fold_00,transductive,both_have_targets,negative,shared_protein_count,0.7343484654917998,partial_spearman,n_proteins_a|n_proteins_b,endpoint_columns,650,650,0,650,291,650,6,0,6,0,ok,3.0,647.0
transductive,repeat_03,3,42000030000,0,transductive_repeat_03_fold_00,transductive,both_have_targets,negative,shared_protein_count,0.6471570166618483,partial_spearman,n_proteins_a|n_proteins_b,unordered_minmax,650,650,0,650,291,650,6,0,6,0,ok,3.0,647.0
transductive,repeat_03,3,42000030000,0,transductive_repeat_03_fold_00,transductive,both_have_targets,negative,biological_shared_protein_count,0.1657528174626999,partial_spearman,n_biological_proteins_a|n_biological_proteins_b,endpoint_columns,650,650,0,650,291,650,6,0,6,0,ok,3.0,647.0
transductive,repeat_03,3,42000030000,0,transductive_repeat_03_fold_00,transductive,both_have_targets,negative,biological_shared_protein_count,0.1220858615472756,partial_spearman,n_biological_proteins_a|n_biological_proteins_b,unordered_minmax,650,650,0,650,291,650,6,0,6,0,ok,3.0,647.0
transductive,repeat_03,3,42000030000,0,transductive_repeat_03_fold_00,transductive,both_have_targets,negative,shared_target_count,0.1598174567225635,partial_spearman,n_targets_a|n_targets_b,endpoint_columns,650,650,0,650,291,650,6,0,6,0,ok,3.0,647.0
transductive,repeat_03,3,42000030000,0,transductive_repeat_03_fold_00,transductive,both_have_targets,negative,shared_target_count,0.1468824103740432,partial_spearman,n_targets_a|n_targets_b,unordered_minmax,650,650,0,650,291,650,6,0,6,0,ok,3.0,647.0
transductive,repeat_03,3,42000030000,0,transductive_repeat_03_fold_00,transductive,all_pairs,overall,biological_shared_protein_count,0.2361217392145573,partial_spearman,n_biological_proteins_a|n_biological_proteins_b|either_biological_size_zero,endpoint_columns_plus_zero,1300,1300,0,1300,1058,1240,6,57,6,57,ok,4.0,1296.0
transductive,repeat_03,3,42000030000,0,transductive_repeat_03_fold_00,transductive,all_pairs,overall,biological_shared_protein_count,0.2165797425935922,partial_spearman,n_biological_proteins_a|n_biological_proteins_b|either_biological_size_zero,unordered_minmax_plus_zero,1300,1300,0,1300,1058,1240,6,57,6,57,ok,4.0,1296.0
transductive,repeat_03,3,42001030000,1,transductive_repeat_03_fold_01,transductive,all_pairs,overall,shared_protein_count,0.5786967706776365,spearman,none,none,1300,1300,0,1300,1072,1220,6,72,6,72,ok,,
transductive,repeat_03,3,42001030000,1,transductive_repeat_03_fold_01,transductive,all_pairs,overall,protein_jaccard,0.658814562264843,spearman,none,none,1300,1300,0,1300,1072,1220,6,72,6,72,ok,,
transductive,repeat_03,3,42001030000,1,transductive_repeat_03_fold_01,transductive,all_pairs,overall,shared_target_count,0.1607437876678157,spearman,none,none,1300,1300,0,1300,1072,1220,6,72,6,72,ok,,
transductive,repeat_03,3,42001030000,1,transductive_repeat_03_fold_01,transductive,all_pairs,overall,biological_shared_protein_count,-0.1337025812665878,spearman,none,none,1300,1300,0,1300,1072,1220,6,72,6,72,ok,,
transductive,repeat_03,3,42001030000,1,transductive_repeat_03_fold_01,transductive,all_pairs,overall,protein_size_geomean,0.2850197757994604,spearman,none,none,1300,1300,0,1300,1072,1220,6,72,6,72,ok,,
transductive,repeat_03,3,42001030000,1,transductive_repeat_03_fold_01,transductive,all_pairs,positive,shared_protein_count,-0.086022481977533,spearman,none,none,650,650,0,650,919,570,0,72,0,72,ok,,
transductive,repeat_03,3,42001030000,1,transductive_repeat_03_fold_01,transductive,all_pairs,positive,protein_jaccard,0.2105463195409458,spearman,none,none,650,650,0,650,919,570,0,72,0,72,ok,,
transductive,repeat_03,3,42001030000,1,transductive_repeat_03_fold_01,transductive,all_pairs,positive,shared_target_count,-0.194098783939305,spearman,none,none,650,650,0,650,919,570,0,72,0,72,ok,,
transductive,repeat_03,3,42001030000,1,transductive_repeat_03_fold_01,transductive,all_pairs,positive,biological_shared_protein_count,-0.3556285186503817,spearman,none,none,650,650,0,650,919,570,0,72,0,72,ok,,
transductive,repeat_03,3,42001030000,1,transductive_repeat_03_fold_01,transductive,all_pairs,positive,protein_size_geomean,-0.2411690135022194,spearman,none,none,650,650,0,650,919,570,0,72,0,72,ok,,
transductive,repeat_03,3,42001030000,1,transductive_repeat_03_fold_01,transductive,all_pairs,negative,shared_protein_count,0.7153648208295261,spearman,none,none,650,650,0,650,283,650,6,0,6,0,ok,,
transductive,repeat_03,3,42001030000,1,transductive_repeat_03_fold_01,transductive,all_pairs,negative,protein_jaccard,0.6701247735793082,spearman,none,none,650,650,0,650,283,650,6,0,6,0,ok,,
transductive,repeat_03,3,42001030000,1,transductive_repeat_03_fold_01,transductive,all_pairs,negative,shared_target_count,0.2141458847675391,spearman,none,none,650,650,0,650,283,650,6,0,6,0,ok,,
transductive,repeat_03,3,42001030000,1,transductive_repeat_03_fold_01,transductive,all_pairs,negative,biological_shared_protein_count,0.0720550930866702,spearman,none,none,650,650,0,650,283,650,6,0,6,0,ok,,
transductive,repeat_03,3,42001030000,1,transductive_repeat_03_fold_01,transductive,all_pairs,negative,protein_size_geomean,0.4577573847316642,spearman,none,none,650,650,0,650,283,650,6,0,6,0,ok,,
transductive,repeat_03,3,42001030000,1,transductive_repeat_03_fold_01,transductive,both_have_targets,overall,shared_protein_count,0.7192956645447336,spearman,none,none,1133,1133,0,1133,854,1119,6,12,6,12,ok,,
transductive,repeat_03,3,42001030000,1,transductive_repeat_03_fold_01,transductive,both_have_targets,overall,protein_jaccard,0.7256751358915613,spearman,none,none,1133,1133,0,1133,854,1119,6,12,6,12,ok,,
transductive,repeat_03,3,42001030000,1,transductive_repeat_03_fold_01,transductive,both_have_targets,overall,shared_target_count,0.3349381780430281,spearman,none,none,1133,1133,0,1133,854,1119,6,12,6,12,ok,,
transductive,repeat_03,3,42001030000,1,transductive_repeat_03_fold_01,transductive,both_have_targets,overall,biological_shared_protein_count,0.1451504954464369,spearman,none,none,1133,1133,0,1133,854,1119,6,12,6,12,ok,,
transductive,repeat_03,3,42001030000,1,transductive_repeat_03_fold_01,transductive,both_have_targets,overall,protein_size_geomean,0.4684416941221339,spearman,none,none,1133,1133,0,1133,854,1119,6,12,6,12,ok,,
transductive,repeat_03,3,42001030000,1,transductive_repeat_03_fold_01,transductive,both_have_targets,positive,shared_protein_count,0.1601812212693971,spearman,none,none,483,483,0,483,691,469,0,12,0,12,ok,,
transductive,repeat_03,3,42001030000,1,transductive_repeat_03_fold_01,transductive,both_have_targets,positive,protein_jaccard,0.2752161201904339,spearman,none,none,483,483,0,483,691,469,0,12,0,12,ok,,
transductive,repeat_03,3,42001030000,1,transductive_repeat_03_fold_01,transductive,both_have_targets,positive,shared_target_count,0.0424865416388691,spearman,none,none,483,483,0,483,691,469,0,12,0,12,ok,,
transductive,repeat_03,3,42001030000,1,transductive_repeat_03_fold_01,transductive,both_have_targets,positive,biological_shared_protein_count,-0.0438594402796791,spearman,none,none,483,483,0,483,691,469,0,12,0,12,ok,,
transductive,repeat_03,3,42001030000,1,transductive_repeat_03_fold_01,transductive,both_have_targets,positive,protein_size_geomean,0.0370890351182796,spearman,none,none,483,483,0,483,691,469,0,12,0,12,ok,,
transductive,repeat_03,3,42001030000,1,transductive_repeat_03_fold_01,transductive,both_have_targets,negative,shared_protein_count,0.7153648208295261,spearman,none,none,650,650,0,650,283,650,6,0,6,0,ok,,
transductive,repeat_03,3,42001030000,1,transductive_repeat_03_fold_01,transductive,both_have_targets,negative,protein_jaccard,0.6701247735793082,spearman,none,none,650,650,0,650,283,650,6,0,6,0,ok,,
transductive,repeat_03,3,42001030000,1,transductive_repeat_03_fold_01,transductive,both_have_targets,negative,shared_target_count,0.2141458847675391,spearman,none,none,650,650,0,650,283,650,6,0,6,0,ok,,
transductive,repeat_03,3,42001030000,1,transductive_repeat_03_fold_01,transductive,both_have_targets,negative,biological_shared_protein_count,0.0720550930866702,spearman,none,none,650,650,0,650,283,650,6,0,6,0,ok,,
transductive,repeat_03,3,42001030000,1,transductive_repeat_03_fold_01,transductive,both_have_targets,negative,protein_size_geomean,0.4577573847316642,spearman,none,none,650,650,0,650,283,650,6,0,6,0,ok,,
transductive,repeat_03,3,42001030000,1,transductive_repeat_03_fold_01,transductive,all_pairs,overall,shared_protein_count,0.6151163918941271,partial_spearman,n_proteins_a|n_proteins_b,endpoint_columns,1300,1300,0,1300,1072,1220,6,72,6,72,ok,3.0,1297.0
transductive,repeat_03,3,42001030000,1,transductive_repeat_03_fold_01,transductive,all_pairs,overall,shared_protein_count,0.6149334018405606,partial_spearman,n_proteins_a|n_proteins_b,unordered_minmax,1300,1300,0,1300,1072,1220,6,72,6,72,ok,3.0,1297.0
transductive,repeat_03,3,42001030000,1,transductive_repeat_03_fold_01,transductive,all_pairs,overall,biological_shared_protein_count,0.13853965981579,partial_spearman,n_biological_proteins_a|n_biological_proteins_b,endpoint_columns,1300,1300,0,1300,1072,1220,6,72,6,72,ok,3.0,1297.0
transductive,repeat_03,3,42001030000,1,transductive_repeat_03_fold_01,transductive,all_pairs,overall,biological_shared_protein_count,0.207330586262209,partial_spearman,n_biological_proteins_a|n_biological_proteins_b,unordered_minmax,1300,1300,0,1300,1072,1220,6,72,6,72,ok,3.0,1297.0
transductive,repeat_03,3,42001030000,1,transductive_repeat_03_fold_01,transductive,all_pairs,overall,shared_target_count,0.2682678701206606,partial_spearman,n_targets_a|n_targets_b,endpoint_columns,1300,1300,0,1300,1072,1220,6,72,6,72,ok,3.0,1297.0
transductive,repeat_03,3,42001030000,1,transductive_repeat_03_fold_01,transductive,all_pairs,overall,shared_target_count,0.2930888424523402,partial_spearman,n_targets_a|n_targets_b,unordered_minmax,1300,1300,0,1300,1072,1220,6,72,6,72,ok,3.0,1297.0
transductive,repeat_03,3,42001030000,1,transductive_repeat_03_fold_01,transductive,all_pairs,positive,shared_protein_count,0.2318504958525645,partial_spearman,n_proteins_a|n_proteins_b,endpoint_columns,650,650,0,650,919,570,0,72,0,72,ok,3.0,647.0
transductive,repeat_03,3,42001030000,1,transductive_repeat_03_fold_01,transductive,all_pairs,positive,shared_protein_count,0.2393822042660263,partial_spearman,n_proteins_a|n_proteins_b,unordered_minmax,650,650,0,650,919,570,0,72,0,72,ok,3.0,647.0
transductive,repeat_03,3,42001030000,1,transductive_repeat_03_fold_01,transductive,all_pairs,positive,biological_shared_protein_count,-0.0213726170524291,partial_spearman,n_biological_proteins_a|n_biological_proteins_b,endpoint_columns,650,650,0,650,919,570,0,72,0,72,ok,3.0,647.0
transductive,repeat_03,3,42001030000,1,transductive_repeat_03_fold_01,transductive,all_pairs,positive,biological_shared_protein_count,0.050693779663364,partial_spearman,n_biological_proteins_a|n_biological_proteins_b,unordered_minmax,650,650,0,650,919,570,0,72,0,72,ok,3.0,647.0
transductive,repeat_03,3,42001030000,1,transductive_repeat_03_fold_01,transductive,all_pairs,positive,shared_target_count,0.1110739959739898,partial_spearman,n_targets_a|n_targets_b,endpoint_columns,650,650,0,650,919,570,0,72,0,72,ok,3.0,647.0
transductive,repeat_03,3,42001030000,1,transductive_repeat_03_fold_01,transductive,all_pairs,positive,shared_target_count,0.1607458604264768,partial_spearman,n_targets_a|n_targets_b,unordered_minmax,650,650,0,650,919,570,0,72,0,72,ok,3.0,647.0
transductive,repeat_03,3,42001030000,1,transductive_repeat_03_fold_01,transductive,all_pairs,negative,shared_protein_count,0.6581630548815038,partial_spearman,n_proteins_a|n_proteins_b,endpoint_columns,650,650,0,650,283,650,6,0,6,0,ok,3.0,647.0
transductive,repeat_03,3,42001030000,1,transductive_repeat_03_fold_01,transductive,all_pairs,negative,shared_protein_count,0.6520840658852061,partial_spearman,n_proteins_a|n_proteins_b,unordered_minmax,650,650,0,650,283,650,6,0,6,0,ok,3.0,647.0
transductive,repeat_03,3,42001030000,1,transductive_repeat_03_fold_01,transductive,all_pairs,negative,biological_shared_protein_count,0.1739097404575023,partial_spearman,n_biological_proteins_a|n_biological_proteins_b,endpoint_columns,650,650,0,650,283,650,6,0,6,0,ok,3.0,647.0
transductive,repeat_03,3,42001030000,1,transductive_repeat_03_fold_01,transductive,all_pairs,negative,biological_shared_protein_count,0.1573027812369776,partial_spearman,n_biological_proteins_a|n_biological_proteins_b,unordered_minmax,650,650,0,650,283,650,6,0,6,0,ok,3.0,647.0
transductive,repeat_03,3,42001030000,1,transductive_repeat_03_fold_01,transductive,all_pairs,negative,shared_target_count,0.1840695462549451,partial_spearman,n_targets_a|n_targets_b,endpoint_columns,650,650,0,650,283,650,6,0,6,0,ok,3.0,647.0
transductive,repeat_03,3,42001030000,1,transductive_repeat_03_fold_01,transductive,all_pairs,negative,shared_target_count,0.178605341278894,partial_spearman,n_targets_a|n_targets_b,unordered_minmax,650,650,0,650,283,650,6,0,6,0,ok,3.0,647.0
transductive,repeat_03,3,42001030000,1,transductive_repeat_03_fold_01,transductive,both_have_targets,overall,shared_protein_count,0.6751095017829346,partial_spearman,n_proteins_a|n_proteins_b,endpoint_columns,1133,1133,0,1133,854,1119,6,12,6,12,ok,3.0,1130.0
transductive,repeat_03,3,42001030000,1,transductive_repeat_03_fold_01,transductive,both_have_targets,overall,shared_protein_count,0.6507319529566059,partial_spearman,n_proteins_a|n_proteins_b,unordered_minmax,1133,1133,0,1133,854,1119,6,12,6,12,ok,3.0,1130.0
transductive,repeat_03,3,42001030000,1,transductive_repeat_03_fold_01,transductive,both_have_targets,overall,biological_shared_protein_count,0.269153975987359,partial_spearman,n_biological_proteins_a|n_biological_proteins_b,endpoint_columns,1133,1133,0,1133,854,1119,6,12,6,12,ok,3.0,1130.0
transductive,repeat_03,3,42001030000,1,transductive_repeat_03_fold_01,transductive,both_have_targets,overall,biological_shared_protein_count,0.2620196221049112,partial_spearman,n_biological_proteins_a|n_biological_proteins_b,unordered_minmax,1133,1133,0,1133,854,1119,6,12,6,12,ok,3.0,1130.0
transductive,repeat_03,3,42001030000,1,transductive_repeat_03_fold_01,transductive,both_have_targets,overall,shared_target_count,0.319119338795371,partial_spearman,n_targets_a|n_targets_b,endpoint_columns,1133,1133,0,1133,854,1119,6,12,6,12,ok,3.0,1130.0
transductive,repeat_03,3,42001030000,1,transductive_repeat_03_fold_01,transductive,both_have_targets,overall,shared_target_count,0.3159137321299402,partial_spearman,n_targets_a|n_targets_b,unordered_minmax,1133,1133,0,1133,854,1119,6,12,6,12,ok,3.0,1130.0
transductive,repeat_03,3,42001030000,1,transductive_repeat_03_fold_01,transductive,both_have_targets,positive,shared_protein_count,0.2675988583294224,partial_spearman,n_proteins_a|n_proteins_b,endpoint_columns,483,483,0,483,691,469,0,12,0,12,ok,3.0,480.0
transductive,repeat_03,3,42001030000,1,transductive_repeat_03_fold_01,transductive,both_have_targets,positive,shared_protein_count,0.1936760711922817,partial_spearman,n_proteins_a|n_proteins_b,unordered_minmax,483,483,0,483,691,469,0,12,0,12,ok,3.0,480.0
transductive,repeat_03,3,42001030000,1,transductive_repeat_03_fold_01,transductive,both_have_targets,positive,biological_shared_protein_count,0.0787066593987991,partial_spearman,n_biological_proteins_a|n_biological_proteins_b,endpoint_columns,483,483,0,483,691,469,0,12,0,12,ok,3.0,480.0
transductive,repeat_03,3,42001030000,1,transductive_repeat_03_fold_01,transductive,both_have_targets,positive,biological_shared_protein_count,0.0978362576692857,partial_spearman,n_biological_proteins_a|n_biological_proteins_b,unordered_minmax,483,483,0,483,691,469,0,12,0,12,ok,3.0,480.0
transductive,repeat_03,3,42001030000,1,transductive_repeat_03_fold_01,transductive,both_have_targets,positive,shared_target_count,0.1505142125221056,partial_spearman,n_targets_a|n_targets_b,endpoint_columns,483,483,0,483,691,469,0,12,0,12,ok,3.0,480.0
transductive,repeat_03,3,42001030000,1,transductive_repeat_03_fold_01,transductive,both_have_targets,positive,shared_target_count,0.1706736090775561,partial_spearman,n_targets_a|n_targets_b,unordered_minmax,483,483,0,483,691,469,0,12,0,12,ok,3.0,480.0
transductive,repeat_03,3,42001030000,1,transductive_repeat_03_fold_01,transductive,both_have_targets,negative,shared_protein_count,0.6581630548815038,partial_spearman,n_proteins_a|n_proteins_b,endpoint_columns,650,650,0,650,283,650,6,0,6,0,ok,3.0,647.0
transductive,repeat_03,3,42001030000,1,transductive_repeat_03_fold_01,transductive,both_have_targets,negative,shared_protein_count,0.6520840658852061,partial_spearman,n_proteins_a|n_proteins_b,unordered_minmax,650,650,0,650,283,650,6,0,6,0,ok,3.0,647.0
transductive,repeat_03,3,42001030000,1,transductive_repeat_03_fold_01,transductive,both_have_targets,negative,biological_shared_protein_count,0.1739097404575023,partial_spearman,n_biological_proteins_a|n_biological_proteins_b,endpoint_columns,650,650,0,650,283,650,6,0,6,0,ok,3.0,647.0
transductive,repeat_03,3,42001030000,1,transductive_repeat_03_fold_01,transductive,both_have_targets,negative,biological_shared_protein_count,0.1573027812369776,partial_spearman,n_biological_proteins_a|n_biological_proteins_b,unordered_minmax,650,650,0,650,283,650,6,0,6,0,ok,3.0,647.0
transductive,repeat_03,3,42001030000,1,transductive_repeat_03_fold_01,transductive,both_have_targets,negative,shared_target_count,0.1840695462549451,partial_spearman,n_targets_a|n_targets_b,endpoint_columns,650,650,0,650,283,650,6,0,6,0,ok,3.0,647.0
transductive,repeat_03,3,42001030000,1,transductive_repeat_03_fold_01,transductive,both_have_targets,negative,shared_target_count,0.178605341278894,partial_spearman,n_targets_a|n_targets_b,unordered_minmax,650,650,0,650,283,650,6,0,6,0,ok,3.0,647.0
transductive,repeat_03,3,42001030000,1,transductive_repeat_03_fold_01,transductive,all_pairs,overall,biological_shared_protein_count,0.2551012147327176,partial_spearman,n_biological_proteins_a|n_biological_proteins_b|either_biological_size_zero,endpoint_columns_plus_zero,1300,1300,0,1300,1072,1220,6,72,6,72,ok,4.0,1296.0
transductive,repeat_03,3,42001030000,1,transductive_repeat_03_fold_01,transductive,all_pairs,overall,biological_shared_protein_count,0.2463498650481587,partial_spearman,n_biological_proteins_a|n_biological_proteins_b|either_biological_size_zero,unordered_minmax_plus_zero,1300,1300,0,1300,1072,1220,6,72,6,72,ok,4.0,1296.0
transductive,repeat_03,3,42002030000,2,transductive_repeat_03_fold_02,transductive,all_pairs,overall,shared_protein_count,0.6218923538107677,spearman,none,none,1300,1300,0,1300,1067,1249,1,46,1,46,ok,,
transductive,repeat_03,3,42002030000,2,transductive_repeat_03_fold_02,transductive,all_pairs,overall,protein_jaccard,0.6630980212476048,spearman,none,none,1300,1300,0,1300,1067,1249,1,46,1,46,ok,,
transductive,repeat_03,3,42002030000,2,transductive_repeat_03_fold_02,transductive,all_pairs,overall,shared_target_count,0.176436469756227,spearman,none,none,1300,1300,0,1300,1067,1249,1,46,1,46,ok,,
transductive,repeat_03,3,42002030000,2,transductive_repeat_03_fold_02,transductive,all_pairs,overall,biological_shared_protein_count,-0.074618290294675,spearman,none,none,1300,1300,0,1300,1067,1249,1,46,1,46,ok,,
transductive,repeat_03,3,42002030000,2,transductive_repeat_03_fold_02,transductive,all_pairs,overall,protein_size_geomean,0.3510260632357372,spearman,none,none,1300,1300,0,1300,1067,1249,1,46,1,46,ok,,
transductive,repeat_03,3,42002030000,2,transductive_repeat_03_fold_02,transductive,all_pairs,positive,shared_protein_count,0.0413884218875072,spearman,none,none,650,650,0,650,901,600,0,46,0,46,ok,,
transductive,repeat_03,3,42002030000,2,transductive_repeat_03_fold_02,transductive,all_pairs,positive,protein_jaccard,0.1797740865332034,spearman,none,none,650,650,0,650,901,600,0,46,0,46,ok,,
transductive,repeat_03,3,42002030000,2,transductive_repeat_03_fold_02,transductive,all_pairs,positive,shared_target_count,-0.131397946028664,spearman,none,none,650,650,0,650,901,600,0,46,0,46,ok,,
transductive,repeat_03,3,42002030000,2,transductive_repeat_03_fold_02,transductive,all_pairs,positive,biological_shared_protein_count,-0.2905110494191024,spearman,none,none,650,650,0,650,901,600,0,46,0,46,ok,,
transductive,repeat_03,3,42002030000,2,transductive_repeat_03_fold_02,transductive,all_pairs,positive,protein_size_geomean,-0.1078521012266492,spearman,none,none,650,650,0,650,901,600,0,46,0,46,ok,,
transductive,repeat_03,3,42002030000,2,transductive_repeat_03_fold_02,transductive,all_pairs,negative,shared_protein_count,0.7123910545738198,spearman,none,none,650,650,0,650,287,650,1,0,1,0,ok,,
transductive,repeat_03,3,42002030000,2,transductive_repeat_03_fold_02,transductive,all_pairs,negative,protein_jaccard,0.6854893534128936,spearman,none,none,650,650,0,650,287,650,1,0,1,0,ok,,
transductive,repeat_03,3,42002030000,2,transductive_repeat_03_fold_02,transductive,all_pairs,negative,shared_target_count,0.2484518226652182,spearman,none,none,650,650,0,650,287,650,1,0,1,0,ok,,
transductive,repeat_03,3,42002030000,2,transductive_repeat_03_fold_02,transductive,all_pairs,negative,biological_shared_protein_count,0.0888044924569167,spearman,none,none,650,650,0,650,287,650,1,0,1,0,ok,,
transductive,repeat_03,3,42002030000,2,transductive_repeat_03_fold_02,transductive,all_pairs,negative,protein_size_geomean,0.4521590411862088,spearman,none,none,650,650,0,650,287,650,1,0,1,0,ok,,
transductive,repeat_03,3,42002030000,2,transductive_repeat_03_fold_02,transductive,both_have_targets,overall,shared_protein_count,0.7335550775940214,spearman,none,none,1148,1148,0,1148,874,1140,1,5,1,5,ok,,
transductive,repeat_03,3,42002030000,2,transductive_repeat_03_fold_02,transductive,both_have_targets,overall,protein_jaccard,0.7200741350409569,spearman,none,none,1148,1148,0,1148,874,1140,1,5,1,5,ok,,
transductive,repeat_03,3,42002030000,2,transductive_repeat_03_fold_02,transductive,both_have_targets,overall,shared_target_count,0.3285742506755568,spearman,none,none,1148,1148,0,1148,874,1140,1,5,1,5,ok,,
transductive,repeat_03,3,42002030000,2,transductive_repeat_03_fold_02,transductive,both_have_targets,overall,biological_shared_protein_count,0.1776566692131097,spearman,none,none,1148,1148,0,1148,874,1140,1,5,1,5,ok,,
transductive,repeat_03,3,42002030000,2,transductive_repeat_03_fold_02,transductive,both_have_targets,overall,protein_size_geomean,0.4939390752909346,spearman,none,none,1148,1148,0,1148,874,1140,1,5,1,5,ok,,
transductive,repeat_03,3,42002030000,2,transductive_repeat_03_fold_02,transductive,both_have_targets,positive,shared_protein_count,0.26410033429542,spearman,none,none,498,498,0,498,698,491,0,5,0,5,ok,,
transductive,repeat_03,3,42002030000,2,transductive_repeat_03_fold_02,transductive,both_have_targets,positive,protein_jaccard,0.2345811077326521,spearman,none,none,498,498,0,498,698,491,0,5,0,5,ok,,
transductive,repeat_03,3,42002030000,2,transductive_repeat_03_fold_02,transductive,both_have_targets,positive,shared_target_count,0.059197713701892,spearman,none,none,498,498,0,498,698,491,0,5,0,5,ok,,
transductive,repeat_03,3,42002030000,2,transductive_repeat_03_fold_02,transductive,both_have_targets,positive,biological_shared_protein_count,-0.0294937974228306,spearman,none,none,498,498,0,498,698,491,0,5,0,5,ok,,
transductive,repeat_03,3,42002030000,2,transductive_repeat_03_fold_02,transductive,both_have_targets,positive,protein_size_geomean,0.1377313168744696,spearman,none,none,498,498,0,498,698,491,0,5,0,5,ok,,
transductive,repeat_03,3,42002030000,2,transductive_repeat_03_fold_02,transductive,both_have_targets,negative,shared_protein_count,0.7123910545738198,spearman,none,none,650,650,0,650,287,650,1,0,1,0,ok,,
transductive,repeat_03,3,42002030000,2,transductive_repeat_03_fold_02,transductive,both_have_targets,negative,protein_jaccard,0.6854893534128936,spearman,none,none,650,650,0,650,287,650,1,0,1,0,ok,,
transductive,repeat_03,3,42002030000,2,transductive_repeat_03_fold_02,transductive,both_have_targets,negative,shared_target_count,0.2484518226652182,spearman,none,none,650,650,0,650,287,650,1,0,1,0,ok,,
transductive,repeat_03,3,42002030000,2,transductive_repeat_03_fold_02,transductive,both_have_targets,negative,biological_shared_protein_count,0.0888044924569167,spearman,none,none,650,650,0,650,287,650,1,0,1,0,ok,,
transductive,repeat_03,3,42002030000,2,transductive_repeat_03_fold_02,transductive,both_have_targets,negative,protein_size_geomean,0.4521590411862088,spearman,none,none,650,650,0,650,287,650,1,0,1,0,ok,,
transductive,repeat_03,3,42002030000,2,transductive_repeat_03_fold_02,transductive,all_pairs,overall,shared_protein_count,0.6284428839191764,partial_spearman,n_proteins_a|n_proteins_b,endpoint_columns,1300,1300,0,1300,1067,1249,1,46,1,46,ok,3.0,1297.0
transductive,repeat_03,3,42002030000,2,transductive_repeat_03_fold_02,transductive,all_pairs,overall,shared_protein_count,0.6268859392806927,partial_spearman,n_proteins_a|n_proteins_b,unordered_minmax,1300,1300,0,1300,1067,1249,1,46,1,46,ok,3.0,1297.0
transductive,repeat_03,3,42002030000,2,transductive_repeat_03_fold_02,transductive,all_pairs,overall,biological_shared_protein_count,0.1536965922158961,partial_spearman,n_biological_proteins_a|n_biological_proteins_b,endpoint_columns,1300,1300,0,1300,1067,1249,1,46,1,46,ok,3.0,1297.0
transductive,repeat_03,3,42002030000,2,transductive_repeat_03_fold_02,transductive,all_pairs,overall,biological_shared_protein_count,0.2189882754817668,partial_spearman,n_biological_proteins_a|n_biological_proteins_b,unordered_minmax,1300,1300,0,1300,1067,1249,1,46,1,46,ok,3.0,1297.0
transductive,repeat_03,3,42002030000,2,transductive_repeat_03_fold_02,transductive,all_pairs,overall,shared_target_count,0.2620107397158449,partial_spearman,n_targets_a|n_targets_b,endpoint_columns,1300,1300,0,1300,1067,1249,1,46,1,46,ok,3.0,1297.0
transductive,repeat_03,3,42002030000,2,transductive_repeat_03_fold_02,transductive,all_pairs,overall,shared_target_count,0.2827954624859713,partial_spearman,n_targets_a|n_targets_b,unordered_minmax,1300,1300,0,1300,1067,1249,1,46,1,46,ok,3.0,1297.0
transductive,repeat_03,3,42002030000,2,transductive_repeat_03_fold_02,transductive,all_pairs,positive,shared_protein_count,0.2317672931693776,partial_spearman,n_proteins_a|n_proteins_b,endpoint_columns,650,650,0,650,901,600,0,46,0,46,ok,3.0,647.0
transductive,repeat_03,3,42002030000,2,transductive_repeat_03_fold_02,transductive,all_pairs,positive,shared_protein_count,0.3009225016536495,partial_spearman,n_proteins_a|n_proteins_b,unordered_minmax,650,650,0,650,901,600,0,46,0,46,ok,3.0,647.0
transductive,repeat_03,3,42002030000,2,transductive_repeat_03_fold_02,transductive,all_pairs,positive,biological_shared_protein_count,-0.056758757754894,partial_spearman,n_biological_proteins_a|n_biological_proteins_b,endpoint_columns,650,650,0,650,901,600,0,46,0,46,ok,3.0,647.0
transductive,repeat_03,3,42002030000,2,transductive_repeat_03_fold_02,transductive,all_pairs,positive,biological_shared_protein_count,0.0274441125608334,partial_spearman,n_biological_proteins_a|n_biological_proteins_b,unordered_minmax,650,650,0,650,901,600,0,46,0,46,ok,3.0,647.0
transductive,repeat_03,3,42002030000,2,transductive_repeat_03_fold_02,transductive,all_pairs,positive,shared_target_count,0.090284781202727,partial_spearman,n_targets_a|n_targets_b,endpoint_columns,650,650,0,650,901,600,0,46,0,46,ok,3.0,647.0
transductive,repeat_03,3,42002030000,2,transductive_repeat_03_fold_02,transductive,all_pairs,positive,shared_target_count,0.1265050491455397,partial_spearman,n_targets_a|n_targets_b,unordered_minmax,650,650,0,650,901,600,0,46,0,46,ok,3.0,647.0
transductive,repeat_03,3,42002030000,2,transductive_repeat_03_fold_02,transductive,all_pairs,negative,shared_protein_count,0.6827672058948966,partial_spearman,n_proteins_a|n_proteins_b,endpoint_columns,650,650,0,650,287,650,1,0,1,0,ok,3.0,647.0
transductive,repeat_03,3,42002030000,2,transductive_repeat_03_fold_02,transductive,all_pairs,negative,shared_protein_count,0.6337612408256748,partial_spearman,n_proteins_a|n_proteins_b,unordered_minmax,650,650,0,650,287,650,1,0,1,0,ok,3.0,647.0
transductive,repeat_03,3,42002030000,2,transductive_repeat_03_fold_02,transductive,all_pairs,negative,biological_shared_protein_count,0.1980403488176622,partial_spearman,n_biological_proteins_a|n_biological_proteins_b,endpoint_columns,650,650,0,650,287,650,1,0,1,0,ok,3.0,647.0
transductive,repeat_03,3,42002030000,2,transductive_repeat_03_fold_02,transductive,all_pairs,negative,biological_shared_protein_count,0.1721666792578925,partial_spearman,n_biological_proteins_a|n_biological_proteins_b,unordered_minmax,650,650,0,650,287,650,1,0,1,0,ok,3.0,647.0
transductive,repeat_03,3,42002030000,2,transductive_repeat_03_fold_02,transductive,all_pairs,negative,shared_target_count,0.2048528798423633,partial_spearman,n_targets_a|n_targets_b,endpoint_columns,650,650,0,650,287,650,1,0,1,0,ok,3.0,647.0
transductive,repeat_03,3,42002030000,2,transductive_repeat_03_fold_02,transductive,all_pairs,negative,shared_target_count,0.193697829873577,partial_spearman,n_targets_a|n_targets_b,unordered_minmax,650,650,0,650,287,650,1,0,1,0,ok,3.0,647.0
transductive,repeat_03,3,42002030000,2,transductive_repeat_03_fold_02,transductive,both_have_targets,overall,shared_protein_count,0.6839424256159651,partial_spearman,n_proteins_a|n_proteins_b,endpoint_columns,1148,1148,0,1148,874,1140,1,5,1,5,ok,3.0,1145.0
transductive,repeat_03,3,42002030000,2,transductive_repeat_03_fold_02,transductive,both_have_targets,overall,shared_protein_count,0.6588289496779178,partial_spearman,n_proteins_a|n_proteins_b,unordered_minmax,1148,1148,0,1148,874,1140,1,5,1,5,ok,3.0,1145.0
transductive,repeat_03,3,42002030000,2,transductive_repeat_03_fold_02,transductive,both_have_targets,overall,biological_shared_protein_count,0.2779858950140944,partial_spearman,n_biological_proteins_a|n_biological_proteins_b,endpoint_columns,1148,1148,0,1148,874,1140,1,5,1,5,ok,3.0,1145.0
transductive,repeat_03,3,42002030000,2,transductive_repeat_03_fold_02,transductive,both_have_targets,overall,biological_shared_protein_count,0.2791037881496446,partial_spearman,n_biological_proteins_a|n_biological_proteins_b,unordered_minmax,1148,1148,0,1148,874,1140,1,5,1,5,ok,3.0,1145.0
transductive,repeat_03,3,42002030000,2,transductive_repeat_03_fold_02,transductive,both_have_targets,overall,shared_target_count,0.2923968355672969,partial_spearman,n_targets_a|n_targets_b,endpoint_columns,1148,1148,0,1148,874,1140,1,5,1,5,ok,3.0,1145.0
transductive,repeat_03,3,42002030000,2,transductive_repeat_03_fold_02,transductive,both_have_targets,overall,shared_target_count,0.2905191083436562,partial_spearman,n_targets_a|n_targets_b,unordered_minmax,1148,1148,0,1148,874,1140,1,5,1,5,ok,3.0,1145.0
transductive,repeat_03,3,42002030000,2,transductive_repeat_03_fold_02,transductive,both_have_targets,positive,shared_protein_count,0.2577540491291271,partial_spearman,n_proteins_a|n_proteins_b,endpoint_columns,498,498,0,498,698,491,0,5,0,5,ok,3.0,495.0
transductive,repeat_03,3,42002030000,2,transductive_repeat_03_fold_02,transductive,both_have_targets,positive,shared_protein_count,0.2859270265787123,partial_spearman,n_proteins_a|n_proteins_b,unordered_minmax,498,498,0,498,698,491,0,5,0,5,ok,3.0,495.0
transductive,repeat_03,3,42002030000,2,transductive_repeat_03_fold_02,transductive,both_have_targets,positive,biological_shared_protein_count,0.0339316070474811,partial_spearman,n_biological_proteins_a|n_biological_proteins_b,endpoint_columns,498,498,0,498,698,491,0,5,0,5,ok,3.0,495.0
transductive,repeat_03,3,42002030000,2,transductive_repeat_03_fold_02,transductive,both_have_targets,positive,biological_shared_protein_count,0.0501557081063431,partial_spearman,n_biological_proteins_a|n_biological_proteins_b,unordered_minmax,498,498,0,498,698,491,0,5,0,5,ok,3.0,495.0
transductive,repeat_03,3,42002030000,2,transductive_repeat_03_fold_02,transductive,both_have_targets,positive,shared_target_count,0.1087660791612661,partial_spearman,n_targets_a|n_targets_b,endpoint_columns,498,498,0,498,698,491,0,5,0,5,ok,3.0,495.0
transductive,repeat_03,3,42002030000,2,transductive_repeat_03_fold_02,transductive,both_have_targets,positive,shared_target_count,0.1209075619767987,partial_spearman,n_targets_a|n_targets_b,unordered_minmax,498,498,0,498,698,491,0,5,0,5,ok,3.0,495.0
transductive,repeat_03,3,42002030000,2,transductive_repeat_03_fold_02,transductive,both_have_targets,negative,shared_protein_count,0.6827672058948966,partial_spearman,n_proteins_a|n_proteins_b,endpoint_columns,650,650,0,650,287,650,1,0,1,0,ok,3.0,647.0
transductive,repeat_03,3,42002030000,2,transductive_repeat_03_fold_02,transductive,both_have_targets,negative,shared_protein_count,0.6337612408256748,partial_spearman,n_proteins_a|n_proteins_b,unordered_minmax,650,650,0,650,287,650,1,0,1,0,ok,3.0,647.0
transductive,repeat_03,3,42002030000,2,transductive_repeat_03_fold_02,transductive,both_have_targets,negative,biological_shared_protein_count,0.1980403488176622,partial_spearman,n_biological_proteins_a|n_biological_proteins_b,endpoint_columns,650,650,0,650,287,650,1,0,1,0,ok,3.0,647.0
transductive,repeat_03,3,42002030000,2,transductive_repeat_03_fold_02,transductive,both_have_targets,negative,biological_shared_protein_count,0.1721666792578925,partial_spearman,n_biological_proteins_a|n_biological_proteins_b,unordered_minmax,650,650,0,650,287,650,1,0,1,0,ok,3.0,647.0
transductive,repeat_03,3,42002030000,2,transductive_repeat_03_fold_02,transductive,both_have_targets,negative,shared_target_count,0.2048528798423633,partial_spearman,n_targets_a|n_targets_b,endpoint_columns,650,650,0,650,287,650,1,0,1,0,ok,3.0,647.0
transductive,repeat_03,3,42002030000,2,transductive_repeat_03_fold_02,transductive,both_have_targets,negative,shared_target_count,0.193697829873577,partial_spearman,n_targets_a|n_targets_b,unordered_minmax,650,650,0,650,287,650,1,0,1,0,ok,3.0,647.0
transductive,repeat_03,3,42002030000,2,transductive_repeat_03_fold_02,transductive,all_pairs,overall,biological_shared_protein_count,0.2603767903038045,partial_spearman,n_biological_proteins_a|n_biological_proteins_b|either_biological_size_zero,endpoint_columns_plus_zero,1300,1300,0,1300,1067,1249,1,46,1,46,ok,4.0,1296.0
transductive,repeat_03,3,42002030000,2,transductive_repeat_03_fold_02,transductive,all_pairs,overall,biological_shared_protein_count,0.2612645740633465,partial_spearman,n_biological_proteins_a|n_biological_proteins_b|either_biological_size_zero,unordered_minmax_plus_zero,1300,1300,0,1300,1067,1249,1,46,1,46,ok,4.0,1296.0
transductive,repeat_03,3,42003030000,3,transductive_repeat_03_fold_03,transductive,all_pairs,overall,shared_protein_count,0.6358969264697011,spearman,none,none,1300,1300,0,1300,1064,1217,3,69,3,69,ok,,
transductive,repeat_03,3,42003030000,3,transductive_repeat_03_fold_03,transductive,all_pairs,overall,protein_jaccard,0.7020116770036665,spearman,none,none,1300,1300,0,1300,1064,1217,3,69,3,69,ok,,
transductive,repeat_03,3,42003030000,3,transductive_repeat_03_fold_03,transductive,all_pairs,overall,shared_target_count,0.1864918739469178,spearman,none,none,1300,1300,0,1300,1064,1217,3,69,3,69,ok,,
transductive,repeat_03,3,42003030000,3,transductive_repeat_03_fold_03,transductive,all_pairs,overall,biological_shared_protein_count,-0.0511644907447564,spearman,none,none,1300,1300,0,1300,1064,1217,3,69,3,69,ok,,
transductive,repeat_03,3,42003030000,3,transductive_repeat_03_fold_03,transductive,all_pairs,overall,protein_size_geomean,0.3789495371938463,spearman,none,none,1300,1300,0,1300,1064,1217,3,69,3,69,ok,,
transductive,repeat_03,3,42003030000,3,transductive_repeat_03_fold_03,transductive,all_pairs,positive,shared_protein_count,-0.0020877112697242,spearman,none,none,650,650,0,650,915,567,0,69,0,69,ok,,
transductive,repeat_03,3,42003030000,3,transductive_repeat_03_fold_03,transductive,all_pairs,positive,protein_jaccard,0.2394450785539814,spearman,none,none,650,650,0,650,915,567,0,69,0,69,ok,,
transductive,repeat_03,3,42003030000,3,transductive_repeat_03_fold_03,transductive,all_pairs,positive,shared_target_count,-0.1732722607789664,spearman,none,none,650,650,0,650,915,567,0,69,0,69,ok,,
transductive,repeat_03,3,42003030000,3,transductive_repeat_03_fold_03,transductive,all_pairs,positive,biological_shared_protein_count,-0.2936520511571673,spearman,none,none,650,650,0,650,915,567,0,69,0,69,ok,,
transductive,repeat_03,3,42003030000,3,transductive_repeat_03_fold_03,transductive,all_pairs,positive,protein_size_geomean,-0.1715526371192049,spearman,none,none,650,650,0,650,915,567,0,69,0,69,ok,,
transductive,repeat_03,3,42003030000,3,transductive_repeat_03_fold_03,transductive,all_pairs,negative,shared_protein_count,0.8033663017067236,spearman,none,none,650,650,0,650,281,650,3,0,3,0,ok,,
transductive,repeat_03,3,42003030000,3,transductive_repeat_03_fold_03,transductive,all_pairs,negative,protein_jaccard,0.764345562118388,spearman,none,none,650,650,0,650,281,650,3,0,3,0,ok,,
transductive,repeat_03,3,42003030000,3,transductive_repeat_03_fold_03,transductive,all_pairs,negative,shared_target_count,0.2019493253482758,spearman,none,none,650,650,0,650,281,650,3,0,3,0,ok,,
transductive,repeat_03,3,42003030000,3,transductive_repeat_03_fold_03,transductive,all_pairs,negative,biological_shared_protein_count,0.1584142814114343,spearman,none,none,650,650,0,650,281,650,3,0,3,0,ok,,
transductive,repeat_03,3,42003030000,3,transductive_repeat_03_fold_03,transductive,all_pairs,negative,protein_size_geomean,0.6043637128793974,spearman,none,none,650,650,0,650,281,650,3,0,3,0,ok,,
transductive,repeat_03,3,42003030000,3,transductive_repeat_03_fold_03,transductive,both_have_targets,overall,shared_protein_count,0.7465285277962651,spearman,none,none,1145,1145,0,1145,875,1120,3,19,3,19,ok,,
transductive,repeat_03,3,42003030000,3,transductive_repeat_03_fold_03,transductive,both_have_targets,overall,protein_jaccard,0.7539662286716029,spearman,none,none,1145,1145,0,1145,875,1120,3,19,3,19,ok,,
transductive,repeat_03,3,42003030000,3,transductive_repeat_03_fold_03,transductive,both_have_targets,overall,shared_target_count,0.338064296512108,spearman,none,none,1145,1145,0,1145,875,1120,3,19,3,19,ok,,
transductive,repeat_03,3,42003030000,3,transductive_repeat_03_fold_03,transductive,both_have_targets,overall,biological_shared_protein_count,0.2111569145636602,spearman,none,none,1145,1145,0,1145,875,1120,3,19,3,19,ok,,
transductive,repeat_03,3,42003030000,3,transductive_repeat_03_fold_03,transductive,both_have_targets,overall,protein_size_geomean,0.5293347669718929,spearman,none,none,1145,1145,0,1145,875,1120,3,19,3,19,ok,,
transductive,repeat_03,3,42003030000,3,transductive_repeat_03_fold_03,transductive,both_have_targets,positive,shared_protein_count,0.1895552737683745,spearman,none,none,495,495,0,495,708,470,0,19,0,19,ok,,
transductive,repeat_03,3,42003030000,3,transductive_repeat_03_fold_03,transductive,both_have_targets,positive,protein_jaccard,0.2906833903896728,spearman,none,none,495,495,0,495,708,470,0,19,0,19,ok,,
transductive,repeat_03,3,42003030000,3,transductive_repeat_03_fold_03,transductive,both_have_targets,positive,shared_target_count,-0.0085902421560367,spearman,none,none,495,495,0,495,708,470,0,19,0,19,ok,,
transductive,repeat_03,3,42003030000,3,transductive_repeat_03_fold_03,transductive,both_have_targets,positive,biological_shared_protein_count,-0.0751005836754311,spearman,none,none,495,495,0,495,708,470,0,19,0,19,ok,,
transductive,repeat_03,3,42003030000,3,transductive_repeat_03_fold_03,transductive,both_have_targets,positive,protein_size_geomean,0.0461104419259561,spearman,none,none,495,495,0,495,708,470,0,19,0,19,ok,,
transductive,repeat_03,3,42003030000,3,transductive_repeat_03_fold_03,transductive,both_have_targets,negative,shared_protein_count,0.8033663017067236,spearman,none,none,650,650,0,650,281,650,3,0,3,0,ok,,
transductive,repeat_03,3,42003030000,3,transductive_repeat_03_fold_03,transductive,both_have_targets,negative,protein_jaccard,0.764345562118388,spearman,none,none,650,650,0,650,281,650,3,0,3,0,ok,,
transductive,repeat_03,3,42003030000,3,transductive_repeat_03_fold_03,transductive,both_have_targets,negative,shared_target_count,0.2019493253482758,spearman,none,none,650,650,0,650,281,650,3,0,3,0,ok,,
transductive,repeat_03,3,42003030000,3,transductive_repeat_03_fold_03,transductive,both_have_targets,negative,biological_shared_protein_count,0.1584142814114343,spearman,none,none,650,650,0,650,281,650,3,0,3,0,ok,,
transductive,repeat_03,3,42003030000,3,transductive_repeat_03_fold_03,transductive,both_have_targets,negative,protein_size_geomean,0.6043637128793974,spearman,none,none,650,650,0,650,281,650,3,0,3,0,ok,,
transductive,repeat_03,3,42003030000,3,transductive_repeat_03_fold_03,transductive,all_pairs,overall,shared_protein_count,0.6618526171995953,partial_spearman,n_proteins_a|n_proteins_b,endpoint_columns,1300,1300,0,1300,1064,1217,3,69,3,69,ok,3.0,1297.0
transductive,repeat_03,3,42003030000,3,transductive_repeat_03_fold_03,transductive,all_pairs,overall,shared_protein_count,0.6117674065866253,partial_spearman,n_proteins_a|n_proteins_b,unordered_minmax,1300,1300,0,1300,1064,1217,3,69,3,69,ok,3.0,1297.0
transductive,repeat_03,3,42003030000,3,transductive_repeat_03_fold_03,transductive,all_pairs,overall,biological_shared_protein_count,0.1410457916679641,partial_spearman,n_biological_proteins_a|n_biological_proteins_b,endpoint_columns,1300,1300,0,1300,1064,1217,3,69,3,69,ok,3.0,1297.0
transductive,repeat_03,3,42003030000,3,transductive_repeat_03_fold_03,transductive,all_pairs,overall,biological_shared_protein_count,0.179372508230506,partial_spearman,n_biological_proteins_a|n_biological_proteins_b,unordered_minmax,1300,1300,0,1300,1064,1217,3,69,3,69,ok,3.0,1297.0
transductive,repeat_03,3,42003030000,3,transductive_repeat_03_fold_03,transductive,all_pairs,overall,shared_target_count,0.2811181240168874,partial_spearman,n_targets_a|n_targets_b,endpoint_columns,1300,1300,0,1300,1064,1217,3,69,3,69,ok,3.0,1297.0
transductive,repeat_03,3,42003030000,3,transductive_repeat_03_fold_03,transductive,all_pairs,overall,shared_target_count,0.3064563740600108,partial_spearman,n_targets_a|n_targets_b,unordered_minmax,1300,1300,0,1300,1064,1217,3,69,3,69,ok,3.0,1297.0
transductive,repeat_03,3,42003030000,3,transductive_repeat_03_fold_03,transductive,all_pairs,positive,shared_protein_count,0.2849166321742718,partial_spearman,n_proteins_a|n_proteins_b,endpoint_columns,650,650,0,650,915,567,0,69,0,69,ok,3.0,647.0
transductive,repeat_03,3,42003030000,3,transductive_repeat_03_fold_03,transductive,all_pairs,positive,shared_protein_count,0.2669328348222002,partial_spearman,n_proteins_a|n_proteins_b,unordered_minmax,650,650,0,650,915,567,0,69,0,69,ok,3.0,647.0
transductive,repeat_03,3,42003030000,3,transductive_repeat_03_fold_03,transductive,all_pairs,positive,biological_shared_protein_count,0.0080229571319721,partial_spearman,n_biological_proteins_a|n_biological_proteins_b,endpoint_columns,650,650,0,650,915,567,0,69,0,69,ok,3.0,647.0
transductive,repeat_03,3,42003030000,3,transductive_repeat_03_fold_03,transductive,all_pairs,positive,biological_shared_protein_count,-0.0019325589946721,partial_spearman,n_biological_proteins_a|n_biological_proteins_b,unordered_minmax,650,650,0,650,915,567,0,69,0,69,ok,3.0,647.0
transductive,repeat_03,3,42003030000,3,transductive_repeat_03_fold_03,transductive,all_pairs,positive,shared_target_count,0.0736636181226279,partial_spearman,n_targets_a|n_targets_b,endpoint_columns,650,650,0,650,915,567,0,69,0,69,ok,3.0,647.0
transductive,repeat_03,3,42003030000,3,transductive_repeat_03_fold_03,transductive,all_pairs,positive,shared_target_count,0.1110812210279475,partial_spearman,n_targets_a|n_targets_b,unordered_minmax,650,650,0,650,915,567,0,69,0,69,ok,3.0,647.0
transductive,repeat_03,3,42003030000,3,transductive_repeat_03_fold_03,transductive,all_pairs,negative,shared_protein_count,0.747156568573048,partial_spearman,n_proteins_a|n_proteins_b,endpoint_columns,650,650,0,650,281,650,3,0,3,0,ok,3.0,647.0
transductive,repeat_03,3,42003030000,3,transductive_repeat_03_fold_03,transductive,all_pairs,negative,shared_protein_count,0.6424048819541561,partial_spearman,n_proteins_a|n_proteins_b,unordered_minmax,650,650,0,650,281,650,3,0,3,0,ok,3.0,647.0
transductive,repeat_03,3,42003030000,3,transductive_repeat_03_fold_03,transductive,all_pairs,negative,biological_shared_protein_count,0.1249990555400761,partial_spearman,n_biological_proteins_a|n_biological_proteins_b,endpoint_columns,650,650,0,650,281,650,3,0,3,0,ok,3.0,647.0
transductive,repeat_03,3,42003030000,3,transductive_repeat_03_fold_03,transductive,all_pairs,negative,biological_shared_protein_count,0.1056881333474918,partial_spearman,n_biological_proteins_a|n_biological_proteins_b,unordered_minmax,650,650,0,650,281,650,3,0,3,0,ok,3.0,647.0
transductive,repeat_03,3,42003030000,3,transductive_repeat_03_fold_03,transductive,all_pairs,negative,shared_target_count,0.1466108599939717,partial_spearman,n_targets_a|n_targets_b,endpoint_columns,650,650,0,650,281,650,3,0,3,0,ok,3.0,647.0
transductive,repeat_03,3,42003030000,3,transductive_repeat_03_fold_03,transductive,all_pairs,negative,shared_target_count,0.1441092776088805,partial_spearman,n_targets_a|n_targets_b,unordered_minmax,650,650,0,650,281,650,3,0,3,0,ok,3.0,647.0
transductive,repeat_03,3,42003030000,3,transductive_repeat_03_fold_03,transductive,both_have_targets,overall,shared_protein_count,0.7015503111546517,partial_spearman,n_proteins_a|n_proteins_b,endpoint_columns,1145,1145,0,1145,875,1120,3,19,3,19,ok,3.0,1142.0
transductive,repeat_03,3,42003030000,3,transductive_repeat_03_fold_03,transductive,both_have_targets,overall,shared_protein_count,0.6349515398602777,partial_spearman,n_proteins_a|n_proteins_b,unordered_minmax,1145,1145,0,1145,875,1120,3,19,3,19,ok,3.0,1142.0
transductive,repeat_03,3,42003030000,3,transductive_repeat_03_fold_03,transductive,both_have_targets,overall,biological_shared_protein_count,0.2444909179976315,partial_spearman,n_biological_proteins_a|n_biological_proteins_b,endpoint_columns,1145,1145,0,1145,875,1120,3,19,3,19,ok,3.0,1142.0
transductive,repeat_03,3,42003030000,3,transductive_repeat_03_fold_03,transductive,both_have_targets,overall,biological_shared_protein_count,0.2237187095723591,partial_spearman,n_biological_proteins_a|n_biological_proteins_b,unordered_minmax,1145,1145,0,1145,875,1120,3,19,3,19,ok,3.0,1142.0
transductive,repeat_03,3,42003030000,3,transductive_repeat_03_fold_03,transductive,both_have_targets,overall,shared_target_count,0.3085996813264293,partial_spearman,n_targets_a|n_targets_b,endpoint_columns,1145,1145,0,1145,875,1120,3,19,3,19,ok,3.0,1142.0
transductive,repeat_03,3,42003030000,3,transductive_repeat_03_fold_03,transductive,both_have_targets,overall,shared_target_count,0.3055469850578232,partial_spearman,n_targets_a|n_targets_b,unordered_minmax,1145,1145,0,1145,875,1120,3,19,3,19,ok,3.0,1142.0
transductive,repeat_03,3,42003030000,3,transductive_repeat_03_fold_03,transductive,both_have_targets,positive,shared_protein_count,0.2614424481413173,partial_spearman,n_proteins_a|n_proteins_b,endpoint_columns,495,495,0,495,708,470,0,19,0,19,ok,3.0,492.0
transductive,repeat_03,3,42003030000,3,transductive_repeat_03_fold_03,transductive,both_have_targets,positive,shared_protein_count,0.2219978808853806,partial_spearman,n_proteins_a|n_proteins_b,unordered_minmax,495,495,0,495,708,470,0,19,0,19,ok,3.0,492.0
transductive,repeat_03,3,42003030000,3,transductive_repeat_03_fold_03,transductive,both_have_targets,positive,biological_shared_protein_count,0.0419544531432053,partial_spearman,n_biological_proteins_a|n_biological_proteins_b,endpoint_columns,495,495,0,495,708,470,0,19,0,19,ok,3.0,492.0
transductive,repeat_03,3,42003030000,3,transductive_repeat_03_fold_03,transductive,both_have_targets,positive,biological_shared_protein_count,0.0026007479626749,partial_spearman,n_biological_proteins_a|n_biological_proteins_b,unordered_minmax,495,495,0,495,708,470,0,19,0,19,ok,3.0,492.0
transductive,repeat_03,3,42003030000,3,transductive_repeat_03_fold_03,transductive,both_have_targets,positive,shared_target_count,0.0614731577955919,partial_spearman,n_targets_a|n_targets_b,endpoint_columns,495,495,0,495,708,470,0,19,0,19,ok,3.0,492.0
transductive,repeat_03,3,42003030000,3,transductive_repeat_03_fold_03,transductive,both_have_targets,positive,shared_target_count,0.0848628114146714,partial_spearman,n_targets_a|n_targets_b,unordered_minmax,495,495,0,495,708,470,0,19,0,19,ok,3.0,492.0
transductive,repeat_03,3,42003030000,3,transductive_repeat_03_fold_03,transductive,both_have_targets,negative,shared_protein_count,0.747156568573048,partial_spearman,n_proteins_a|n_proteins_b,endpoint_columns,650,650,0,650,281,650,3,0,3,0,ok,3.0,647.0
transductive,repeat_03,3,42003030000,3,transductive_repeat_03_fold_03,transductive,both_have_targets,negative,shared_protein_count,0.6424048819541561,partial_spearman,n_proteins_a|n_proteins_b,unordered_minmax,650,650,0,650,281,650,3,0,3,0,ok,3.0,647.0
transductive,repeat_03,3,42003030000,3,transductive_repeat_03_fold_03,transductive,both_have_targets,negative,biological_shared_protein_count,0.1249990555400761,partial_spearman,n_biological_proteins_a|n_biological_proteins_b,endpoint_columns,650,650,0,650,281,650,3,0,3,0,ok,3.0,647.0
transductive,repeat_03,3,42003030000,3,transductive_repeat_03_fold_03,transductive,both_have_targets,negative,biological_shared_protein_count,0.1056881333474918,partial_spearman,n_biological_proteins_a|n_biological_proteins_b,unordered_minmax,650,650,0,650,281,650,3,0,3,0,ok,3.0,647.0
transductive,repeat_03,3,42003030000,3,transductive_repeat_03_fold_03,transductive,both_have_targets,negative,shared_target_count,0.1466108599939717,partial_spearman,n_targets_a|n_targets_b,endpoint_columns,650,650,0,650,281,650,3,0,3,0,ok,3.0,647.0
transductive,repeat_03,3,42003030000,3,transductive_repeat_03_fold_03,transductive,both_have_targets,negative,shared_target_count,0.1441092776088805,partial_spearman,n_targets_a|n_targets_b,unordered_minmax,650,650,0,650,281,650,3,0,3,0,ok,3.0,647.0
transductive,repeat_03,3,42003030000,3,transductive_repeat_03_fold_03,transductive,all_pairs,overall,biological_shared_protein_count,0.2450225385535642,partial_spearman,n_biological_proteins_a|n_biological_proteins_b|either_biological_size_zero,endpoint_columns_plus_zero,1300,1300,0,1300,1064,1217,3,69,3,69,ok,4.0,1296.0
transductive,repeat_03,3,42003030000,3,transductive_repeat_03_fold_03,transductive,all_pairs,overall,biological_shared_protein_count,0.21033508652175,partial_spearman,n_biological_proteins_a|n_biological_proteins_b|either_biological_size_zero,unordered_minmax_plus_zero,1300,1300,0,1300,1064,1217,3,69,3,69,ok,4.0,1296.0
transductive,repeat_03,3,42004030000,4,transductive_repeat_03_fold_04,transductive,all_pairs,overall,shared_protein_count,0.6346075309066528,spearman,none,none,1300,1300,0,1300,1063,1184,6,95,6,95,ok,,
transductive,repeat_03,3,42004030000,4,transductive_repeat_03_fold_04,transductive,all_pairs,overall,protein_jaccard,0.6840803395194839,spearman,none,none,1300,1300,0,1300,1063,1184,6,95,6,95,ok,,
transductive,repeat_03,3,42004030000,4,transductive_repeat_03_fold_04,transductive,all_pairs,overall,shared_target_count,0.1790394153399164,spearman,none,none,1300,1300,0,1300,1063,1184,6,95,6,95,ok,,
transductive,repeat_03,3,42004030000,4,transductive_repeat_03_fold_04,transductive,all_pairs,overall,biological_shared_protein_count,-0.0798682281801115,spearman,none,none,1300,1300,0,1300,1063,1184,6,95,6,95,ok,,
transductive,repeat_03,3,42004030000,4,transductive_repeat_03_fold_04,transductive,all_pairs,overall,protein_size_geomean,0.35327215680786,spearman,none,none,1300,1300,0,1300,1063,1184,6,95,6,95,ok,,
transductive,repeat_03,3,42004030000,4,transductive_repeat_03_fold_04,transductive,all_pairs,positive,shared_protein_count,0.0285233074976365,spearman,none,none,650,650,0,650,914,534,0,95,0,95,ok,,
transductive,repeat_03,3,42004030000,4,transductive_repeat_03_fold_04,transductive,all_pairs,positive,protein_jaccard,0.2160253726285572,spearman,none,none,650,650,0,650,914,534,0,95,0,95,ok,,
transductive,repeat_03,3,42004030000,4,transductive_repeat_03_fold_04,transductive,all_pairs,positive,shared_target_count,-0.2007012402244282,spearman,none,none,650,650,0,650,914,534,0,95,0,95,ok,,
transductive,repeat_03,3,42004030000,4,transductive_repeat_03_fold_04,transductive,all_pairs,positive,biological_shared_protein_count,-0.3032308714605297,spearman,none,none,650,650,0,650,914,534,0,95,0,95,ok,,
transductive,repeat_03,3,42004030000,4,transductive_repeat_03_fold_04,transductive,all_pairs,positive,protein_size_geomean,-0.130974228459363,spearman,none,none,650,650,0,650,914,534,0,95,0,95,ok,,
transductive,repeat_03,3,42004030000,4,transductive_repeat_03_fold_04,transductive,all_pairs,negative,shared_protein_count,0.7789863579476745,spearman,none,none,650,650,0,650,282,650,6,0,6,0,ok,,
transductive,repeat_03,3,42004030000,4,transductive_repeat_03_fold_04,transductive,all_pairs,negative,protein_jaccard,0.7606395723798345,spearman,none,none,650,650,0,650,282,650,6,0,6,0,ok,,
transductive,repeat_03,3,42004030000,4,transductive_repeat_03_fold_04,transductive,all_pairs,negative,shared_target_count,0.2605130480722499,spearman,none,none,650,650,0,650,282,650,6,0,6,0,ok,,
transductive,repeat_03,3,42004030000,4,transductive_repeat_03_fold_04,transductive,all_pairs,negative,biological_shared_protein_count,0.1401876129443777,spearman,none,none,650,650,0,650,282,650,6,0,6,0,ok,,
transductive,repeat_03,3,42004030000,4,transductive_repeat_03_fold_04,transductive,all_pairs,negative,protein_size_geomean,0.516320481584697,spearman,none,none,650,650,0,650,282,650,6,0,6,0,ok,,
transductive,repeat_03,3,42004030000,4,transductive_repeat_03_fold_04,transductive,both_have_targets,overall,shared_protein_count,0.7589130928966892,spearman,none,none,1129,1129,0,1129,850,1087,6,30,6,30,ok,,
transductive,repeat_03,3,42004030000,4,transductive_repeat_03_fold_04,transductive,both_have_targets,overall,protein_jaccard,0.7446209949203972,spearman,none,none,1129,1129,0,1129,850,1087,6,30,6,30,ok,,
transductive,repeat_03,3,42004030000,4,transductive_repeat_03_fold_04,transductive,both_have_targets,overall,shared_target_count,0.3471766799468067,spearman,none,none,1129,1129,0,1129,850,1087,6,30,6,30,ok,,
transductive,repeat_03,3,42004030000,4,transductive_repeat_03_fold_04,transductive,both_have_targets,overall,biological_shared_protein_count,0.1991661760043095,spearman,none,none,1129,1129,0,1129,850,1087,6,30,6,30,ok,,
transductive,repeat_03,3,42004030000,4,transductive_repeat_03_fold_04,transductive,both_have_targets,overall,protein_size_geomean,0.5186670325244198,spearman,none,none,1129,1129,0,1129,850,1087,6,30,6,30,ok,,
transductive,repeat_03,3,42004030000,4,transductive_repeat_03_fold_04,transductive,both_have_targets,positive,shared_protein_count,0.2512807910519878,spearman,none,none,479,479,0,479,693,437,0,30,0,30,ok,,
transductive,repeat_03,3,42004030000,4,transductive_repeat_03_fold_04,transductive,both_have_targets,positive,protein_jaccard,0.2528325234241755,spearman,none,none,479,479,0,479,693,437,0,30,0,30,ok,,
transductive,repeat_03,3,42004030000,4,transductive_repeat_03_fold_04,transductive,both_have_targets,positive,shared_target_count,-0.0256327871129321,spearman,none,none,479,479,0,479,693,437,0,30,0,30,ok,,
transductive,repeat_03,3,42004030000,4,transductive_repeat_03_fold_04,transductive,both_have_targets,positive,biological_shared_protein_count,-0.0579576883799101,spearman,none,none,479,479,0,479,693,437,0,30,0,30,ok,,
transductive,repeat_03,3,42004030000,4,transductive_repeat_03_fold_04,transductive,both_have_targets,positive,protein_size_geomean,0.1173591872908271,spearman,none,none,479,479,0,479,693,437,0,30,0,30,ok,,
transductive,repeat_03,3,42004030000,4,transductive_repeat_03_fold_04,transductive,both_have_targets,negative,shared_protein_count,0.7789863579476745,spearman,none,none,650,650,0,650,282,650,6,0,6,0,ok,,
transductive,repeat_03,3,42004030000,4,transductive_repeat_03_fold_04,transductive,both_have_targets,negative,protein_jaccard,0.7606395723798345,spearman,none,none,650,650,0,650,282,650,6,0,6,0,ok,,
transductive,repeat_03,3,42004030000,4,transductive_repeat_03_fold_04,transductive,both_have_targets,negative,shared_target_count,0.2605130480722499,spearman,none,none,650,650,0,650,282,650,6,0,6,0,ok,,
transductive,repeat_03,3,42004030000,4,transductive_repeat_03_fold_04,transductive,both_have_targets,negative,biological_shared_protein_count,0.1401876129443777,spearman,none,none,650,650,0,650,282,650,6,0,6,0,ok,,
transductive,repeat_03,3,42004030000,4,transductive_repeat_03_fold_04,transductive,both_have_targets,negative,protein_size_geomean,0.516320481584697,spearman,none,none,650,650,0,650,282,650,6,0,6,0,ok,,
transductive,repeat_03,3,42004030000,4,transductive_repeat_03_fold_04,transductive,all_pairs,overall,shared_protein_count,0.6419292897717763,partial_spearman,n_proteins_a|n_proteins_b,endpoint_columns,1300,1300,0,1300,1063,1184,6,95,6,95,ok,3.0,1297.0
transductive,repeat_03,3,42004030000,4,transductive_repeat_03_fold_04,transductive,all_pairs,overall,shared_protein_count,0.6546999473168899,partial_spearman,n_proteins_a|n_proteins_b,unordered_minmax,1300,1300,0,1300,1063,1184,6,95,6,95,ok,3.0,1297.0
transductive,repeat_03,3,42004030000,4,transductive_repeat_03_fold_04,transductive,all_pairs,overall,biological_shared_protein_count,0.1453064465746169,partial_spearman,n_biological_proteins_a|n_biological_proteins_b,endpoint_columns,1300,1300,0,1300,1063,1184,6,95,6,95,ok,3.0,1297.0
transductive,repeat_03,3,42004030000,4,transductive_repeat_03_fold_04,transductive,all_pairs,overall,biological_shared_protein_count,0.257977055671772,partial_spearman,n_biological_proteins_a|n_biological_proteins_b,unordered_minmax,1300,1300,0,1300,1063,1184,6,95,6,95,ok,3.0,1297.0
transductive,repeat_03,3,42004030000,4,transductive_repeat_03_fold_04,transductive,all_pairs,overall,shared_target_count,0.2703731522422719,partial_spearman,n_targets_a|n_targets_b,endpoint_columns,1300,1300,0,1300,1063,1184,6,95,6,95,ok,3.0,1297.0
transductive,repeat_03,3,42004030000,4,transductive_repeat_03_fold_04,transductive,all_pairs,overall,shared_target_count,0.3033693157461125,partial_spearman,n_targets_a|n_targets_b,unordered_minmax,1300,1300,0,1300,1063,1184,6,95,6,95,ok,3.0,1297.0
transductive,repeat_03,3,42004030000,4,transductive_repeat_03_fold_04,transductive,all_pairs,positive,shared_protein_count,0.2317068149551378,partial_spearman,n_proteins_a|n_proteins_b,endpoint_columns,650,650,0,650,914,534,0,95,0,95,ok,3.0,647.0
transductive,repeat_03,3,42004030000,4,transductive_repeat_03_fold_04,transductive,all_pairs,positive,shared_protein_count,0.3076034784227059,partial_spearman,n_proteins_a|n_proteins_b,unordered_minmax,650,650,0,650,914,534,0,95,0,95,ok,3.0,647.0
transductive,repeat_03,3,42004030000,4,transductive_repeat_03_fold_04,transductive,all_pairs,positive,biological_shared_protein_count,-0.069159513917081,partial_spearman,n_biological_proteins_a|n_biological_proteins_b,endpoint_columns,650,650,0,650,914,534,0,95,0,95,ok,3.0,647.0
transductive,repeat_03,3,42004030000,4,transductive_repeat_03_fold_04,transductive,all_pairs,positive,biological_shared_protein_count,0.0447410255629183,partial_spearman,n_biological_proteins_a|n_biological_proteins_b,unordered_minmax,650,650,0,650,914,534,0,95,0,95,ok,3.0,647.0
transductive,repeat_03,3,42004030000,4,transductive_repeat_03_fold_04,transductive,all_pairs,positive,shared_target_count,0.0020425934962929,partial_spearman,n_targets_a|n_targets_b,endpoint_columns,650,650,0,650,914,534,0,95,0,95,ok,3.0,647.0
transductive,repeat_03,3,42004030000,4,transductive_repeat_03_fold_04,transductive,all_pairs,positive,shared_target_count,0.0578572199367571,partial_spearman,n_targets_a|n_targets_b,unordered_minmax,650,650,0,650,914,534,0,95,0,95,ok,3.0,647.0
transductive,repeat_03,3,42004030000,4,transductive_repeat_03_fold_04,transductive,all_pairs,negative,shared_protein_count,0.7431390419534705,partial_spearman,n_proteins_a|n_proteins_b,endpoint_columns,650,650,0,650,282,650,6,0,6,0,ok,3.0,647.0
transductive,repeat_03,3,42004030000,4,transductive_repeat_03_fold_04,transductive,all_pairs,negative,shared_protein_count,0.6983727005364276,partial_spearman,n_proteins_a|n_proteins_b,unordered_minmax,650,650,0,650,282,650,6,0,6,0,ok,3.0,647.0
transductive,repeat_03,3,42004030000,4,transductive_repeat_03_fold_04,transductive,all_pairs,negative,biological_shared_protein_count,0.2480764870624906,partial_spearman,n_biological_proteins_a|n_biological_proteins_b,endpoint_columns,650,650,0,650,282,650,6,0,6,0,ok,3.0,647.0
transductive,repeat_03,3,42004030000,4,transductive_repeat_03_fold_04,transductive,all_pairs,negative,biological_shared_protein_count,0.2062493874260584,partial_spearman,n_biological_proteins_a|n_biological_proteins_b,unordered_minmax,650,650,0,650,282,650,6,0,6,0,ok,3.0,647.0
transductive,repeat_03,3,42004030000,4,transductive_repeat_03_fold_04,transductive,all_pairs,negative,shared_target_count,0.2244990690018023,partial_spearman,n_targets_a|n_targets_b,endpoint_columns,650,650,0,650,282,650,6,0,6,0,ok,3.0,647.0
transductive,repeat_03,3,42004030000,4,transductive_repeat_03_fold_04,transductive,all_pairs,negative,shared_target_count,0.2151765875116196,partial_spearman,n_targets_a|n_targets_b,unordered_minmax,650,650,0,650,282,650,6,0,6,0,ok,3.0,647.0
transductive,repeat_03,3,42004030000,4,transductive_repeat_03_fold_04,transductive,both_have_targets,overall,shared_protein_count,0.7048939833664432,partial_spearman,n_proteins_a|n_proteins_b,endpoint_columns,1129,1129,0,1129,850,1087,6,30,6,30,ok,3.0,1126.0
transductive,repeat_03,3,42004030000,4,transductive_repeat_03_fold_04,transductive,both_have_targets,overall,shared_protein_count,0.691303214153578,partial_spearman,n_proteins_a|n_proteins_b,unordered_minmax,1129,1129,0,1129,850,1087,6,30,6,30,ok,3.0,1126.0
transductive,repeat_03,3,42004030000,4,transductive_repeat_03_fold_04,transductive,both_have_targets,overall,biological_shared_protein_count,0.3016448186997733,partial_spearman,n_biological_proteins_a|n_biological_proteins_b,endpoint_columns,1129,1129,0,1129,850,1087,6,30,6,30,ok,3.0,1126.0
transductive,repeat_03,3,42004030000,4,transductive_repeat_03_fold_04,transductive,both_have_targets,overall,biological_shared_protein_count,0.3041186330070667,partial_spearman,n_biological_proteins_a|n_biological_proteins_b,unordered_minmax,1129,1129,0,1129,850,1087,6,30,6,30,ok,3.0,1126.0
transductive,repeat_03,3,42004030000,4,transductive_repeat_03_fold_04,transductive,both_have_targets,overall,shared_target_count,0.3181410662828711,partial_spearman,n_targets_a|n_targets_b,endpoint_columns,1129,1129,0,1129,850,1087,6,30,6,30,ok,3.0,1126.0
transductive,repeat_03,3,42004030000,4,transductive_repeat_03_fold_04,transductive,both_have_targets,overall,shared_target_count,0.3133873153939401,partial_spearman,n_targets_a|n_targets_b,unordered_minmax,1129,1129,0,1129,850,1087,6,30,6,30,ok,3.0,1126.0
transductive,repeat_03,3,42004030000,4,transductive_repeat_03_fold_04,transductive,both_have_targets,positive,shared_protein_count,0.2659875840471441,partial_spearman,n_proteins_a|n_proteins_b,endpoint_columns,479,479,0,479,693,437,0,30,0,30,ok,3.0,476.0
transductive,repeat_03,3,42004030000,4,transductive_repeat_03_fold_04,transductive,both_have_targets,positive,shared_protein_count,0.2874979925848936,partial_spearman,n_proteins_a|n_proteins_b,unordered_minmax,479,479,0,479,693,437,0,30,0,30,ok,3.0,476.0
transductive,repeat_03,3,42004030000,4,transductive_repeat_03_fold_04,transductive,both_have_targets,positive,biological_shared_protein_count,0.0167758454910387,partial_spearman,n_biological_proteins_a|n_biological_proteins_b,endpoint_columns,479,479,0,479,693,437,0,30,0,30,ok,3.0,476.0
transductive,repeat_03,3,42004030000,4,transductive_repeat_03_fold_04,transductive,both_have_targets,positive,biological_shared_protein_count,0.041467743603378,partial_spearman,n_biological_proteins_a|n_biological_proteins_b,unordered_minmax,479,479,0,479,693,437,0,30,0,30,ok,3.0,476.0
transductive,repeat_03,3,42004030000,4,transductive_repeat_03_fold_04,transductive,both_have_targets,positive,shared_target_count,0.0093440022401868,partial_spearman,n_targets_a|n_targets_b,endpoint_columns,479,479,0,479,693,437,0,30,0,30,ok,3.0,476.0
transductive,repeat_03,3,42004030000,4,transductive_repeat_03_fold_04,transductive,both_have_targets,positive,shared_target_count,0.0334016257166417,partial_spearman,n_targets_a|n_targets_b,unordered_minmax,479,479,0,479,693,437,0,30,0,30,ok,3.0,476.0
transductive,repeat_03,3,42004030000,4,transductive_repeat_03_fold_04,transductive,both_have_targets,negative,shared_protein_count,0.7431390419534705,partial_spearman,n_proteins_a|n_proteins_b,endpoint_columns,650,650,0,650,282,650,6,0,6,0,ok,3.0,647.0
transductive,repeat_03,3,42004030000,4,transductive_repeat_03_fold_04,transductive,both_have_targets,negative,shared_protein_count,0.6983727005364276,partial_spearman,n_proteins_a|n_proteins_b,unordered_minmax,650,650,0,650,282,650,6,0,6,0,ok,3.0,647.0
transductive,repeat_03,3,42004030000,4,transductive_repeat_03_fold_04,transductive,both_have_targets,negative,biological_shared_protein_count,0.2480764870624906,partial_spearman,n_biological_proteins_a|n_biological_proteins_b,endpoint_columns,650,650,0,650,282,650,6,0,6,0,ok,3.0,647.0
transductive,repeat_03,3,42004030000,4,transductive_repeat_03_fold_04,transductive,both_have_targets,negative,biological_shared_protein_count,0.2062493874260584,partial_spearman,n_biological_proteins_a|n_biological_proteins_b,unordered_minmax,650,650,0,650,282,650,6,0,6,0,ok,3.0,647.0
transductive,repeat_03,3,42004030000,4,transductive_repeat_03_fold_04,transductive,both_have_targets,negative,shared_target_count,0.2244990690018023,partial_spearman,n_targets_a|n_targets_b,endpoint_columns,650,650,0,650,282,650,6,0,6,0,ok,3.0,647.0
transductive,repeat_03,3,42004030000,4,transductive_repeat_03_fold_04,transductive,both_have_targets,negative,shared_target_count,0.2151765875116196,partial_spearman,n_targets_a|n_targets_b,unordered_minmax,650,650,0,650,282,650,6,0,6,0,ok,3.0,647.0
transductive,repeat_03,3,42004030000,4,transductive_repeat_03_fold_04,transductive,all_pairs,overall,biological_shared_protein_count,0.2829584794380118,partial_spearman,n_biological_proteins_a|n_biological_proteins_b|either_biological_size_zero,endpoint_columns_plus_zero,1300,1300,0,1300,1063,1184,6,95,6,95,ok,4.0,1296.0
transductive,repeat_03,3,42004030000,4,transductive_repeat_03_fold_04,transductive,all_pairs,overall,biological_shared_protein_count,0.2901423399137942,partial_spearman,n_biological_proteins_a|n_biological_proteins_b|either_biological_size_zero,unordered_minmax_plus_zero,1300,1300,0,1300,1063,1184,6,95,6,95,ok,4.0,1296.0
transductive,repeat_04,4,42000040000,0,transductive_repeat_04_fold_00,transductive,all_pairs,overall,shared_protein_count,0.5870432462602315,spearman,none,none,1300,1300,0,1300,1072,1240,3,55,3,55,ok,,
transductive,repeat_04,4,42000040000,0,transductive_repeat_04_fold_00,transductive,all_pairs,overall,protein_jaccard,0.6364486411231494,spearman,none,none,1300,1300,0,1300,1072,1240,3,55,3,55,ok,,
transductive,repeat_04,4,42000040000,0,transductive_repeat_04_fold_00,transductive,all_pairs,overall,shared_target_count,0.189363205530642,spearman,none,none,1300,1300,0,1300,1072,1240,3,55,3,55,ok,,
transductive,repeat_04,4,42000040000,0,transductive_repeat_04_fold_00,transductive,all_pairs,overall,biological_shared_protein_count,-0.0591344472128804,spearman,none,none,1300,1300,0,1300,1072,1240,3,55,3,55,ok,,
transductive,repeat_04,4,42000040000,0,transductive_repeat_04_fold_00,transductive,all_pairs,overall,protein_size_geomean,0.3310626176393997,spearman,none,none,1300,1300,0,1300,1072,1240,3,55,3,55,ok,,
transductive,repeat_04,4,42000040000,0,transductive_repeat_04_fold_00,transductive,all_pairs,positive,shared_protein_count,-0.0092766566304638,spearman,none,none,650,650,0,650,914,590,0,55,0,55,ok,,
transductive,repeat_04,4,42000040000,0,transductive_repeat_04_fold_00,transductive,all_pairs,positive,protein_jaccard,0.1468913298398421,spearman,none,none,650,650,0,650,914,590,0,55,0,55,ok,,
transductive,repeat_04,4,42000040000,0,transductive_repeat_04_fold_00,transductive,all_pairs,positive,shared_target_count,-0.1107849257934056,spearman,none,none,650,650,0,650,914,590,0,55,0,55,ok,,
transductive,repeat_04,4,42000040000,0,transductive_repeat_04_fold_00,transductive,all_pairs,positive,biological_shared_protein_count,-0.2291737945599059,spearman,none,none,650,650,0,650,914,590,0,55,0,55,ok,,
transductive,repeat_04,4,42000040000,0,transductive_repeat_04_fold_00,transductive,all_pairs,positive,protein_size_geomean,-0.1417018347451356,spearman,none,none,650,650,0,650,914,590,0,55,0,55,ok,,
transductive,repeat_04,4,42000040000,0,transductive_repeat_04_fold_00,transductive,all_pairs,negative,shared_protein_count,0.7750255647832978,spearman,none,none,650,650,0,650,297,650,3,0,3,0,ok,,
transductive,repeat_04,4,42000040000,0,transductive_repeat_04_fold_00,transductive,all_pairs,negative,protein_jaccard,0.726247409288248,spearman,none,none,650,650,0,650,297,650,3,0,3,0,ok,,
transductive,repeat_04,4,42000040000,0,transductive_repeat_04_fold_00,transductive,all_pairs,negative,shared_target_count,0.3056635766946475,spearman,none,none,650,650,0,650,297,650,3,0,3,0,ok,,
transductive,repeat_04,4,42000040000,0,transductive_repeat_04_fold_00,transductive,all_pairs,negative,biological_shared_protein_count,0.1999262997980414,spearman,none,none,650,650,0,650,297,650,3,0,3,0,ok,,
transductive,repeat_04,4,42000040000,0,transductive_repeat_04_fold_00,transductive,all_pairs,negative,protein_size_geomean,0.5422678397397344,spearman,none,none,650,650,0,650,297,650,3,0,3,0,ok,,
transductive,repeat_04,4,42000040000,0,transductive_repeat_04_fold_00,transductive,both_have_targets,overall,shared_protein_count,0.7283048988976636,spearman,none,none,1138,1138,0,1138,873,1126,3,12,3,12,ok,,
transductive,repeat_04,4,42000040000,0,transductive_repeat_04_fold_00,transductive,both_have_targets,overall,protein_jaccard,0.7143975092395948,spearman,none,none,1138,1138,0,1138,873,1126,3,12,3,12,ok,,
transductive,repeat_04,4,42000040000,0,transductive_repeat_04_fold_00,transductive,both_have_targets,overall,shared_target_count,0.346188167542329,spearman,none,none,1138,1138,0,1138,873,1126,3,12,3,12,ok,,
transductive,repeat_04,4,42000040000,0,transductive_repeat_04_fold_00,transductive,both_have_targets,overall,biological_shared_protein_count,0.2019409056902618,spearman,none,none,1138,1138,0,1138,873,1126,3,12,3,12,ok,,
transductive,repeat_04,4,42000040000,0,transductive_repeat_04_fold_00,transductive,both_have_targets,overall,protein_size_geomean,0.4992728548575831,spearman,none,none,1138,1138,0,1138,873,1126,3,12,3,12,ok,,
transductive,repeat_04,4,42000040000,0,transductive_repeat_04_fold_00,transductive,both_have_targets,positive,shared_protein_count,0.2614084153502276,spearman,none,none,488,488,0,488,708,476,0,12,0,12,ok,,
transductive,repeat_04,4,42000040000,0,transductive_repeat_04_fold_00,transductive,both_have_targets,positive,protein_jaccard,0.2440198668850133,spearman,none,none,488,488,0,488,708,476,0,12,0,12,ok,,
transductive,repeat_04,4,42000040000,0,transductive_repeat_04_fold_00,transductive,both_have_targets,positive,shared_target_count,0.070471584985655,spearman,none,none,488,488,0,488,708,476,0,12,0,12,ok,,
transductive,repeat_04,4,42000040000,0,transductive_repeat_04_fold_00,transductive,both_have_targets,positive,biological_shared_protein_count,0.0205188399566853,spearman,none,none,488,488,0,488,708,476,0,12,0,12,ok,,
transductive,repeat_04,4,42000040000,0,transductive_repeat_04_fold_00,transductive,both_have_targets,positive,protein_size_geomean,0.1281893752935623,spearman,none,none,488,488,0,488,708,476,0,12,0,12,ok,,
transductive,repeat_04,4,42000040000,0,transductive_repeat_04_fold_00,transductive,both_have_targets,negative,shared_protein_count,0.7750255647832978,spearman,none,none,650,650,0,650,297,650,3,0,3,0,ok,,
transductive,repeat_04,4,42000040000,0,transductive_repeat_04_fold_00,transductive,both_have_targets,negative,protein_jaccard,0.726247409288248,spearman,none,none,650,650,0,650,297,650,3,0,3,0,ok,,
transductive,repeat_04,4,42000040000,0,transductive_repeat_04_fold_00,transductive,both_have_targets,negative,shared_target_count,0.3056635766946475,spearman,none,none,650,650,0,650,297,650,3,0,3,0,ok,,
transductive,repeat_04,4,42000040000,0,transductive_repeat_04_fold_00,transductive,both_have_targets,negative,biological_shared_protein_count,0.1999262997980414,spearman,none,none,650,650,0,650,297,650,3,0,3,0,ok,,
transductive,repeat_04,4,42000040000,0,transductive_repeat_04_fold_00,transductive,both_have_targets,negative,protein_size_geomean,0.5422678397397344,spearman,none,none,650,650,0,650,297,650,3,0,3,0,ok,,
transductive,repeat_04,4,42000040000,0,transductive_repeat_04_fold_00,transductive,all_pairs,overall,shared_protein_count,0.586405114855638,partial_spearman,n_proteins_a|n_proteins_b,endpoint_columns,1300,1300,0,1300,1072,1240,3,55,3,55,ok,3.0,1297.0
transductive,repeat_04,4,42000040000,0,transductive_repeat_04_fold_00,transductive,all_pairs,overall,shared_protein_count,0.6086022522768448,partial_spearman,n_proteins_a|n_proteins_b,unordered_minmax,1300,1300,0,1300,1072,1240,3,55,3,55,ok,3.0,1297.0
transductive,repeat_04,4,42000040000,0,transductive_repeat_04_fold_00,transductive,all_pairs,overall,biological_shared_protein_count,0.1042910493032186,partial_spearman,n_biological_proteins_a|n_biological_proteins_b,endpoint_columns,1300,1300,0,1300,1072,1240,3,55,3,55,ok,3.0,1297.0
transductive,repeat_04,4,42000040000,0,transductive_repeat_04_fold_00,transductive,all_pairs,overall,biological_shared_protein_count,0.1875868789135056,partial_spearman,n_biological_proteins_a|n_biological_proteins_b,unordered_minmax,1300,1300,0,1300,1072,1240,3,55,3,55,ok,3.0,1297.0
transductive,repeat_04,4,42000040000,0,transductive_repeat_04_fold_00,transductive,all_pairs,overall,shared_target_count,0.2719553527631683,partial_spearman,n_targets_a|n_targets_b,endpoint_columns,1300,1300,0,1300,1072,1240,3,55,3,55,ok,3.0,1297.0
transductive,repeat_04,4,42000040000,0,transductive_repeat_04_fold_00,transductive,all_pairs,overall,shared_target_count,0.2944175957117074,partial_spearman,n_targets_a|n_targets_b,unordered_minmax,1300,1300,0,1300,1072,1240,3,55,3,55,ok,3.0,1297.0
transductive,repeat_04,4,42000040000,0,transductive_repeat_04_fold_00,transductive,all_pairs,positive,shared_protein_count,0.1857500561785083,partial_spearman,n_proteins_a|n_proteins_b,endpoint_columns,650,650,0,650,914,590,0,55,0,55,ok,3.0,647.0
transductive,repeat_04,4,42000040000,0,transductive_repeat_04_fold_00,transductive,all_pairs,positive,shared_protein_count,0.2574928993892078,partial_spearman,n_proteins_a|n_proteins_b,unordered_minmax,650,650,0,650,914,590,0,55,0,55,ok,3.0,647.0
transductive,repeat_04,4,42000040000,0,transductive_repeat_04_fold_00,transductive,all_pairs,positive,biological_shared_protein_count,0.013647650393828,partial_spearman,n_biological_proteins_a|n_biological_proteins_b,endpoint_columns,650,650,0,650,914,590,0,55,0,55,ok,3.0,647.0
transductive,repeat_04,4,42000040000,0,transductive_repeat_04_fold_00,transductive,all_pairs,positive,biological_shared_protein_count,0.0707935525318821,partial_spearman,n_biological_proteins_a|n_biological_proteins_b,unordered_minmax,650,650,0,650,914,590,0,55,0,55,ok,3.0,647.0
transductive,repeat_04,4,42000040000,0,transductive_repeat_04_fold_00,transductive,all_pairs,positive,shared_target_count,0.1043722306563136,partial_spearman,n_targets_a|n_targets_b,endpoint_columns,650,650,0,650,914,590,0,55,0,55,ok,3.0,647.0
transductive,repeat_04,4,42000040000,0,transductive_repeat_04_fold_00,transductive,all_pairs,positive,shared_target_count,0.1442830100002579,partial_spearman,n_targets_a|n_targets_b,unordered_minmax,650,650,0,650,914,590,0,55,0,55,ok,3.0,647.0
transductive,repeat_04,4,42000040000,0,transductive_repeat_04_fold_00,transductive,all_pairs,negative,shared_protein_count,0.7031778437150177,partial_spearman,n_proteins_a|n_proteins_b,endpoint_columns,650,650,0,650,297,650,3,0,3,0,ok,3.0,647.0
transductive,repeat_04,4,42000040000,0,transductive_repeat_04_fold_00,transductive,all_pairs,negative,shared_protein_count,0.6707657201009991,partial_spearman,n_proteins_a|n_proteins_b,unordered_minmax,650,650,0,650,297,650,3,0,3,0,ok,3.0,647.0
transductive,repeat_04,4,42000040000,0,transductive_repeat_04_fold_00,transductive,all_pairs,negative,biological_shared_protein_count,0.1813559128892538,partial_spearman,n_biological_proteins_a|n_biological_proteins_b,endpoint_columns,650,650,0,650,297,650,3,0,3,0,ok,3.0,647.0
transductive,repeat_04,4,42000040000,0,transductive_repeat_04_fold_00,transductive,all_pairs,negative,biological_shared_protein_count,0.1732719907322065,partial_spearman,n_biological_proteins_a|n_biological_proteins_b,unordered_minmax,650,650,0,650,297,650,3,0,3,0,ok,3.0,647.0
transductive,repeat_04,4,42000040000,0,transductive_repeat_04_fold_00,transductive,all_pairs,negative,shared_target_count,0.2378951116408377,partial_spearman,n_targets_a|n_targets_b,endpoint_columns,650,650,0,650,297,650,3,0,3,0,ok,3.0,647.0
transductive,repeat_04,4,42000040000,0,transductive_repeat_04_fold_00,transductive,all_pairs,negative,shared_target_count,0.2280829525276379,partial_spearman,n_targets_a|n_targets_b,unordered_minmax,650,650,0,650,297,650,3,0,3,0,ok,3.0,647.0
transductive,repeat_04,4,42000040000,0,transductive_repeat_04_fold_00,transductive,both_have_targets,overall,shared_protein_count,0.6648493532222783,partial_spearman,n_proteins_a|n_proteins_b,endpoint_columns,1138,1138,0,1138,873,1126,3,12,3,12,ok,3.0,1135.0
transductive,repeat_04,4,42000040000,0,transductive_repeat_04_fold_00,transductive,both_have_targets,overall,shared_protein_count,0.6557721115003057,partial_spearman,n_proteins_a|n_proteins_b,unordered_minmax,1138,1138,0,1138,873,1126,3,12,3,12,ok,3.0,1135.0
transductive,repeat_04,4,42000040000,0,transductive_repeat_04_fold_00,transductive,both_have_targets,overall,biological_shared_protein_count,0.2373770596970537,partial_spearman,n_biological_proteins_a|n_biological_proteins_b,endpoint_columns,1138,1138,0,1138,873,1126,3,12,3,12,ok,3.0,1135.0
transductive,repeat_04,4,42000040000,0,transductive_repeat_04_fold_00,transductive,both_have_targets,overall,biological_shared_protein_count,0.2372902927761229,partial_spearman,n_biological_proteins_a|n_biological_proteins_b,unordered_minmax,1138,1138,0,1138,873,1126,3,12,3,12,ok,3.0,1135.0
transductive,repeat_04,4,42000040000,0,transductive_repeat_04_fold_00,transductive,both_have_targets,overall,shared_target_count,0.3143633060346993,partial_spearman,n_targets_a|n_targets_b,endpoint_columns,1138,1138,0,1138,873,1126,3,12,3,12,ok,3.0,1135.0
transductive,repeat_04,4,42000040000,0,transductive_repeat_04_fold_00,transductive,both_have_targets,overall,shared_target_count,0.3021391492908184,partial_spearman,n_targets_a|n_targets_b,unordered_minmax,1138,1138,0,1138,873,1126,3,12,3,12,ok,3.0,1135.0
transductive,repeat_04,4,42000040000,0,transductive_repeat_04_fold_00,transductive,both_have_targets,positive,shared_protein_count,0.2818257925819455,partial_spearman,n_proteins_a|n_proteins_b,endpoint_columns,488,488,0,488,708,476,0,12,0,12,ok,3.0,485.0
transductive,repeat_04,4,42000040000,0,transductive_repeat_04_fold_00,transductive,both_have_targets,positive,shared_protein_count,0.2814130781600267,partial_spearman,n_proteins_a|n_proteins_b,unordered_minmax,488,488,0,488,708,476,0,12,0,12,ok,3.0,485.0
transductive,repeat_04,4,42000040000,0,transductive_repeat_04_fold_00,transductive,both_have_targets,positive,biological_shared_protein_count,0.0874983199229927,partial_spearman,n_biological_proteins_a|n_biological_proteins_b,endpoint_columns,488,488,0,488,708,476,0,12,0,12,ok,3.0,485.0
transductive,repeat_04,4,42000040000,0,transductive_repeat_04_fold_00,transductive,both_have_targets,positive,biological_shared_protein_count,0.0812285177722525,partial_spearman,n_biological_proteins_a|n_biological_proteins_b,unordered_minmax,488,488,0,488,708,476,0,12,0,12,ok,3.0,485.0
transductive,repeat_04,4,42000040000,0,transductive_repeat_04_fold_00,transductive,both_have_targets,positive,shared_target_count,0.1215057959704167,partial_spearman,n_targets_a|n_targets_b,endpoint_columns,488,488,0,488,708,476,0,12,0,12,ok,3.0,485.0
transductive,repeat_04,4,42000040000,0,transductive_repeat_04_fold_00,transductive,both_have_targets,positive,shared_target_count,0.1325843347250752,partial_spearman,n_targets_a|n_targets_b,unordered_minmax,488,488,0,488,708,476,0,12,0,12,ok,3.0,485.0
transductive,repeat_04,4,42000040000,0,transductive_repeat_04_fold_00,transductive,both_have_targets,negative,shared_protein_count,0.7031778437150177,partial_spearman,n_proteins_a|n_proteins_b,endpoint_columns,650,650,0,650,297,650,3,0,3,0,ok,3.0,647.0
transductive,repeat_04,4,42000040000,0,transductive_repeat_04_fold_00,transductive,both_have_targets,negative,shared_protein_count,0.6707657201009991,partial_spearman,n_proteins_a|n_proteins_b,unordered_minmax,650,650,0,650,297,650,3,0,3,0,ok,3.0,647.0
transductive,repeat_04,4,42000040000,0,transductive_repeat_04_fold_00,transductive,both_have_targets,negative,biological_shared_protein_count,0.1813559128892538,partial_spearman,n_biological_proteins_a|n_biological_proteins_b,endpoint_columns,650,650,0,650,297,650,3,0,3,0,ok,3.0,647.0
transductive,repeat_04,4,42000040000,0,transductive_repeat_04_fold_00,transductive,both_have_targets,negative,biological_shared_protein_count,0.1732719907322065,partial_spearman,n_biological_proteins_a|n_biological_proteins_b,unordered_minmax,650,650,0,650,297,650,3,0,3,0,ok,3.0,647.0
transductive,repeat_04,4,42000040000,0,transductive_repeat_04_fold_00,transductive,both_have_targets,negative,shared_target_count,0.2378951116408377,partial_spearman,n_targets_a|n_targets_b,endpoint_columns,650,650,0,650,297,650,3,0,3,0,ok,3.0,647.0
transductive,repeat_04,4,42000040000,0,transductive_repeat_04_fold_00,transductive,both_have_targets,negative,shared_target_count,0.2280829525276379,partial_spearman,n_targets_a|n_targets_b,unordered_minmax,650,650,0,650,297,650,3,0,3,0,ok,3.0,647.0
transductive,repeat_04,4,42000040000,0,transductive_repeat_04_fold_00,transductive,all_pairs,overall,biological_shared_protein_count,0.2361298244529196,partial_spearman,n_biological_proteins_a|n_biological_proteins_b|either_biological_size_zero,endpoint_columns_plus_zero,1300,1300,0,1300,1072,1240,3,55,3,55,ok,4.0,1296.0
transductive,repeat_04,4,42000040000,0,transductive_repeat_04_fold_00,transductive,all_pairs,overall,biological_shared_protein_count,0.2256775418883284,partial_spearman,n_biological_proteins_a|n_biological_proteins_b|either_biological_size_zero,unordered_minmax_plus_zero,1300,1300,0,1300,1072,1240,3,55,3,55,ok,4.0,1296.0
transductive,repeat_04,4,42001040000,1,transductive_repeat_04_fold_01,transductive,all_pairs,overall,shared_protein_count,0.6324527724531049,spearman,none,none,1300,1300,0,1300,1044,1263,4,37,4,37,ok,,
transductive,repeat_04,4,42001040000,1,transductive_repeat_04_fold_01,transductive,all_pairs,overall,protein_jaccard,0.6308163702574107,spearman,none,none,1300,1300,0,1300,1044,1263,4,37,4,37,ok,,
transductive,repeat_04,4,42001040000,1,transductive_repeat_04_fold_01,transductive,all_pairs,overall,shared_target_count,0.204087962710242,spearman,none,none,1300,1300,0,1300,1044,1263,4,37,4,37,ok,,
transductive,repeat_04,4,42001040000,1,transductive_repeat_04_fold_01,transductive,all_pairs,overall,biological_shared_protein_count,0.0076930864688513,spearman,none,none,1300,1300,0,1300,1044,1263,4,37,4,37,ok,,
transductive,repeat_04,4,42001040000,1,transductive_repeat_04_fold_01,transductive,all_pairs,overall,protein_size_geomean,0.4331393240475699,spearman,none,none,1300,1300,0,1300,1044,1263,4,37,4,37,ok,,
transductive,repeat_04,4,42001040000,1,transductive_repeat_04_fold_01,transductive,all_pairs,positive,shared_protein_count,0.0954855123691319,spearman,none,none,650,650,0,650,873,613,0,37,0,37,ok,,
transductive,repeat_04,4,42001040000,1,transductive_repeat_04_fold_01,transductive,all_pairs,positive,protein_jaccard,0.1364915634654467,spearman,none,none,650,650,0,650,873,613,0,37,0,37,ok,,
transductive,repeat_04,4,42001040000,1,transductive_repeat_04_fold_01,transductive,all_pairs,positive,shared_target_count,-0.0902793555307025,spearman,none,none,650,650,0,650,873,613,0,37,0,37,ok,,
transductive,repeat_04,4,42001040000,1,transductive_repeat_04_fold_01,transductive,all_pairs,positive,biological_shared_protein_count,-0.2026975028828816,spearman,none,none,650,650,0,650,873,613,0,37,0,37,ok,,
transductive,repeat_04,4,42001040000,1,transductive_repeat_04_fold_01,transductive,all_pairs,positive,protein_size_geomean,0.0055389633263111,spearman,none,none,650,650,0,650,873,613,0,37,0,37,ok,,
transductive,repeat_04,4,42001040000,1,transductive_repeat_04_fold_01,transductive,all_pairs,negative,shared_protein_count,0.6601120859976279,spearman,none,none,650,650,0,650,299,650,4,0,4,0,ok,,
transductive,repeat_04,4,42001040000,1,transductive_repeat_04_fold_01,transductive,all_pairs,negative,protein_jaccard,0.5924424019596239,spearman,none,none,650,650,0,650,299,650,4,0,4,0,ok,,
transductive,repeat_04,4,42001040000,1,transductive_repeat_04_fold_01,transductive,all_pairs,negative,shared_target_count,0.192623288545817,spearman,none,none,650,650,0,650,299,650,4,0,4,0,ok,,
transductive,repeat_04,4,42001040000,1,transductive_repeat_04_fold_01,transductive,all_pairs,negative,biological_shared_protein_count,0.226394923620766,spearman,none,none,650,650,0,650,299,650,4,0,4,0,ok,,
transductive,repeat_04,4,42001040000,1,transductive_repeat_04_fold_01,transductive,all_pairs,negative,protein_size_geomean,0.5336261886528166,spearman,none,none,650,650,0,650,299,650,4,0,4,0,ok,,
transductive,repeat_04,4,42001040000,1,transductive_repeat_04_fold_01,transductive,both_have_targets,overall,shared_protein_count,0.7431178396997514,spearman,none,none,1152,1152,0,1152,866,1150,4,3,4,3,ok,,
transductive,repeat_04,4,42001040000,1,transductive_repeat_04_fold_01,transductive,both_have_targets,overall,protein_jaccard,0.6890833066487463,spearman,none,none,1152,1152,0,1152,866,1150,4,3,4,3,ok,,
transductive,repeat_04,4,42001040000,1,transductive_repeat_04_fold_01,transductive,both_have_targets,overall,shared_target_count,0.3603239171629643,spearman,none,none,1152,1152,0,1152,866,1150,4,3,4,3,ok,,
transductive,repeat_04,4,42001040000,1,transductive_repeat_04_fold_01,transductive,both_have_targets,overall,biological_shared_protein_count,0.2790098043960367,spearman,none,none,1152,1152,0,1152,866,1150,4,3,4,3,ok,,
transductive,repeat_04,4,42001040000,1,transductive_repeat_04_fold_01,transductive,both_have_targets,overall,protein_size_geomean,0.5827103392224887,spearman,none,none,1152,1152,0,1152,866,1150,4,3,4,3,ok,,
transductive,repeat_04,4,42001040000,1,transductive_repeat_04_fold_01,transductive,both_have_targets,positive,shared_protein_count,0.3379506540506532,spearman,none,none,502,502,0,502,687,500,0,3,0,3,ok,,
transductive,repeat_04,4,42001040000,1,transductive_repeat_04_fold_01,transductive,both_have_targets,positive,protein_jaccard,0.2151877925554768,spearman,none,none,502,502,0,502,687,500,0,3,0,3,ok,,
transductive,repeat_04,4,42001040000,1,transductive_repeat_04_fold_01,transductive,both_have_targets,positive,shared_target_count,0.1275598397178193,spearman,none,none,502,502,0,502,687,500,0,3,0,3,ok,,
transductive,repeat_04,4,42001040000,1,transductive_repeat_04_fold_01,transductive,both_have_targets,positive,biological_shared_protein_count,0.1127526200347832,spearman,none,none,502,502,0,502,687,500,0,3,0,3,ok,,
transductive,repeat_04,4,42001040000,1,transductive_repeat_04_fold_01,transductive,both_have_targets,positive,protein_size_geomean,0.2788992389532123,spearman,none,none,502,502,0,502,687,500,0,3,0,3,ok,,
transductive,repeat_04,4,42001040000,1,transductive_repeat_04_fold_01,transductive,both_have_targets,negative,shared_protein_count,0.6601120859976279,spearman,none,none,650,650,0,650,299,650,4,0,4,0,ok,,
transductive,repeat_04,4,42001040000,1,transductive_repeat_04_fold_01,transductive,both_have_targets,negative,protein_jaccard,0.5924424019596239,spearman,none,none,650,650,0,650,299,650,4,0,4,0,ok,,
transductive,repeat_04,4,42001040000,1,transductive_repeat_04_fold_01,transductive,both_have_targets,negative,shared_target_count,0.192623288545817,spearman,none,none,650,650,0,650,299,650,4,0,4,0,ok,,
transductive,repeat_04,4,42001040000,1,transductive_repeat_04_fold_01,transductive,both_have_targets,negative,biological_shared_protein_count,0.226394923620766,spearman,none,none,650,650,0,650,299,650,4,0,4,0,ok,,
transductive,repeat_04,4,42001040000,1,transductive_repeat_04_fold_01,transductive,both_have_targets,negative,protein_size_geomean,0.5336261886528166,spearman,none,none,650,650,0,650,299,650,4,0,4,0,ok,,
transductive,repeat_04,4,42001040000,1,transductive_repeat_04_fold_01,transductive,all_pairs,overall,shared_protein_count,0.5698437095121904,partial_spearman,n_proteins_a|n_proteins_b,endpoint_columns,1300,1300,0,1300,1044,1263,4,37,4,37,ok,3.0,1297.0
transductive,repeat_04,4,42001040000,1,transductive_repeat_04_fold_01,transductive,all_pairs,overall,shared_protein_count,0.579105201868738,partial_spearman,n_proteins_a|n_proteins_b,unordered_minmax,1300,1300,0,1300,1044,1263,4,37,4,37,ok,3.0,1297.0
transductive,repeat_04,4,42001040000,1,transductive_repeat_04_fold_01,transductive,all_pairs,overall,biological_shared_protein_count,0.147201169840277,partial_spearman,n_biological_proteins_a|n_biological_proteins_b,endpoint_columns,1300,1300,0,1300,1044,1263,4,37,4,37,ok,3.0,1297.0
transductive,repeat_04,4,42001040000,1,transductive_repeat_04_fold_01,transductive,all_pairs,overall,biological_shared_protein_count,0.2113418010203997,partial_spearman,n_biological_proteins_a|n_biological_proteins_b,unordered_minmax,1300,1300,0,1300,1044,1263,4,37,4,37,ok,3.0,1297.0
transductive,repeat_04,4,42001040000,1,transductive_repeat_04_fold_01,transductive,all_pairs,overall,shared_target_count,0.2679820806116914,partial_spearman,n_targets_a|n_targets_b,endpoint_columns,1300,1300,0,1300,1044,1263,4,37,4,37,ok,3.0,1297.0
transductive,repeat_04,4,42001040000,1,transductive_repeat_04_fold_01,transductive,all_pairs,overall,shared_target_count,0.2956981241716049,partial_spearman,n_targets_a|n_targets_b,unordered_minmax,1300,1300,0,1300,1044,1263,4,37,4,37,ok,3.0,1297.0
transductive,repeat_04,4,42001040000,1,transductive_repeat_04_fold_01,transductive,all_pairs,positive,shared_protein_count,0.1896546372102033,partial_spearman,n_proteins_a|n_proteins_b,endpoint_columns,650,650,0,650,873,613,0,37,0,37,ok,3.0,647.0
transductive,repeat_04,4,42001040000,1,transductive_repeat_04_fold_01,transductive,all_pairs,positive,shared_protein_count,0.2070323532853553,partial_spearman,n_proteins_a|n_proteins_b,unordered_minmax,650,650,0,650,873,613,0,37,0,37,ok,3.0,647.0
transductive,repeat_04,4,42001040000,1,transductive_repeat_04_fold_01,transductive,all_pairs,positive,biological_shared_protein_count,-0.0503381621708478,partial_spearman,n_biological_proteins_a|n_biological_proteins_b,endpoint_columns,650,650,0,650,873,613,0,37,0,37,ok,3.0,647.0
transductive,repeat_04,4,42001040000,1,transductive_repeat_04_fold_01,transductive,all_pairs,positive,biological_shared_protein_count,0.0245112987826866,partial_spearman,n_biological_proteins_a|n_biological_proteins_b,unordered_minmax,650,650,0,650,873,613,0,37,0,37,ok,3.0,647.0
transductive,repeat_04,4,42001040000,1,transductive_repeat_04_fold_01,transductive,all_pairs,positive,shared_target_count,0.1012805491765101,partial_spearman,n_targets_a|n_targets_b,endpoint_columns,650,650,0,650,873,613,0,37,0,37,ok,3.0,647.0
transductive,repeat_04,4,42001040000,1,transductive_repeat_04_fold_01,transductive,all_pairs,positive,shared_target_count,0.1474059913235746,partial_spearman,n_targets_a|n_targets_b,unordered_minmax,650,650,0,650,873,613,0,37,0,37,ok,3.0,647.0
transductive,repeat_04,4,42001040000,1,transductive_repeat_04_fold_01,transductive,all_pairs,negative,shared_protein_count,0.5298533603148843,partial_spearman,n_proteins_a|n_proteins_b,endpoint_columns,650,650,0,650,299,650,4,0,4,0,ok,3.0,647.0
transductive,repeat_04,4,42001040000,1,transductive_repeat_04_fold_01,transductive,all_pairs,negative,shared_protein_count,0.5179536612299089,partial_spearman,n_proteins_a|n_proteins_b,unordered_minmax,650,650,0,650,299,650,4,0,4,0,ok,3.0,647.0
transductive,repeat_04,4,42001040000,1,transductive_repeat_04_fold_01,transductive,all_pairs,negative,biological_shared_protein_count,0.2390764668636485,partial_spearman,n_biological_proteins_a|n_biological_proteins_b,endpoint_columns,650,650,0,650,299,650,4,0,4,0,ok,3.0,647.0
transductive,repeat_04,4,42001040000,1,transductive_repeat_04_fold_01,transductive,all_pairs,negative,biological_shared_protein_count,0.172092731942175,partial_spearman,n_biological_proteins_a|n_biological_proteins_b,unordered_minmax,650,650,0,650,299,650,4,0,4,0,ok,3.0,647.0
transductive,repeat_04,4,42001040000,1,transductive_repeat_04_fold_01,transductive,all_pairs,negative,shared_target_count,0.1336898158409988,partial_spearman,n_targets_a|n_targets_b,endpoint_columns,650,650,0,650,299,650,4,0,4,0,ok,3.0,647.0
transductive,repeat_04,4,42001040000,1,transductive_repeat_04_fold_01,transductive,all_pairs,negative,shared_target_count,0.1100200906575953,partial_spearman,n_targets_a|n_targets_b,unordered_minmax,650,650,0,650,299,650,4,0,4,0,ok,3.0,647.0
transductive,repeat_04,4,42001040000,1,transductive_repeat_04_fold_01,transductive,both_have_targets,overall,shared_protein_count,0.6188650801512039,partial_spearman,n_proteins_a|n_proteins_b,endpoint_columns,1152,1152,0,1152,866,1150,4,3,4,3,ok,3.0,1149.0
transductive,repeat_04,4,42001040000,1,transductive_repeat_04_fold_01,transductive,both_have_targets,overall,shared_protein_count,0.6032168981766839,partial_spearman,n_proteins_a|n_proteins_b,unordered_minmax,1152,1152,0,1152,866,1150,4,3,4,3,ok,3.0,1149.0
transductive,repeat_04,4,42001040000,1,transductive_repeat_04_fold_01,transductive,both_have_targets,overall,biological_shared_protein_count,0.2966360144024318,partial_spearman,n_biological_proteins_a|n_biological_proteins_b,endpoint_columns,1152,1152,0,1152,866,1150,4,3,4,3,ok,3.0,1149.0
transductive,repeat_04,4,42001040000,1,transductive_repeat_04_fold_01,transductive,both_have_targets,overall,biological_shared_protein_count,0.2784435641407794,partial_spearman,n_biological_proteins_a|n_biological_proteins_b,unordered_minmax,1152,1152,0,1152,866,1150,4,3,4,3,ok,3.0,1149.0
transductive,repeat_04,4,42001040000,1,transductive_repeat_04_fold_01,transductive,both_have_targets,overall,shared_target_count,0.3101810593072977,partial_spearman,n_targets_a|n_targets_b,endpoint_columns,1152,1152,0,1152,866,1150,4,3,4,3,ok,3.0,1149.0
transductive,repeat_04,4,42001040000,1,transductive_repeat_04_fold_01,transductive,both_have_targets,overall,shared_target_count,0.3065801893154291,partial_spearman,n_targets_a|n_targets_b,unordered_minmax,1152,1152,0,1152,866,1150,4,3,4,3,ok,3.0,1149.0
transductive,repeat_04,4,42001040000,1,transductive_repeat_04_fold_01,transductive,both_have_targets,positive,shared_protein_count,0.1975400852848019,partial_spearman,n_proteins_a|n_proteins_b,endpoint_columns,502,502,0,502,687,500,0,3,0,3,ok,3.0,499.0
transductive,repeat_04,4,42001040000,1,transductive_repeat_04_fold_01,transductive,both_have_targets,positive,shared_protein_count,0.1785392243040846,partial_spearman,n_proteins_a|n_proteins_b,unordered_minmax,502,502,0,502,687,500,0,3,0,3,ok,3.0,499.0
transductive,repeat_04,4,42001040000,1,transductive_repeat_04_fold_01,transductive,both_have_targets,positive,biological_shared_protein_count,0.0542213922823788,partial_spearman,n_biological_proteins_a|n_biological_proteins_b,endpoint_columns,502,502,0,502,687,500,0,3,0,3,ok,3.0,499.0
transductive,repeat_04,4,42001040000,1,transductive_repeat_04_fold_01,transductive,both_have_targets,positive,biological_shared_protein_count,0.0680674140743379,partial_spearman,n_biological_proteins_a|n_biological_proteins_b,unordered_minmax,502,502,0,502,687,500,0,3,0,3,ok,3.0,499.0
transductive,repeat_04,4,42001040000,1,transductive_repeat_04_fold_01,transductive,both_have_targets,positive,shared_target_count,0.1138097576263084,partial_spearman,n_targets_a|n_targets_b,endpoint_columns,502,502,0,502,687,500,0,3,0,3,ok,3.0,499.0
transductive,repeat_04,4,42001040000,1,transductive_repeat_04_fold_01,transductive,both_have_targets,positive,shared_target_count,0.1441580471657274,partial_spearman,n_targets_a|n_targets_b,unordered_minmax,502,502,0,502,687,500,0,3,0,3,ok,3.0,499.0
transductive,repeat_04,4,42001040000,1,transductive_repeat_04_fold_01,transductive,both_have_targets,negative,shared_protein_count,0.5298533603148843,partial_spearman,n_proteins_a|n_proteins_b,endpoint_columns,650,650,0,650,299,650,4,0,4,0,ok,3.0,647.0
transductive,repeat_04,4,42001040000,1,transductive_repeat_04_fold_01,transductive,both_have_targets,negative,shared_protein_count,0.5179536612299089,partial_spearman,n_proteins_a|n_proteins_b,unordered_minmax,650,650,0,650,299,650,4,0,4,0,ok,3.0,647.0
transductive,repeat_04,4,42001040000,1,transductive_repeat_04_fold_01,transductive,both_have_targets,negative,biological_shared_protein_count,0.2390764668636485,partial_spearman,n_biological_proteins_a|n_biological_proteins_b,endpoint_columns,650,650,0,650,299,650,4,0,4,0,ok,3.0,647.0
transductive,repeat_04,4,42001040000,1,transductive_repeat_04_fold_01,transductive,both_have_targets,negative,biological_shared_protein_count,0.172092731942175,partial_spearman,n_biological_proteins_a|n_biological_proteins_b,unordered_minmax,650,650,0,650,299,650,4,0,4,0,ok,3.0,647.0
transductive,repeat_04,4,42001040000,1,transductive_repeat_04_fold_01,transductive,both_have_targets,negative,shared_target_count,0.1336898158409988,partial_spearman,n_targets_a|n_targets_b,endpoint_columns,650,650,0,650,299,650,4,0,4,0,ok,3.0,647.0
transductive,repeat_04,4,42001040000,1,transductive_repeat_04_fold_01,transductive,both_have_targets,negative,shared_target_count,0.1100200906575953,partial_spearman,n_targets_a|n_targets_b,unordered_minmax,650,650,0,650,299,650,4,0,4,0,ok,3.0,647.0
transductive,repeat_04,4,42001040000,1,transductive_repeat_04_fold_01,transductive,all_pairs,overall,biological_shared_protein_count,0.2843085350935523,partial_spearman,n_biological_proteins_a|n_biological_proteins_b|either_biological_size_zero,endpoint_columns_plus_zero,1300,1300,0,1300,1044,1263,4,37,4,37,ok,4.0,1296.0
transductive,repeat_04,4,42001040000,1,transductive_repeat_04_fold_01,transductive,all_pairs,overall,biological_shared_protein_count,0.2595358922887564,partial_spearman,n_biological_proteins_a|n_biological_proteins_b|either_biological_size_zero,unordered_minmax_plus_zero,1300,1300,0,1300,1044,1263,4,37,4,37,ok,4.0,1296.0
transductive,repeat_04,4,42002040000,2,transductive_repeat_04_fold_02,transductive,all_pairs,overall,shared_protein_count,0.6450784768515216,spearman,none,none,1300,1300,0,1300,1083,1247,6,47,6,47,ok,,
transductive,repeat_04,4,42002040000,2,transductive_repeat_04_fold_02,transductive,all_pairs,overall,protein_jaccard,0.6986359700392429,spearman,none,none,1300,1300,0,1300,1083,1247,6,47,6,47,ok,,
transductive,repeat_04,4,42002040000,2,transductive_repeat_04_fold_02,transductive,all_pairs,overall,shared_target_count,0.1659370279717255,spearman,none,none,1300,1300,0,1300,1083,1247,6,47,6,47,ok,,
transductive,repeat_04,4,42002040000,2,transductive_repeat_04_fold_02,transductive,all_pairs,overall,biological_shared_protein_count,-0.0841532365014192,spearman,none,none,1300,1300,0,1300,1083,1247,6,47,6,47,ok,,
transductive,repeat_04,4,42002040000,2,transductive_repeat_04_fold_02,transductive,all_pairs,overall,protein_size_geomean,0.3521487138194262,spearman,none,none,1300,1300,0,1300,1083,1247,6,47,6,47,ok,,
transductive,repeat_04,4,42002040000,2,transductive_repeat_04_fold_02,transductive,all_pairs,positive,shared_protein_count,0.0817871108903709,spearman,none,none,650,650,0,650,921,597,0,47,0,47,ok,,
transductive,repeat_04,4,42002040000,2,transductive_repeat_04_fold_02,transductive,all_pairs,positive,protein_jaccard,0.2824205493462839,spearman,none,none,650,650,0,650,921,597,0,47,0,47,ok,,
transductive,repeat_04,4,42002040000,2,transductive_repeat_04_fold_02,transductive,all_pairs,positive,shared_target_count,-0.1519127168144001,spearman,none,none,650,650,0,650,921,597,0,47,0,47,ok,,
transductive,repeat_04,4,42002040000,2,transductive_repeat_04_fold_02,transductive,all_pairs,positive,biological_shared_protein_count,-0.2834210005756545,spearman,none,none,650,650,0,650,921,597,0,47,0,47,ok,,
transductive,repeat_04,4,42002040000,2,transductive_repeat_04_fold_02,transductive,all_pairs,positive,protein_size_geomean,-0.1022963992098831,spearman,none,none,650,650,0,650,921,597,0,47,0,47,ok,,
transductive,repeat_04,4,42002040000,2,transductive_repeat_04_fold_02,transductive,all_pairs,negative,shared_protein_count,0.7375183629105871,spearman,none,none,650,650,0,650,284,650,6,0,6,0,ok,,
transductive,repeat_04,4,42002040000,2,transductive_repeat_04_fold_02,transductive,all_pairs,negative,protein_jaccard,0.7124085357957642,spearman,none,none,650,650,0,650,284,650,6,0,6,0,ok,,
transductive,repeat_04,4,42002040000,2,transductive_repeat_04_fold_02,transductive,all_pairs,negative,shared_target_count,0.1653877795554577,spearman,none,none,650,650,0,650,284,650,6,0,6,0,ok,,
transductive,repeat_04,4,42002040000,2,transductive_repeat_04_fold_02,transductive,all_pairs,negative,biological_shared_protein_count,0.0770300379315278,spearman,none,none,650,650,0,650,284,650,6,0,6,0,ok,,
transductive,repeat_04,4,42002040000,2,transductive_repeat_04_fold_02,transductive,all_pairs,negative,protein_size_geomean,0.4858825532875837,spearman,none,none,650,650,0,650,284,650,6,0,6,0,ok,,
transductive,repeat_04,4,42002040000,2,transductive_repeat_04_fold_02,transductive,both_have_targets,overall,shared_protein_count,0.7541044319074613,spearman,none,none,1139,1139,0,1139,887,1132,6,6,6,6,ok,,
transductive,repeat_04,4,42002040000,2,transductive_repeat_04_fold_02,transductive,both_have_targets,overall,protein_jaccard,0.7390673018120268,spearman,none,none,1139,1139,0,1139,887,1132,6,6,6,6,ok,,
transductive,repeat_04,4,42002040000,2,transductive_repeat_04_fold_02,transductive,both_have_targets,overall,shared_target_count,0.3139600608313765,spearman,none,none,1139,1139,0,1139,887,1132,6,6,6,6,ok,,
transductive,repeat_04,4,42002040000,2,transductive_repeat_04_fold_02,transductive,both_have_targets,overall,biological_shared_protein_count,0.1660626482636609,spearman,none,none,1139,1139,0,1139,887,1132,6,6,6,6,ok,,
transductive,repeat_04,4,42002040000,2,transductive_repeat_04_fold_02,transductive,both_have_targets,overall,protein_size_geomean,0.5136356167426951,spearman,none,none,1139,1139,0,1139,887,1132,6,6,6,6,ok,,
transductive,repeat_04,4,42002040000,2,transductive_repeat_04_fold_02,transductive,both_have_targets,positive,shared_protein_count,0.2809970413617667,spearman,none,none,489,489,0,489,717,482,0,6,0,6,ok,,
transductive,repeat_04,4,42002040000,2,transductive_repeat_04_fold_02,transductive,both_have_targets,positive,protein_jaccard,0.2890129527460691,spearman,none,none,489,489,0,489,717,482,0,6,0,6,ok,,
transductive,repeat_04,4,42002040000,2,transductive_repeat_04_fold_02,transductive,both_have_targets,positive,shared_target_count,0.0159079807126882,spearman,none,none,489,489,0,489,717,482,0,6,0,6,ok,,
transductive,repeat_04,4,42002040000,2,transductive_repeat_04_fold_02,transductive,both_have_targets,positive,biological_shared_protein_count,-0.0481803828361283,spearman,none,none,489,489,0,489,717,482,0,6,0,6,ok,,
transductive,repeat_04,4,42002040000,2,transductive_repeat_04_fold_02,transductive,both_have_targets,positive,protein_size_geomean,0.147315962483431,spearman,none,none,489,489,0,489,717,482,0,6,0,6,ok,,
transductive,repeat_04,4,42002040000,2,transductive_repeat_04_fold_02,transductive,both_have_targets,negative,shared_protein_count,0.7375183629105871,spearman,none,none,650,650,0,650,284,650,6,0,6,0,ok,,
transductive,repeat_04,4,42002040000,2,transductive_repeat_04_fold_02,transductive,both_have_targets,negative,protein_jaccard,0.7124085357957642,spearman,none,none,650,650,0,650,284,650,6,0,6,0,ok,,
transductive,repeat_04,4,42002040000,2,transductive_repeat_04_fold_02,transductive,both_have_targets,negative,shared_target_count,0.1653877795554577,spearman,none,none,650,650,0,650,284,650,6,0,6,0,ok,,
transductive,repeat_04,4,42002040000,2,transductive_repeat_04_fold_02,transductive,both_have_targets,negative,biological_shared_protein_count,0.0770300379315278,spearman,none,none,650,650,0,650,284,650,6,0,6,0,ok,,
transductive,repeat_04,4,42002040000,2,transductive_repeat_04_fold_02,transductive,both_have_targets,negative,protein_size_geomean,0.4858825532875837,spearman,none,none,650,650,0,650,284,650,6,0,6,0,ok,,
transductive,repeat_04,4,42002040000,2,transductive_repeat_04_fold_02,transductive,all_pairs,overall,shared_protein_count,0.6649596903806965,partial_spearman,n_proteins_a|n_proteins_b,endpoint_columns,1300,1300,0,1300,1083,1247,6,47,6,47,ok,3.0,1297.0
transductive,repeat_04,4,42002040000,2,transductive_repeat_04_fold_02,transductive,all_pairs,overall,shared_protein_count,0.6349630156696191,partial_spearman,n_proteins_a|n_proteins_b,unordered_minmax,1300,1300,0,1300,1083,1247,6,47,6,47,ok,3.0,1297.0
transductive,repeat_04,4,42002040000,2,transductive_repeat_04_fold_02,transductive,all_pairs,overall,biological_shared_protein_count,0.1750133719828069,partial_spearman,n_biological_proteins_a|n_biological_proteins_b,endpoint_columns,1300,1300,0,1300,1083,1247,6,47,6,47,ok,3.0,1297.0
transductive,repeat_04,4,42002040000,2,transductive_repeat_04_fold_02,transductive,all_pairs,overall,biological_shared_protein_count,0.2324109138943911,partial_spearman,n_biological_proteins_a|n_biological_proteins_b,unordered_minmax,1300,1300,0,1300,1083,1247,6,47,6,47,ok,3.0,1297.0
transductive,repeat_04,4,42002040000,2,transductive_repeat_04_fold_02,transductive,all_pairs,overall,shared_target_count,0.24953741225304,partial_spearman,n_targets_a|n_targets_b,endpoint_columns,1300,1300,0,1300,1083,1247,6,47,6,47,ok,3.0,1297.0
transductive,repeat_04,4,42002040000,2,transductive_repeat_04_fold_02,transductive,all_pairs,overall,shared_target_count,0.2810049697496298,partial_spearman,n_targets_a|n_targets_b,unordered_minmax,1300,1300,0,1300,1083,1247,6,47,6,47,ok,3.0,1297.0
transductive,repeat_04,4,42002040000,2,transductive_repeat_04_fold_02,transductive,all_pairs,positive,shared_protein_count,0.3045517347990146,partial_spearman,n_proteins_a|n_proteins_b,endpoint_columns,650,650,0,650,921,597,0,47,0,47,ok,3.0,647.0
transductive,repeat_04,4,42002040000,2,transductive_repeat_04_fold_02,transductive,all_pairs,positive,shared_protein_count,0.3159947287582219,partial_spearman,n_proteins_a|n_proteins_b,unordered_minmax,650,650,0,650,921,597,0,47,0,47,ok,3.0,647.0
transductive,repeat_04,4,42002040000,2,transductive_repeat_04_fold_02,transductive,all_pairs,positive,biological_shared_protein_count,-0.0035040097659139,partial_spearman,n_biological_proteins_a|n_biological_proteins_b,endpoint_columns,650,650,0,650,921,597,0,47,0,47,ok,3.0,647.0
transductive,repeat_04,4,42002040000,2,transductive_repeat_04_fold_02,transductive,all_pairs,positive,biological_shared_protein_count,0.0525615120619935,partial_spearman,n_biological_proteins_a|n_biological_proteins_b,unordered_minmax,650,650,0,650,921,597,0,47,0,47,ok,3.0,647.0
transductive,repeat_04,4,42002040000,2,transductive_repeat_04_fold_02,transductive,all_pairs,positive,shared_target_count,0.084504403114202,partial_spearman,n_targets_a|n_targets_b,endpoint_columns,650,650,0,650,921,597,0,47,0,47,ok,3.0,647.0
transductive,repeat_04,4,42002040000,2,transductive_repeat_04_fold_02,transductive,all_pairs,positive,shared_target_count,0.1179279180143083,partial_spearman,n_targets_a|n_targets_b,unordered_minmax,650,650,0,650,921,597,0,47,0,47,ok,3.0,647.0
transductive,repeat_04,4,42002040000,2,transductive_repeat_04_fold_02,transductive,all_pairs,negative,shared_protein_count,0.6931117470108294,partial_spearman,n_proteins_a|n_proteins_b,endpoint_columns,650,650,0,650,284,650,6,0,6,0,ok,3.0,647.0
transductive,repeat_04,4,42002040000,2,transductive_repeat_04_fold_02,transductive,all_pairs,negative,shared_protein_count,0.6148106062618182,partial_spearman,n_proteins_a|n_proteins_b,unordered_minmax,650,650,0,650,284,650,6,0,6,0,ok,3.0,647.0
transductive,repeat_04,4,42002040000,2,transductive_repeat_04_fold_02,transductive,all_pairs,negative,biological_shared_protein_count,0.1048289077408845,partial_spearman,n_biological_proteins_a|n_biological_proteins_b,endpoint_columns,650,650,0,650,284,650,6,0,6,0,ok,3.0,647.0
transductive,repeat_04,4,42002040000,2,transductive_repeat_04_fold_02,transductive,all_pairs,negative,biological_shared_protein_count,0.0721971462593689,partial_spearman,n_biological_proteins_a|n_biological_proteins_b,unordered_minmax,650,650,0,650,284,650,6,0,6,0,ok,3.0,647.0
transductive,repeat_04,4,42002040000,2,transductive_repeat_04_fold_02,transductive,all_pairs,negative,shared_target_count,0.1281194677897846,partial_spearman,n_targets_a|n_targets_b,endpoint_columns,650,650,0,650,284,650,6,0,6,0,ok,3.0,647.0
transductive,repeat_04,4,42002040000,2,transductive_repeat_04_fold_02,transductive,all_pairs,negative,shared_target_count,0.1194040224989062,partial_spearman,n_targets_a|n_targets_b,unordered_minmax,650,650,0,650,284,650,6,0,6,0,ok,3.0,647.0
transductive,repeat_04,4,42002040000,2,transductive_repeat_04_fold_02,transductive,both_have_targets,overall,shared_protein_count,0.7051317809385618,partial_spearman,n_proteins_a|n_proteins_b,endpoint_columns,1139,1139,0,1139,887,1132,6,6,6,6,ok,3.0,1136.0
transductive,repeat_04,4,42002040000,2,transductive_repeat_04_fold_02,transductive,both_have_targets,overall,shared_protein_count,0.6591093368119564,partial_spearman,n_proteins_a|n_proteins_b,unordered_minmax,1139,1139,0,1139,887,1132,6,6,6,6,ok,3.0,1136.0
transductive,repeat_04,4,42002040000,2,transductive_repeat_04_fold_02,transductive,both_have_targets,overall,biological_shared_protein_count,0.2596944577057037,partial_spearman,n_biological_proteins_a|n_biological_proteins_b,endpoint_columns,1139,1139,0,1139,887,1132,6,6,6,6,ok,3.0,1136.0
transductive,repeat_04,4,42002040000,2,transductive_repeat_04_fold_02,transductive,both_have_targets,overall,biological_shared_protein_count,0.2503426002309536,partial_spearman,n_biological_proteins_a|n_biological_proteins_b,unordered_minmax,1139,1139,0,1139,887,1132,6,6,6,6,ok,3.0,1136.0
transductive,repeat_04,4,42002040000,2,transductive_repeat_04_fold_02,transductive,both_have_targets,overall,shared_target_count,0.2777296926981651,partial_spearman,n_targets_a|n_targets_b,endpoint_columns,1139,1139,0,1139,887,1132,6,6,6,6,ok,3.0,1136.0
transductive,repeat_04,4,42002040000,2,transductive_repeat_04_fold_02,transductive,both_have_targets,overall,shared_target_count,0.281459450261699,partial_spearman,n_targets_a|n_targets_b,unordered_minmax,1139,1139,0,1139,887,1132,6,6,6,6,ok,3.0,1136.0
transductive,repeat_04,4,42002040000,2,transductive_repeat_04_fold_02,transductive,both_have_targets,positive,shared_protein_count,0.289557127594045,partial_spearman,n_proteins_a|n_proteins_b,endpoint_columns,489,489,0,489,717,482,0,6,0,6,ok,3.0,486.0
transductive,repeat_04,4,42002040000,2,transductive_repeat_04_fold_02,transductive,both_have_targets,positive,shared_protein_count,0.2622100402260272,partial_spearman,n_proteins_a|n_proteins_b,unordered_minmax,489,489,0,489,717,482,0,6,0,6,ok,3.0,486.0
transductive,repeat_04,4,42002040000,2,transductive_repeat_04_fold_02,transductive,both_have_targets,positive,biological_shared_protein_count,0.0574037572922996,partial_spearman,n_biological_proteins_a|n_biological_proteins_b,endpoint_columns,489,489,0,489,717,482,0,6,0,6,ok,3.0,486.0
transductive,repeat_04,4,42002040000,2,transductive_repeat_04_fold_02,transductive,both_have_targets,positive,biological_shared_protein_count,0.0653271527208315,partial_spearman,n_biological_proteins_a|n_biological_proteins_b,unordered_minmax,489,489,0,489,717,482,0,6,0,6,ok,3.0,486.0
transductive,repeat_04,4,42002040000,2,transductive_repeat_04_fold_02,transductive,both_have_targets,positive,shared_target_count,0.0783387375991681,partial_spearman,n_targets_a|n_targets_b,endpoint_columns,489,489,0,489,717,482,0,6,0,6,ok,3.0,486.0
transductive,repeat_04,4,42002040000,2,transductive_repeat_04_fold_02,transductive,both_have_targets,positive,shared_target_count,0.0985255594685381,partial_spearman,n_targets_a|n_targets_b,unordered_minmax,489,489,0,489,717,482,0,6,0,6,ok,3.0,486.0
transductive,repeat_04,4,42002040000,2,transductive_repeat_04_fold_02,transductive,both_have_targets,negative,shared_protein_count,0.6931117470108294,partial_spearman,n_proteins_a|n_proteins_b,endpoint_columns,650,650,0,650,284,650,6,0,6,0,ok,3.0,647.0
transductive,repeat_04,4,42002040000,2,transductive_repeat_04_fold_02,transductive,both_have_targets,negative,shared_protein_count,0.6148106062618182,partial_spearman,n_proteins_a|n_proteins_b,unordered_minmax,650,650,0,650,284,650,6,0,6,0,ok,3.0,647.0
transductive,repeat_04,4,42002040000,2,transductive_repeat_04_fold_02,transductive,both_have_targets,negative,biological_shared_protein_count,0.1048289077408845,partial_spearman,n_biological_proteins_a|n_biological_proteins_b,endpoint_columns,650,650,0,650,284,650,6,0,6,0,ok,3.0,647.0
transductive,repeat_04,4,42002040000,2,transductive_repeat_04_fold_02,transductive,both_have_targets,negative,biological_shared_protein_count,0.0721971462593689,partial_spearman,n_biological_proteins_a|n_biological_proteins_b,unordered_minmax,650,650,0,650,284,650,6,0,6,0,ok,3.0,647.0
transductive,repeat_04,4,42002040000,2,transductive_repeat_04_fold_02,transductive,both_have_targets,negative,shared_target_count,0.1281194677897846,partial_spearman,n_targets_a|n_targets_b,endpoint_columns,650,650,0,650,284,650,6,0,6,0,ok,3.0,647.0
transductive,repeat_04,4,42002040000,2,transductive_repeat_04_fold_02,transductive,both_have_targets,negative,shared_target_count,0.1194040224989062,partial_spearman,n_targets_a|n_targets_b,unordered_minmax,650,650,0,650,284,650,6,0,6,0,ok,3.0,647.0
transductive,repeat_04,4,42002040000,2,transductive_repeat_04_fold_02,transductive,all_pairs,overall,biological_shared_protein_count,0.2521351912022908,partial_spearman,n_biological_proteins_a|n_biological_proteins_b|either_biological_size_zero,endpoint_columns_plus_zero,1300,1300,0,1300,1083,1247,6,47,6,47,ok,4.0,1296.0
transductive,repeat_04,4,42002040000,2,transductive_repeat_04_fold_02,transductive,all_pairs,overall,biological_shared_protein_count,0.2425658850397817,partial_spearman,n_biological_proteins_a|n_biological_proteins_b|either_biological_size_zero,unordered_minmax_plus_zero,1300,1300,0,1300,1083,1247,6,47,6,47,ok,4.0,1296.0
transductive,repeat_04,4,42003040000,3,transductive_repeat_04_fold_03,transductive,all_pairs,overall,shared_protein_count,0.5991160088288154,spearman,none,none,1300,1300,0,1300,1072,1225,5,63,5,63,ok,,
transductive,repeat_04,4,42003040000,3,transductive_repeat_04_fold_03,transductive,all_pairs,overall,protein_jaccard,0.6588697449211943,spearman,none,none,1300,1300,0,1300,1072,1225,5,63,5,63,ok,,
transductive,repeat_04,4,42003040000,3,transductive_repeat_04_fold_03,transductive,all_pairs,overall,shared_target_count,0.1570636760150237,spearman,none,none,1300,1300,0,1300,1072,1225,5,63,5,63,ok,,
transductive,repeat_04,4,42003040000,3,transductive_repeat_04_fold_03,transductive,all_pairs,overall,biological_shared_protein_count,-0.1008330059555689,spearman,none,none,1300,1300,0,1300,1072,1225,5,63,5,63,ok,,
transductive,repeat_04,4,42003040000,3,transductive_repeat_04_fold_03,transductive,all_pairs,overall,protein_size_geomean,0.322641229821808,spearman,none,none,1300,1300,0,1300,1072,1225,5,63,5,63,ok,,
transductive,repeat_04,4,42003040000,3,transductive_repeat_04_fold_03,transductive,all_pairs,positive,shared_protein_count,-0.0338618961755396,spearman,none,none,650,650,0,650,925,575,0,63,0,63,ok,,
transductive,repeat_04,4,42003040000,3,transductive_repeat_04_fold_03,transductive,all_pairs,positive,protein_jaccard,0.167373981566406,spearman,none,none,650,650,0,650,925,575,0,63,0,63,ok,,
transductive,repeat_04,4,42003040000,3,transductive_repeat_04_fold_03,transductive,all_pairs,positive,shared_target_count,-0.2651336974933155,spearman,none,none,650,650,0,650,925,575,0,63,0,63,ok,,
transductive,repeat_04,4,42003040000,3,transductive_repeat_04_fold_03,transductive,all_pairs,positive,biological_shared_protein_count,-0.3845306789628117,spearman,none,none,650,650,0,650,925,575,0,63,0,63,ok,,
transductive,repeat_04,4,42003040000,3,transductive_repeat_04_fold_03,transductive,all_pairs,positive,protein_size_geomean,-0.1926879931863569,spearman,none,none,650,650,0,650,925,575,0,63,0,63,ok,,
transductive,repeat_04,4,42003040000,3,transductive_repeat_04_fold_03,transductive,all_pairs,negative,shared_protein_count,0.6800923389706188,spearman,none,none,650,650,0,650,284,650,5,0,5,0,ok,,
transductive,repeat_04,4,42003040000,3,transductive_repeat_04_fold_03,transductive,all_pairs,negative,protein_jaccard,0.6716670328578945,spearman,none,none,650,650,0,650,284,650,5,0,5,0,ok,,
transductive,repeat_04,4,42003040000,3,transductive_repeat_04_fold_03,transductive,all_pairs,negative,shared_target_count,0.2413377663062518,spearman,none,none,650,650,0,650,284,650,5,0,5,0,ok,,
transductive,repeat_04,4,42003040000,3,transductive_repeat_04_fold_03,transductive,all_pairs,negative,biological_shared_protein_count,0.1225704342873839,spearman,none,none,650,650,0,650,284,650,5,0,5,0,ok,,
transductive,repeat_04,4,42003040000,3,transductive_repeat_04_fold_03,transductive,all_pairs,negative,protein_size_geomean,0.4385165259136626,spearman,none,none,650,650,0,650,284,650,5,0,5,0,ok,,
transductive,repeat_04,4,42003040000,3,transductive_repeat_04_fold_03,transductive,both_have_targets,overall,shared_protein_count,0.7163001084190551,spearman,none,none,1132,1132,0,1132,868,1125,5,7,5,7,ok,,
transductive,repeat_04,4,42003040000,3,transductive_repeat_04_fold_03,transductive,both_have_targets,overall,protein_jaccard,0.7097226227456459,spearman,none,none,1132,1132,0,1132,868,1125,5,7,5,7,ok,,
transductive,repeat_04,4,42003040000,3,transductive_repeat_04_fold_03,transductive,both_have_targets,overall,shared_target_count,0.3320945135535069,spearman,none,none,1132,1132,0,1132,868,1125,5,7,5,7,ok,,
transductive,repeat_04,4,42003040000,3,transductive_repeat_04_fold_03,transductive,both_have_targets,overall,biological_shared_protein_count,0.1895561888425824,spearman,none,none,1132,1132,0,1132,868,1125,5,7,5,7,ok,,
transductive,repeat_04,4,42003040000,3,transductive_repeat_04_fold_03,transductive,both_have_targets,overall,protein_size_geomean,0.4811052749780368,spearman,none,none,1132,1132,0,1132,868,1125,5,7,5,7,ok,,
transductive,repeat_04,4,42003040000,3,transductive_repeat_04_fold_03,transductive,both_have_targets,positive,shared_protein_count,0.1886392022370656,spearman,none,none,482,482,0,482,704,475,0,7,0,7,ok,,
transductive,repeat_04,4,42003040000,3,transductive_repeat_04_fold_03,transductive,both_have_targets,positive,protein_jaccard,0.1987800893764003,spearman,none,none,482,482,0,482,704,475,0,7,0,7,ok,,
transductive,repeat_04,4,42003040000,3,transductive_repeat_04_fold_03,transductive,both_have_targets,positive,shared_target_count,-0.0773589858045487,spearman,none,none,482,482,0,482,704,475,0,7,0,7,ok,,
transductive,repeat_04,4,42003040000,3,transductive_repeat_04_fold_03,transductive,both_have_targets,positive,biological_shared_protein_count,-0.1119077389458066,spearman,none,none,482,482,0,482,704,475,0,7,0,7,ok,,
transductive,repeat_04,4,42003040000,3,transductive_repeat_04_fold_03,transductive,both_have_targets,positive,protein_size_geomean,0.0881870938627615,spearman,none,none,482,482,0,482,704,475,0,7,0,7,ok,,
transductive,repeat_04,4,42003040000,3,transductive_repeat_04_fold_03,transductive,both_have_targets,negative,shared_protein_count,0.6800923389706188,spearman,none,none,650,650,0,650,284,650,5,0,5,0,ok,,
transductive,repeat_04,4,42003040000,3,transductive_repeat_04_fold_03,transductive,both_have_targets,negative,protein_jaccard,0.6716670328578945,spearman,none,none,650,650,0,650,284,650,5,0,5,0,ok,,
transductive,repeat_04,4,42003040000,3,transductive_repeat_04_fold_03,transductive,both_have_targets,negative,shared_target_count,0.2413377663062518,spearman,none,none,650,650,0,650,284,650,5,0,5,0,ok,,
transductive,repeat_04,4,42003040000,3,transductive_repeat_04_fold_03,transductive,both_have_targets,negative,biological_shared_protein_count,0.1225704342873839,spearman,none,none,650,650,0,650,284,650,5,0,5,0,ok,,
transductive,repeat_04,4,42003040000,3,transductive_repeat_04_fold_03,transductive,both_have_targets,negative,protein_size_geomean,0.4385165259136626,spearman,none,none,650,650,0,650,284,650,5,0,5,0,ok,,
transductive,repeat_04,4,42003040000,3,transductive_repeat_04_fold_03,transductive,all_pairs,overall,shared_protein_count,0.6388720073953429,partial_spearman,n_proteins_a|n_proteins_b,endpoint_columns,1300,1300,0,1300,1072,1225,5,63,5,63,ok,3.0,1297.0
transductive,repeat_04,4,42003040000,3,transductive_repeat_04_fold_03,transductive,all_pairs,overall,shared_protein_count,0.6208293474295832,partial_spearman,n_proteins_a|n_proteins_b,unordered_minmax,1300,1300,0,1300,1072,1225,5,63,5,63,ok,3.0,1297.0
transductive,repeat_04,4,42003040000,3,transductive_repeat_04_fold_03,transductive,all_pairs,overall,biological_shared_protein_count,0.1415332585907977,partial_spearman,n_biological_proteins_a|n_biological_proteins_b,endpoint_columns,1300,1300,0,1300,1072,1225,5,63,5,63,ok,3.0,1297.0
transductive,repeat_04,4,42003040000,3,transductive_repeat_04_fold_03,transductive,all_pairs,overall,biological_shared_protein_count,0.2140101957073305,partial_spearman,n_biological_proteins_a|n_biological_proteins_b,unordered_minmax,1300,1300,0,1300,1072,1225,5,63,5,63,ok,3.0,1297.0
transductive,repeat_04,4,42003040000,3,transductive_repeat_04_fold_03,transductive,all_pairs,overall,shared_target_count,0.2558177061420508,partial_spearman,n_targets_a|n_targets_b,endpoint_columns,1300,1300,0,1300,1072,1225,5,63,5,63,ok,3.0,1297.0
transductive,repeat_04,4,42003040000,3,transductive_repeat_04_fold_03,transductive,all_pairs,overall,shared_target_count,0.275833168454376,partial_spearman,n_targets_a|n_targets_b,unordered_minmax,1300,1300,0,1300,1072,1225,5,63,5,63,ok,3.0,1297.0
transductive,repeat_04,4,42003040000,3,transductive_repeat_04_fold_03,transductive,all_pairs,positive,shared_protein_count,0.248186982067057,partial_spearman,n_proteins_a|n_proteins_b,endpoint_columns,650,650,0,650,925,575,0,63,0,63,ok,3.0,647.0
transductive,repeat_04,4,42003040000,3,transductive_repeat_04_fold_03,transductive,all_pairs,positive,shared_protein_count,0.2697714791709751,partial_spearman,n_proteins_a|n_proteins_b,unordered_minmax,650,650,0,650,925,575,0,63,0,63,ok,3.0,647.0
transductive,repeat_04,4,42003040000,3,transductive_repeat_04_fold_03,transductive,all_pairs,positive,biological_shared_protein_count,-0.0877600506325957,partial_spearman,n_biological_proteins_a|n_biological_proteins_b,endpoint_columns,650,650,0,650,925,575,0,63,0,63,ok,3.0,647.0
transductive,repeat_04,4,42003040000,3,transductive_repeat_04_fold_03,transductive,all_pairs,positive,biological_shared_protein_count,-0.0127104668510684,partial_spearman,n_biological_proteins_a|n_biological_proteins_b,unordered_minmax,650,650,0,650,925,575,0,63,0,63,ok,3.0,647.0
transductive,repeat_04,4,42003040000,3,transductive_repeat_04_fold_03,transductive,all_pairs,positive,shared_target_count,-0.0150862834820384,partial_spearman,n_targets_a|n_targets_b,endpoint_columns,650,650,0,650,925,575,0,63,0,63,ok,3.0,647.0
transductive,repeat_04,4,42003040000,3,transductive_repeat_04_fold_03,transductive,all_pairs,positive,shared_target_count,0.0403040041486668,partial_spearman,n_targets_a|n_targets_b,unordered_minmax,650,650,0,650,925,575,0,63,0,63,ok,3.0,647.0
transductive,repeat_04,4,42003040000,3,transductive_repeat_04_fold_03,transductive,all_pairs,negative,shared_protein_count,0.6646919227411054,partial_spearman,n_proteins_a|n_proteins_b,endpoint_columns,650,650,0,650,284,650,5,0,5,0,ok,3.0,647.0
transductive,repeat_04,4,42003040000,3,transductive_repeat_04_fold_03,transductive,all_pairs,negative,shared_protein_count,0.5951236155099872,partial_spearman,n_proteins_a|n_proteins_b,unordered_minmax,650,650,0,650,284,650,5,0,5,0,ok,3.0,647.0
transductive,repeat_04,4,42003040000,3,transductive_repeat_04_fold_03,transductive,all_pairs,negative,biological_shared_protein_count,0.1920231689632552,partial_spearman,n_biological_proteins_a|n_biological_proteins_b,endpoint_columns,650,650,0,650,284,650,5,0,5,0,ok,3.0,647.0
transductive,repeat_04,4,42003040000,3,transductive_repeat_04_fold_03,transductive,all_pairs,negative,biological_shared_protein_count,0.1410740079212823,partial_spearman,n_biological_proteins_a|n_biological_proteins_b,unordered_minmax,650,650,0,650,284,650,5,0,5,0,ok,3.0,647.0
transductive,repeat_04,4,42003040000,3,transductive_repeat_04_fold_03,transductive,all_pairs,negative,shared_target_count,0.1893189360895396,partial_spearman,n_targets_a|n_targets_b,endpoint_columns,650,650,0,650,284,650,5,0,5,0,ok,3.0,647.0
transductive,repeat_04,4,42003040000,3,transductive_repeat_04_fold_03,transductive,all_pairs,negative,shared_target_count,0.1813050504214204,partial_spearman,n_targets_a|n_targets_b,unordered_minmax,650,650,0,650,284,650,5,0,5,0,ok,3.0,647.0
transductive,repeat_04,4,42003040000,3,transductive_repeat_04_fold_03,transductive,both_have_targets,overall,shared_protein_count,0.6800182009110777,partial_spearman,n_proteins_a|n_proteins_b,endpoint_columns,1132,1132,0,1132,868,1125,5,7,5,7,ok,3.0,1129.0
transductive,repeat_04,4,42003040000,3,transductive_repeat_04_fold_03,transductive,both_have_targets,overall,shared_protein_count,0.6406881850278884,partial_spearman,n_proteins_a|n_proteins_b,unordered_minmax,1132,1132,0,1132,868,1125,5,7,5,7,ok,3.0,1129.0
transductive,repeat_04,4,42003040000,3,transductive_repeat_04_fold_03,transductive,both_have_targets,overall,biological_shared_protein_count,0.2630381793211944,partial_spearman,n_biological_proteins_a|n_biological_proteins_b,endpoint_columns,1132,1132,0,1132,868,1125,5,7,5,7,ok,3.0,1129.0
transductive,repeat_04,4,42003040000,3,transductive_repeat_04_fold_03,transductive,both_have_targets,overall,biological_shared_protein_count,0.26360024156754,partial_spearman,n_biological_proteins_a|n_biological_proteins_b,unordered_minmax,1132,1132,0,1132,868,1125,5,7,5,7,ok,3.0,1129.0
transductive,repeat_04,4,42003040000,3,transductive_repeat_04_fold_03,transductive,both_have_targets,overall,shared_target_count,0.2939418381494244,partial_spearman,n_targets_a|n_targets_b,endpoint_columns,1132,1132,0,1132,868,1125,5,7,5,7,ok,3.0,1129.0
transductive,repeat_04,4,42003040000,3,transductive_repeat_04_fold_03,transductive,both_have_targets,overall,shared_target_count,0.283656001760098,partial_spearman,n_targets_a|n_targets_b,unordered_minmax,1132,1132,0,1132,868,1125,5,7,5,7,ok,3.0,1129.0
transductive,repeat_04,4,42003040000,3,transductive_repeat_04_fold_03,transductive,both_have_targets,positive,shared_protein_count,0.2188984039277765,partial_spearman,n_proteins_a|n_proteins_b,endpoint_columns,482,482,0,482,704,475,0,7,0,7,ok,3.0,479.0
transductive,repeat_04,4,42003040000,3,transductive_repeat_04_fold_03,transductive,both_have_targets,positive,shared_protein_count,0.1848059580100542,partial_spearman,n_proteins_a|n_proteins_b,unordered_minmax,482,482,0,482,704,475,0,7,0,7,ok,3.0,479.0
transductive,repeat_04,4,42003040000,3,transductive_repeat_04_fold_03,transductive,both_have_targets,positive,biological_shared_protein_count,-0.0592361778204342,partial_spearman,n_biological_proteins_a|n_biological_proteins_b,endpoint_columns,482,482,0,482,704,475,0,7,0,7,ok,3.0,479.0
transductive,repeat_04,4,42003040000,3,transductive_repeat_04_fold_03,transductive,both_have_targets,positive,biological_shared_protein_count,-0.0182033135454703,partial_spearman,n_biological_proteins_a|n_biological_proteins_b,unordered_minmax,482,482,0,482,704,475,0,7,0,7,ok,3.0,479.0
transductive,repeat_04,4,42003040000,3,transductive_repeat_04_fold_03,transductive,both_have_targets,positive,shared_target_count,-0.0167400433604429,partial_spearman,n_targets_a|n_targets_b,endpoint_columns,482,482,0,482,704,475,0,7,0,7,ok,3.0,479.0
transductive,repeat_04,4,42003040000,3,transductive_repeat_04_fold_03,transductive,both_have_targets,positive,shared_target_count,0.008445582668392,partial_spearman,n_targets_a|n_targets_b,unordered_minmax,482,482,0,482,704,475,0,7,0,7,ok,3.0,479.0
transductive,repeat_04,4,42003040000,3,transductive_repeat_04_fold_03,transductive,both_have_targets,negative,shared_protein_count,0.6646919227411054,partial_spearman,n_proteins_a|n_proteins_b,endpoint_columns,650,650,0,650,284,650,5,0,5,0,ok,3.0,647.0
transductive,repeat_04,4,42003040000,3,transductive_repeat_04_fold_03,transductive,both_have_targets,negative,shared_protein_count,0.5951236155099872,partial_spearman,n_proteins_a|n_proteins_b,unordered_minmax,650,650,0,650,284,650,5,0,5,0,ok,3.0,647.0
transductive,repeat_04,4,42003040000,3,transductive_repeat_04_fold_03,transductive,both_have_targets,negative,biological_shared_protein_count,0.1920231689632552,partial_spearman,n_biological_proteins_a|n_biological_proteins_b,endpoint_columns,650,650,0,650,284,650,5,0,5,0,ok,3.0,647.0
transductive,repeat_04,4,42003040000,3,transductive_repeat_04_fold_03,transductive,both_have_targets,negative,biological_shared_protein_count,0.1410740079212823,partial_spearman,n_biological_proteins_a|n_biological_proteins_b,unordered_minmax,650,650,0,650,284,650,5,0,5,0,ok,3.0,647.0
transductive,repeat_04,4,42003040000,3,transductive_repeat_04_fold_03,transductive,both_have_targets,negative,shared_target_count,0.1893189360895396,partial_spearman,n_targets_a|n_targets_b,endpoint_columns,650,650,0,650,284,650,5,0,5,0,ok,3.0,647.0
transductive,repeat_04,4,42003040000,3,transductive_repeat_04_fold_03,transductive,both_have_targets,negative,shared_target_count,0.1813050504214204,partial_spearman,n_targets_a|n_targets_b,unordered_minmax,650,650,0,650,284,650,5,0,5,0,ok,3.0,647.0
transductive,repeat_04,4,42003040000,3,transductive_repeat_04_fold_03,transductive,all_pairs,overall,biological_shared_protein_count,0.2625581656092919,partial_spearman,n_biological_proteins_a|n_biological_proteins_b|either_biological_size_zero,endpoint_columns_plus_zero,1300,1300,0,1300,1072,1225,5,63,5,63,ok,4.0,1296.0
transductive,repeat_04,4,42003040000,3,transductive_repeat_04_fold_03,transductive,all_pairs,overall,biological_shared_protein_count,0.2539423863918262,partial_spearman,n_biological_proteins_a|n_biological_proteins_b|either_biological_size_zero,unordered_minmax_plus_zero,1300,1300,0,1300,1072,1225,5,63,5,63,ok,4.0,1296.0
transductive,repeat_04,4,42004040000,4,transductive_repeat_04_fold_04,transductive,all_pairs,overall,shared_protein_count,0.644118176688783,spearman,none,none,1300,1300,0,1300,1062,1254,4,41,4,41,ok,,
transductive,repeat_04,4,42004040000,4,transductive_repeat_04_fold_04,transductive,all_pairs,overall,protein_jaccard,0.6840900958863616,spearman,none,none,1300,1300,0,1300,1062,1254,4,41,4,41,ok,,
transductive,repeat_04,4,42004040000,4,transductive_repeat_04_fold_04,transductive,all_pairs,overall,shared_target_count,0.2192852787105122,spearman,none,none,1300,1300,0,1300,1062,1254,4,41,4,41,ok,,
transductive,repeat_04,4,42004040000,4,transductive_repeat_04_fold_04,transductive,all_pairs,overall,biological_shared_protein_count,-0.0577826800126518,spearman,none,none,1300,1300,0,1300,1062,1254,4,41,4,41,ok,,
transductive,repeat_04,4,42004040000,4,transductive_repeat_04_fold_04,transductive,all_pairs,overall,protein_size_geomean,0.3612924944019604,spearman,none,none,1300,1300,0,1300,1062,1254,4,41,4,41,ok,,
transductive,repeat_04,4,42004040000,4,transductive_repeat_04_fold_04,transductive,all_pairs,positive,shared_protein_count,0.062236951806014,spearman,none,none,650,650,0,650,901,604,0,41,0,41,ok,,
transductive,repeat_04,4,42004040000,4,transductive_repeat_04_fold_04,transductive,all_pairs,positive,protein_jaccard,0.2450810442476847,spearman,none,none,650,650,0,650,901,604,0,41,0,41,ok,,
transductive,repeat_04,4,42004040000,4,transductive_repeat_04_fold_04,transductive,all_pairs,positive,shared_target_count,-0.1323576689533117,spearman,none,none,650,650,0,650,901,604,0,41,0,41,ok,,
transductive,repeat_04,4,42004040000,4,transductive_repeat_04_fold_04,transductive,all_pairs,positive,biological_shared_protein_count,-0.2796989016598185,spearman,none,none,650,650,0,650,901,604,0,41,0,41,ok,,
transductive,repeat_04,4,42004040000,4,transductive_repeat_04_fold_04,transductive,all_pairs,positive,protein_size_geomean,-0.0870655473113981,spearman,none,none,650,650,0,650,901,604,0,41,0,41,ok,,
transductive,repeat_04,4,42004040000,4,transductive_repeat_04_fold_04,transductive,all_pairs,negative,shared_protein_count,0.7548891831702177,spearman,none,none,650,650,0,650,274,650,4,0,4,0,ok,,
transductive,repeat_04,4,42004040000,4,transductive_repeat_04_fold_04,transductive,all_pairs,negative,protein_jaccard,0.7032004161525195,spearman,none,none,650,650,0,650,274,650,4,0,4,0,ok,,
transductive,repeat_04,4,42004040000,4,transductive_repeat_04_fold_04,transductive,all_pairs,negative,shared_target_count,0.2770027011395119,spearman,none,none,650,650,0,650,274,650,4,0,4,0,ok,,
transductive,repeat_04,4,42004040000,4,transductive_repeat_04_fold_04,transductive,all_pairs,negative,biological_shared_protein_count,0.1879862600452287,spearman,none,none,650,650,0,650,274,650,4,0,4,0,ok,,
transductive,repeat_04,4,42004040000,4,transductive_repeat_04_fold_04,transductive,all_pairs,negative,protein_size_geomean,0.5183978033119323,spearman,none,none,650,650,0,650,274,650,4,0,4,0,ok,,
transductive,repeat_04,4,42004040000,4,transductive_repeat_04_fold_04,transductive,both_have_targets,overall,shared_protein_count,0.7695862335529752,spearman,none,none,1134,1134,0,1134,857,1132,4,3,4,3,ok,,
transductive,repeat_04,4,42004040000,4,transductive_repeat_04_fold_04,transductive,both_have_targets,overall,protein_jaccard,0.7438103412637934,spearman,none,none,1134,1134,0,1134,857,1132,4,3,4,3,ok,,
transductive,repeat_04,4,42004040000,4,transductive_repeat_04_fold_04,transductive,both_have_targets,overall,shared_target_count,0.3968239551895945,spearman,none,none,1134,1134,0,1134,857,1132,4,3,4,3,ok,,
transductive,repeat_04,4,42004040000,4,transductive_repeat_04_fold_04,transductive,both_have_targets,overall,biological_shared_protein_count,0.2410437676847085,spearman,none,none,1134,1134,0,1134,857,1132,4,3,4,3,ok,,
transductive,repeat_04,4,42004040000,4,transductive_repeat_04_fold_04,transductive,both_have_targets,overall,protein_size_geomean,0.5323581792542548,spearman,none,none,1134,1134,0,1134,857,1132,4,3,4,3,ok,,
transductive,repeat_04,4,42004040000,4,transductive_repeat_04_fold_04,transductive,both_have_targets,positive,shared_protein_count,0.3110673016831072,spearman,none,none,484,484,0,484,689,482,0,3,0,3,ok,,
transductive,repeat_04,4,42004040000,4,transductive_repeat_04_fold_04,transductive,both_have_targets,positive,protein_jaccard,0.2979307141910653,spearman,none,none,484,484,0,484,689,482,0,3,0,3,ok,,
transductive,repeat_04,4,42004040000,4,transductive_repeat_04_fold_04,transductive,both_have_targets,positive,shared_target_count,0.1177332574155856,spearman,none,none,484,484,0,484,689,482,0,3,0,3,ok,,
transductive,repeat_04,4,42004040000,4,transductive_repeat_04_fold_04,transductive,both_have_targets,positive,biological_shared_protein_count,0.0585396569048011,spearman,none,none,484,484,0,484,689,482,0,3,0,3,ok,,
transductive,repeat_04,4,42004040000,4,transductive_repeat_04_fold_04,transductive,both_have_targets,positive,protein_size_geomean,0.1935171508392434,spearman,none,none,484,484,0,484,689,482,0,3,0,3,ok,,
transductive,repeat_04,4,42004040000,4,transductive_repeat_04_fold_04,transductive,both_have_targets,negative,shared_protein_count,0.7548891831702177,spearman,none,none,650,650,0,650,274,650,4,0,4,0,ok,,
transductive,repeat_04,4,42004040000,4,transductive_repeat_04_fold_04,transductive,both_have_targets,negative,protein_jaccard,0.7032004161525195,spearman,none,none,650,650,0,650,274,650,4,0,4,0,ok,,
transductive,repeat_04,4,42004040000,4,transductive_repeat_04_fold_04,transductive,both_have_targets,negative,shared_target_count,0.2770027011395119,spearman,none,none,650,650,0,650,274,650,4,0,4,0,ok,,
transductive,repeat_04,4,42004040000,4,transductive_repeat_04_fold_04,transductive,both_have_targets,negative,biological_shared_protein_count,0.1879862600452287,spearman,none,none,650,650,0,650,274,650,4,0,4,0,ok,,
transductive,repeat_04,4,42004040000,4,transductive_repeat_04_fold_04,transductive,both_have_targets,negative,protein_size_geomean,0.5183978033119323,spearman,none,none,650,650,0,650,274,650,4,0,4,0,ok,,
transductive,repeat_04,4,42004040000,4,transductive_repeat_04_fold_04,transductive,all_pairs,overall,shared_protein_count,0.6553728233095764,partial_spearman,n_proteins_a|n_proteins_b,endpoint_columns,1300,1300,0,1300,1062,1254,4,41,4,41,ok,3.0,1297.0
transductive,repeat_04,4,42004040000,4,transductive_repeat_04_fold_04,transductive,all_pairs,overall,shared_protein_count,0.6302580993926137,partial_spearman,n_proteins_a|n_proteins_b,unordered_minmax,1300,1300,0,1300,1062,1254,4,41,4,41,ok,3.0,1297.0
transductive,repeat_04,4,42004040000,4,transductive_repeat_04_fold_04,transductive,all_pairs,overall,biological_shared_protein_count,0.1448114599253343,partial_spearman,n_biological_proteins_a|n_biological_proteins_b,endpoint_columns,1300,1300,0,1300,1062,1254,4,41,4,41,ok,3.0,1297.0
transductive,repeat_04,4,42004040000,4,transductive_repeat_04_fold_04,transductive,all_pairs,overall,biological_shared_protein_count,0.2206471055556969,partial_spearman,n_biological_proteins_a|n_biological_proteins_b,unordered_minmax,1300,1300,0,1300,1062,1254,4,41,4,41,ok,3.0,1297.0
transductive,repeat_04,4,42004040000,4,transductive_repeat_04_fold_04,transductive,all_pairs,overall,shared_target_count,0.3257682048398408,partial_spearman,n_targets_a|n_targets_b,endpoint_columns,1300,1300,0,1300,1062,1254,4,41,4,41,ok,3.0,1297.0
transductive,repeat_04,4,42004040000,4,transductive_repeat_04_fold_04,transductive,all_pairs,overall,shared_target_count,0.3490552045844824,partial_spearman,n_targets_a|n_targets_b,unordered_minmax,1300,1300,0,1300,1062,1254,4,41,4,41,ok,3.0,1297.0
transductive,repeat_04,4,42004040000,4,transductive_repeat_04_fold_04,transductive,all_pairs,positive,shared_protein_count,0.2683752581851807,partial_spearman,n_proteins_a|n_proteins_b,endpoint_columns,650,650,0,650,901,604,0,41,0,41,ok,3.0,647.0
transductive,repeat_04,4,42004040000,4,transductive_repeat_04_fold_04,transductive,all_pairs,positive,shared_protein_count,0.293050277373694,partial_spearman,n_proteins_a|n_proteins_b,unordered_minmax,650,650,0,650,901,604,0,41,0,41,ok,3.0,647.0
transductive,repeat_04,4,42004040000,4,transductive_repeat_04_fold_04,transductive,all_pairs,positive,biological_shared_protein_count,-0.0572690050948202,partial_spearman,n_biological_proteins_a|n_biological_proteins_b,endpoint_columns,650,650,0,650,901,604,0,41,0,41,ok,3.0,647.0
transductive,repeat_04,4,42004040000,4,transductive_repeat_04_fold_04,transductive,all_pairs,positive,biological_shared_protein_count,0.0228001513387487,partial_spearman,n_biological_proteins_a|n_biological_proteins_b,unordered_minmax,650,650,0,650,901,604,0,41,0,41,ok,3.0,647.0
transductive,repeat_04,4,42004040000,4,transductive_repeat_04_fold_04,transductive,all_pairs,positive,shared_target_count,0.0958187621505396,partial_spearman,n_targets_a|n_targets_b,endpoint_columns,650,650,0,650,901,604,0,41,0,41,ok,3.0,647.0
transductive,repeat_04,4,42004040000,4,transductive_repeat_04_fold_04,transductive,all_pairs,positive,shared_target_count,0.1533004371738169,partial_spearman,n_targets_a|n_targets_b,unordered_minmax,650,650,0,650,901,604,0,41,0,41,ok,3.0,647.0
transductive,repeat_04,4,42004040000,4,transductive_repeat_04_fold_04,transductive,all_pairs,negative,shared_protein_count,0.700237309191726,partial_spearman,n_proteins_a|n_proteins_b,endpoint_columns,650,650,0,650,274,650,4,0,4,0,ok,3.0,647.0
transductive,repeat_04,4,42004040000,4,transductive_repeat_04_fold_04,transductive,all_pairs,negative,shared_protein_count,0.6245906198061553,partial_spearman,n_proteins_a|n_proteins_b,unordered_minmax,650,650,0,650,274,650,4,0,4,0,ok,3.0,647.0
transductive,repeat_04,4,42004040000,4,transductive_repeat_04_fold_04,transductive,all_pairs,negative,biological_shared_protein_count,0.2344297796143702,partial_spearman,n_biological_proteins_a|n_biological_proteins_b,endpoint_columns,650,650,0,650,274,650,4,0,4,0,ok,3.0,647.0
transductive,repeat_04,4,42004040000,4,transductive_repeat_04_fold_04,transductive,all_pairs,negative,biological_shared_protein_count,0.1986506539551889,partial_spearman,n_biological_proteins_a|n_biological_proteins_b,unordered_minmax,650,650,0,650,274,650,4,0,4,0,ok,3.0,647.0
transductive,repeat_04,4,42004040000,4,transductive_repeat_04_fold_04,transductive,all_pairs,negative,shared_target_count,0.2300478912531868,partial_spearman,n_targets_a|n_targets_b,endpoint_columns,650,650,0,650,274,650,4,0,4,0,ok,3.0,647.0
transductive,repeat_04,4,42004040000,4,transductive_repeat_04_fold_04,transductive,all_pairs,negative,shared_target_count,0.221147099015131,partial_spearman,n_targets_a|n_targets_b,unordered_minmax,650,650,0,650,274,650,4,0,4,0,ok,3.0,647.0
transductive,repeat_04,4,42004040000,4,transductive_repeat_04_fold_04,transductive,both_have_targets,overall,shared_protein_count,0.714948450166865,partial_spearman,n_proteins_a|n_proteins_b,endpoint_columns,1134,1134,0,1134,857,1132,4,3,4,3,ok,3.0,1131.0
transductive,repeat_04,4,42004040000,4,transductive_repeat_04_fold_04,transductive,both_have_targets,overall,shared_protein_count,0.6587643029916722,partial_spearman,n_proteins_a|n_proteins_b,unordered_minmax,1134,1134,0,1134,857,1132,4,3,4,3,ok,3.0,1131.0
transductive,repeat_04,4,42004040000,4,transductive_repeat_04_fold_04,transductive,both_have_targets,overall,biological_shared_protein_count,0.3029837514845315,partial_spearman,n_biological_proteins_a|n_biological_proteins_b,endpoint_columns,1134,1134,0,1134,857,1132,4,3,4,3,ok,3.0,1131.0
transductive,repeat_04,4,42004040000,4,transductive_repeat_04_fold_04,transductive,both_have_targets,overall,biological_shared_protein_count,0.2899575416075834,partial_spearman,n_biological_proteins_a|n_biological_proteins_b,unordered_minmax,1134,1134,0,1134,857,1132,4,3,4,3,ok,3.0,1131.0
transductive,repeat_04,4,42004040000,4,transductive_repeat_04_fold_04,transductive,both_have_targets,overall,shared_target_count,0.365467349969126,partial_spearman,n_targets_a|n_targets_b,endpoint_columns,1134,1134,0,1134,857,1132,4,3,4,3,ok,3.0,1131.0
transductive,repeat_04,4,42004040000,4,transductive_repeat_04_fold_04,transductive,both_have_targets,overall,shared_target_count,0.3579726384371606,partial_spearman,n_targets_a|n_targets_b,unordered_minmax,1134,1134,0,1134,857,1132,4,3,4,3,ok,3.0,1131.0
transductive,repeat_04,4,42004040000,4,transductive_repeat_04_fold_04,transductive,both_have_targets,positive,shared_protein_count,0.305163732906956,partial_spearman,n_proteins_a|n_proteins_b,endpoint_columns,484,484,0,484,689,482,0,3,0,3,ok,3.0,481.0
transductive,repeat_04,4,42004040000,4,transductive_repeat_04_fold_04,transductive,both_have_targets,positive,shared_protein_count,0.2690126705129018,partial_spearman,n_proteins_a|n_proteins_b,unordered_minmax,484,484,0,484,689,482,0,3,0,3,ok,3.0,481.0
transductive,repeat_04,4,42004040000,4,transductive_repeat_04_fold_04,transductive,both_have_targets,positive,biological_shared_protein_count,0.0692381472004246,partial_spearman,n_biological_proteins_a|n_biological_proteins_b,endpoint_columns,484,484,0,484,689,482,0,3,0,3,ok,3.0,481.0
transductive,repeat_04,4,42004040000,4,transductive_repeat_04_fold_04,transductive,both_have_targets,positive,biological_shared_protein_count,0.0548133065701753,partial_spearman,n_biological_proteins_a|n_biological_proteins_b,unordered_minmax,484,484,0,484,689,482,0,3,0,3,ok,3.0,481.0
transductive,repeat_04,4,42004040000,4,transductive_repeat_04_fold_04,transductive,both_have_targets,positive,shared_target_count,0.1065365658316116,partial_spearman,n_targets_a|n_targets_b,endpoint_columns,484,484,0,484,689,482,0,3,0,3,ok,3.0,481.0
transductive,repeat_04,4,42004040000,4,transductive_repeat_04_fold_04,transductive,both_have_targets,positive,shared_target_count,0.1181195852332803,partial_spearman,n_targets_a|n_targets_b,unordered_minmax,484,484,0,484,689,482,0,3,0,3,ok,3.0,481.0
transductive,repeat_04,4,42004040000,4,transductive_repeat_04_fold_04,transductive,both_have_targets,negative,shared_protein_count,0.700237309191726,partial_spearman,n_proteins_a|n_proteins_b,endpoint_columns,650,650,0,650,274,650,4,0,4,0,ok,3.0,647.0
transductive,repeat_04,4,42004040000,4,transductive_repeat_04_fold_04,transductive,both_have_targets,negative,shared_protein_count,0.6245906198061553,partial_spearman,n_proteins_a|n_proteins_b,unordered_minmax,650,650,0,650,274,650,4,0,4,0,ok,3.0,647.0
transductive,repeat_04,4,42004040000,4,transductive_repeat_04_fold_04,transductive,both_have_targets,negative,biological_shared_protein_count,0.2344297796143702,partial_spearman,n_biological_proteins_a|n_biological_proteins_b,endpoint_columns,650,650,0,650,274,650,4,0,4,0,ok,3.0,647.0
transductive,repeat_04,4,42004040000,4,transductive_repeat_04_fold_04,transductive,both_have_targets,negative,biological_shared_protein_count,0.1986506539551889,partial_spearman,n_biological_proteins_a|n_biological_proteins_b,unordered_minmax,650,650,0,650,274,650,4,0,4,0,ok,3.0,647.0
transductive,repeat_04,4,42004040000,4,transductive_repeat_04_fold_04,transductive,both_have_targets,negative,shared_target_count,0.2300478912531868,partial_spearman,n_targets_a|n_targets_b,endpoint_columns,650,650,0,650,274,650,4,0,4,0,ok,3.0,647.0
transductive,repeat_04,4,42004040000,4,transductive_repeat_04_fold_04,transductive,both_have_targets,negative,shared_target_count,0.221147099015131,partial_spearman,n_targets_a|n_targets_b,unordered_minmax,650,650,0,650,274,650,4,0,4,0,ok,3.0,647.0
transductive,repeat_04,4,42004040000,4,transductive_repeat_04_fold_04,transductive,all_pairs,overall,biological_shared_protein_count,0.2817723720784425,partial_spearman,n_biological_proteins_a|n_biological_proteins_b|either_biological_size_zero,endpoint_columns_plus_zero,1300,1300,0,1300,1062,1254,4,41,4,41,ok,4.0,1296.0
transductive,repeat_04,4,42004040000,4,transductive_repeat_04_fold_04,transductive,all_pairs,overall,biological_shared_protein_count,0.2655506771653979,partial_spearman,n_biological_proteins_a|n_biological_proteins_b|either_biological_size_zero,unordered_minmax_plus_zero,1300,1300,0,1300,1062,1254,4,41,4,41,ok,4.0,1296.0
inductive,split_00,0,101,0,inductive_split_00_seed_101,seen_unseen,all_pairs,overall,shared_protein_count,-0.2441149429722324,spearman,none,none,2336,2336,0,2336,1254,2028,648,298,648,298,ok,,
inductive,split_00,0,101,0,inductive_split_00_seed_101,seen_unseen,all_pairs,overall,protein_jaccard,-0.1653531978902583,spearman,none,none,2316,2336,20,2316,1240,2028,628,278,648,298,ok,,
inductive,split_00,0,101,0,inductive_split_00_seed_101,seen_unseen,all_pairs,overall,shared_target_count,0.1910123136538583,spearman,none,none,2336,2336,0,2336,1254,2028,648,298,648,298,ok,,
inductive,split_00,0,101,0,inductive_split_00_seed_101,seen_unseen,all_pairs,overall,biological_shared_protein_count,-0.2441149429722324,spearman,none,none,2336,2336,0,2336,1254,2028,648,298,648,298,ok,,
inductive,split_00,0,101,0,inductive_split_00_seed_101,seen_unseen,all_pairs,overall,protein_size_geomean,-0.4087337758099417,spearman,none,none,2336,2336,0,2336,1254,2028,648,298,648,298,ok,,
inductive,split_00,0,101,0,inductive_split_00_seed_101,seen_unseen,all_pairs,positive,shared_protein_count,-0.3622346797102317,spearman,none,none,1168,1168,0,1168,1101,867,390,298,390,298,ok,,
inductive,split_00,0,101,0,inductive_split_00_seed_101,seen_unseen,all_pairs,positive,protein_jaccard,-0.3418880663173613,spearman,none,none,1148,1168,20,1148,1087,867,370,278,390,298,ok,,
inductive,split_00,0,101,0,inductive_split_00_seed_101,seen_unseen,all_pairs,positive,shared_target_count,-0.0264119597408496,spearman,none,none,1168,1168,0,1168,1101,867,390,298,390,298,ok,,
inductive,split_00,0,101,0,inductive_split_00_seed_101,seen_unseen,all_pairs,positive,biological_shared_protein_count,-0.3622346797102317,spearman,none,none,1168,1168,0,1168,1101,867,390,298,390,298,ok,,
inductive,split_00,0,101,0,inductive_split_00_seed_101,seen_unseen,all_pairs,positive,protein_size_geomean,-0.5005384793347892,spearman,none,none,1168,1168,0,1168,1101,867,390,298,390,298,ok,,
inductive,split_00,0,101,0,inductive_split_00_seed_101,seen_unseen,all_pairs,negative,shared_protein_count,-0.2411491309012165,spearman,none,none,1168,1168,0,1168,338,1163,258,0,258,0,ok,,
inductive,split_00,0,101,0,inductive_split_00_seed_101,seen_unseen,all_pairs,negative,protein_jaccard,-0.0974532363470795,spearman,none,none,1168,1168,0,1168,338,1163,258,0,258,0,ok,,
inductive,split_00,0,101,0,inductive_split_00_seed_101,seen_unseen,all_pairs,negative,shared_target_count,0.2105226565062385,spearman,none,none,1168,1168,0,1168,338,1163,258,0,258,0,ok,,
inductive,split_00,0,101,0,inductive_split_00_seed_101,seen_unseen,all_pairs,negative,biological_shared_protein_count,-0.2411491309012165,spearman,none,none,1168,1168,0,1168,338,1163,258,0,258,0,ok,,
inductive,split_00,0,101,0,inductive_split_00_seed_101,seen_unseen,all_pairs,negative,protein_size_geomean,-0.3648516015110125,spearman,none,none,1168,1168,0,1168,338,1163,258,0,258,0,ok,,
inductive,split_00,0,101,0,inductive_split_00_seed_101,seen_unseen,both_have_targets,overall,shared_protein_count,0.0503739947021627,spearman,none,none,2048,2048,0,2048,1026,2028,360,10,360,10,ok,,
inductive,split_00,0,101,0,inductive_split_00_seed_101,seen_unseen,both_have_targets,overall,protein_jaccard,0.1407655732952797,spearman,none,none,2048,2048,0,2048,1026,2028,360,10,360,10,ok,,
inductive,split_00,0,101,0,inductive_split_00_seed_101,seen_unseen,both_have_targets,overall,shared_target_count,0.3985314393613425,spearman,none,none,2048,2048,0,2048,1026,2028,360,10,360,10,ok,,
inductive,split_00,0,101,0,inductive_split_00_seed_101,seen_unseen,both_have_targets,overall,biological_shared_protein_count,0.0503739947021627,spearman,none,none,2048,2048,0,2048,1026,2028,360,10,360,10,ok,,
inductive,split_00,0,101,0,inductive_split_00_seed_101,seen_unseen,both_have_targets,overall,protein_size_geomean,-0.1270266464724233,spearman,none,none,2048,2048,0,2048,1026,2028,360,10,360,10,ok,,
inductive,split_00,0,101,0,inductive_split_00_seed_101,seen_unseen,both_have_targets,positive,shared_protein_count,0.3109478705488042,spearman,none,none,880,880,0,880,858,867,102,10,102,10,ok,,
inductive,split_00,0,101,0,inductive_split_00_seed_101,seen_unseen,both_have_targets,positive,protein_jaccard,0.2987916323238005,spearman,none,none,880,880,0,880,858,867,102,10,102,10,ok,,
inductive,split_00,0,101,0,inductive_split_00_seed_101,seen_unseen,both_have_targets,positive,shared_target_count,0.4778358903833642,spearman,none,none,880,880,0,880,858,867,102,10,102,10,ok,,
inductive,split_00,0,101,0,inductive_split_00_seed_101,seen_unseen,both_have_targets,positive,biological_shared_protein_count,0.3109478705488042,spearman,none,none,880,880,0,880,858,867,102,10,102,10,ok,,
inductive,split_00,0,101,0,inductive_split_00_seed_101,seen_unseen,both_have_targets,positive,protein_size_geomean,0.1345139837288619,spearman,none,none,880,880,0,880,858,867,102,10,102,10,ok,,
inductive,split_00,0,101,0,inductive_split_00_seed_101,seen_unseen,both_have_targets,negative,shared_protein_count,-0.2411491309012165,spearman,none,none,1168,1168,0,1168,338,1163,258,0,258,0,ok,,
inductive,split_00,0,101,0,inductive_split_00_seed_101,seen_unseen,both_have_targets,negative,protein_jaccard,-0.0974532363470795,spearman,none,none,1168,1168,0,1168,338,1163,258,0,258,0,ok,,
inductive,split_00,0,101,0,inductive_split_00_seed_101,seen_unseen,both_have_targets,negative,shared_target_count,0.2105226565062385,spearman,none,none,1168,1168,0,1168,338,1163,258,0,258,0,ok,,
inductive,split_00,0,101,0,inductive_split_00_seed_101,seen_unseen,both_have_targets,negative,biological_shared_protein_count,-0.2411491309012165,spearman,none,none,1168,1168,0,1168,338,1163,258,0,258,0,ok,,
inductive,split_00,0,101,0,inductive_split_00_seed_101,seen_unseen,both_have_targets,negative,protein_size_geomean,-0.3648516015110125,spearman,none,none,1168,1168,0,1168,338,1163,258,0,258,0,ok,,
inductive,split_00,0,101,0,inductive_split_00_seed_101,unseen_unseen,all_pairs,overall,shared_protein_count,-0.2607524530721806,spearman,none,none,276,276,0,276,189,246,81,31,81,31,ok,,
inductive,split_00,0,101,0,inductive_split_00_seed_101,unseen_unseen,all_pairs,overall,protein_jaccard,-0.1787842897563085,spearman,none,none,273,276,3,273,187,246,78,28,81,31,ok,,
inductive,split_00,0,101,0,inductive_split_00_seed_101,unseen_unseen,all_pairs,overall,shared_target_count,0.1748503432830592,spearman,none,none,276,276,0,276,189,246,81,31,81,31,ok,,
inductive,split_00,0,101,0,inductive_split_00_seed_101,unseen_unseen,all_pairs,overall,biological_shared_protein_count,-0.2607524530721806,spearman,none,none,276,276,0,276,189,246,81,31,81,31,ok,,
inductive,split_00,0,101,0,inductive_split_00_seed_101,unseen_unseen,all_pairs,overall,protein_size_geomean,-0.4218171166055083,spearman,none,none,276,276,0,276,189,246,81,31,81,31,ok,,
inductive,split_00,0,101,0,inductive_split_00_seed_101,unseen_unseen,all_pairs,positive,shared_protein_count,-0.2997217550450288,spearman,none,none,138,138,0,138,166,108,46,31,46,31,ok,,
inductive,split_00,0,101,0,inductive_split_00_seed_101,unseen_unseen,all_pairs,positive,protein_jaccard,-0.2759599682169789,spearman,none,none,135,138,3,135,164,108,43,28,46,31,ok,,
inductive,split_00,0,101,0,inductive_split_00_seed_101,unseen_unseen,all_pairs,positive,shared_target_count,0.0386253466632752,spearman,none,none,138,138,0,138,166,108,46,31,46,31,ok,,
inductive,split_00,0,101,0,inductive_split_00_seed_101,unseen_unseen,all_pairs,positive,biological_shared_protein_count,-0.2997217550450288,spearman,none,none,138,138,0,138,166,108,46,31,46,31,ok,,
inductive,split_00,0,101,0,inductive_split_00_seed_101,unseen_unseen,all_pairs,positive,protein_size_geomean,-0.4812985750363751,spearman,none,none,138,138,0,138,166,108,46,31,46,31,ok,,
inductive,split_00,0,101,0,inductive_split_00_seed_101,unseen_unseen,all_pairs,negative,shared_protein_count,-0.2765165093468292,spearman,none,none,138,138,0,138,49,138,35,0,35,0,ok,,
inductive,split_00,0,101,0,inductive_split_00_seed_101,unseen_unseen,all_pairs,negative,protein_jaccard,-0.14572368529608,spearman,none,none,138,138,0,138,49,138,35,0,35,0,ok,,
inductive,split_00,0,101,0,inductive_split_00_seed_101,unseen_unseen,all_pairs,negative,shared_target_count,0.158020772249544,spearman,none,none,138,138,0,138,49,138,35,0,35,0,ok,,
inductive,split_00,0,101,0,inductive_split_00_seed_101,unseen_unseen,all_pairs,negative,biological_shared_protein_count,-0.2765165093468292,spearman,none,none,138,138,0,138,49,138,35,0,35,0,ok,,
inductive,split_00,0,101,0,inductive_split_00_seed_101,unseen_unseen,all_pairs,negative,protein_size_geomean,-0.3522261429240733,spearman,none,none,138,138,0,138,49,138,35,0,35,0,ok,,
inductive,split_00,0,101,0,inductive_split_00_seed_101,unseen_unseen,both_have_targets,overall,shared_protein_count,-0.0165711550314813,spearman,none,none,245,245,0,245,160,245,50,0,50,0,ok,,
inductive,split_00,0,101,0,inductive_split_00_seed_101,unseen_unseen,both_have_targets,overall,protein_jaccard,0.0697868918619518,spearman,none,none,245,245,0,245,160,245,50,0,50,0,ok,,
inductive,split_00,0,101,0,inductive_split_00_seed_101,unseen_unseen,both_have_targets,overall,shared_target_count,0.3513671382780899,spearman,none,none,245,245,0,245,160,245,50,0,50,0,ok,,
inductive,split_00,0,101,0,inductive_split_00_seed_101,unseen_unseen,both_have_targets,overall,biological_shared_protein_count,-0.0165711550314813,spearman,none,none,245,245,0,245,160,245,50,0,50,0,ok,,
inductive,split_00,0,101,0,inductive_split_00_seed_101,unseen_unseen,both_have_targets,overall,protein_size_geomean,-0.1745691259916595,spearman,none,none,245,245,0,245,160,245,50,0,50,0,ok,,
inductive,split_00,0,101,0,inductive_split_00_seed_101,unseen_unseen,both_have_targets,positive,shared_protein_count,0.3235106401969622,spearman,none,none,107,107,0,107,135,107,15,0,15,0,ok,,
inductive,split_00,0,101,0,inductive_split_00_seed_101,unseen_unseen,both_have_targets,positive,protein_jaccard,0.2968333972323728,spearman,none,none,107,107,0,107,135,107,15,0,15,0,ok,,
inductive,split_00,0,101,0,inductive_split_00_seed_101,unseen_unseen,both_have_targets,positive,shared_target_count,0.5044311714721296,spearman,none,none,107,107,0,107,135,107,15,0,15,0,ok,,
inductive,split_00,0,101,0,inductive_split_00_seed_101,unseen_unseen,both_have_targets,positive,biological_shared_protein_count,0.3235106401969622,spearman,none,none,107,107,0,107,135,107,15,0,15,0,ok,,
inductive,split_00,0,101,0,inductive_split_00_seed_101,unseen_unseen,both_have_targets,positive,protein_size_geomean,0.1002030315130445,spearman,none,none,107,107,0,107,135,107,15,0,15,0,ok,,
inductive,split_00,0,101,0,inductive_split_00_seed_101,unseen_unseen,both_have_targets,negative,shared_protein_count,-0.2765165093468292,spearman,none,none,138,138,0,138,49,138,35,0,35,0,ok,,
inductive,split_00,0,101,0,inductive_split_00_seed_101,unseen_unseen,both_have_targets,negative,protein_jaccard,-0.14572368529608,spearman,none,none,138,138,0,138,49,138,35,0,35,0,ok,,
inductive,split_00,0,101,0,inductive_split_00_seed_101,unseen_unseen,both_have_targets,negative,shared_target_count,0.158020772249544,spearman,none,none,138,138,0,138,49,138,35,0,35,0,ok,,
inductive,split_00,0,101,0,inductive_split_00_seed_101,unseen_unseen,both_have_targets,negative,biological_shared_protein_count,-0.2765165093468292,spearman,none,none,138,138,0,138,49,138,35,0,35,0,ok,,
inductive,split_00,0,101,0,inductive_split_00_seed_101,unseen_unseen,both_have_targets,negative,protein_size_geomean,-0.3522261429240733,spearman,none,none,138,138,0,138,49,138,35,0,35,0,ok,,
inductive,split_00,0,101,0,inductive_split_00_seed_101,seen_unseen,all_pairs,overall,shared_protein_count,0.0638981925505568,partial_spearman,n_proteins_a|n_proteins_b,endpoint_columns,2336,2336,0,2336,1254,2028,648,298,648,298,ok,3.0,2333.0
inductive,split_00,0,101,0,inductive_split_00_seed_101,seen_unseen,all_pairs,overall,shared_protein_count,0.2177092871282588,partial_spearman,n_proteins_a|n_proteins_b,unordered_minmax,2336,2336,0,2336,1254,2028,648,298,648,298,ok,3.0,2333.0
inductive,split_00,0,101,0,inductive_split_00_seed_101,seen_unseen,all_pairs,overall,biological_shared_protein_count,0.0638981925505568,partial_spearman,n_biological_proteins_a|n_biological_proteins_b,endpoint_columns,2336,2336,0,2336,1254,2028,648,298,648,298,ok,3.0,2333.0
inductive,split_00,0,101,0,inductive_split_00_seed_101,seen_unseen,all_pairs,overall,biological_shared_protein_count,0.2177092871282588,partial_spearman,n_biological_proteins_a|n_biological_proteins_b,unordered_minmax,2336,2336,0,2336,1254,2028,648,298,648,298,ok,3.0,2333.0
inductive,split_00,0,101,0,inductive_split_00_seed_101,seen_unseen,all_pairs,overall,shared_target_count,0.3742362011625491,partial_spearman,n_targets_a|n_targets_b,endpoint_columns,2336,2336,0,2336,1254,2028,648,298,648,298,ok,3.0,2333.0
inductive,split_00,0,101,0,inductive_split_00_seed_101,seen_unseen,all_pairs,overall,shared_target_count,0.4347257910171412,partial_spearman,n_targets_a|n_targets_b,unordered_minmax,2336,2336,0,2336,1254,2028,648,298,648,298,ok,3.0,2333.0
inductive,split_00,0,101,0,inductive_split_00_seed_101,seen_unseen,all_pairs,positive,shared_protein_count,-0.0233582267989062,partial_spearman,n_proteins_a|n_proteins_b,endpoint_columns,1168,1168,0,1168,1101,867,390,298,390,298,ok,3.0,1165.0
inductive,split_00,0,101,0,inductive_split_00_seed_101,seen_unseen,all_pairs,positive,shared_protein_count,0.239246597915536,partial_spearman,n_proteins_a|n_proteins_b,unordered_minmax,1168,1168,0,1168,1101,867,390,298,390,298,ok,3.0,1165.0
inductive,split_00,0,101,0,inductive_split_00_seed_101,seen_unseen,all_pairs,positive,biological_shared_protein_count,-0.0233582267989062,partial_spearman,n_biological_proteins_a|n_biological_proteins_b,endpoint_columns,1168,1168,0,1168,1101,867,390,298,390,298,ok,3.0,1165.0
inductive,split_00,0,101,0,inductive_split_00_seed_101,seen_unseen,all_pairs,positive,biological_shared_protein_count,0.239246597915536,partial_spearman,n_biological_proteins_a|n_biological_proteins_b,unordered_minmax,1168,1168,0,1168,1101,867,390,298,390,298,ok,3.0,1165.0
inductive,split_00,0,101,0,inductive_split_00_seed_101,seen_unseen,all_pairs,positive,shared_target_count,0.3700168091468844,partial_spearman,n_targets_a|n_targets_b,endpoint_columns,1168,1168,0,1168,1101,867,390,298,390,298,ok,3.0,1165.0
inductive,split_00,0,101,0,inductive_split_00_seed_101,seen_unseen,all_pairs,positive,shared_target_count,0.4890123462631602,partial_spearman,n_targets_a|n_targets_b,unordered_minmax,1168,1168,0,1168,1101,867,390,298,390,298,ok,3.0,1165.0
inductive,split_00,0,101,0,inductive_split_00_seed_101,seen_unseen,all_pairs,negative,shared_protein_count,0.0409640982368834,partial_spearman,n_proteins_a|n_proteins_b,endpoint_columns,1168,1168,0,1168,338,1163,258,0,258,0,ok,3.0,1165.0
inductive,split_00,0,101,0,inductive_split_00_seed_101,seen_unseen,all_pairs,negative,shared_protein_count,0.0619102017762432,partial_spearman,n_proteins_a|n_proteins_b,unordered_minmax,1168,1168,0,1168,338,1163,258,0,258,0,ok,3.0,1165.0
inductive,split_00,0,101,0,inductive_split_00_seed_101,seen_unseen,all_pairs,negative,biological_shared_protein_count,0.0409640982368834,partial_spearman,n_biological_proteins_a|n_biological_proteins_b,endpoint_columns,1168,1168,0,1168,338,1163,258,0,258,0,ok,3.0,1165.0
inductive,split_00,0,101,0,inductive_split_00_seed_101,seen_unseen,all_pairs,negative,biological_shared_protein_count,0.0619102017762432,partial_spearman,n_biological_proteins_a|n_biological_proteins_b,unordered_minmax,1168,1168,0,1168,338,1163,258,0,258,0,ok,3.0,1165.0
inductive,split_00,0,101,0,inductive_split_00_seed_101,seen_unseen,all_pairs,negative,shared_target_count,0.2548583506036366,partial_spearman,n_targets_a|n_targets_b,endpoint_columns,1168,1168,0,1168,338,1163,258,0,258,0,ok,3.0,1165.0
inductive,split_00,0,101,0,inductive_split_00_seed_101,seen_unseen,all_pairs,negative,shared_target_count,0.2663452345460949,partial_spearman,n_targets_a|n_targets_b,unordered_minmax,1168,1168,0,1168,338,1163,258,0,258,0,ok,3.0,1165.0
inductive,split_00,0,101,0,inductive_split_00_seed_101,seen_unseen,both_have_targets,overall,shared_protein_count,0.2212273369365168,partial_spearman,n_proteins_a|n_proteins_b,endpoint_columns,2048,2048,0,2048,1026,2028,360,10,360,10,ok,3.0,2045.0
inductive,split_00,0,101,0,inductive_split_00_seed_101,seen_unseen,both_have_targets,overall,shared_protein_count,0.2636694944610566,partial_spearman,n_proteins_a|n_proteins_b,unordered_minmax,2048,2048,0,2048,1026,2028,360,10,360,10,ok,3.0,2045.0
inductive,split_00,0,101,0,inductive_split_00_seed_101,seen_unseen,both_have_targets,overall,biological_shared_protein_count,0.2212273369365168,partial_spearman,n_biological_proteins_a|n_biological_proteins_b,endpoint_columns,2048,2048,0,2048,1026,2028,360,10,360,10,ok,3.0,2045.0
inductive,split_00,0,101,0,inductive_split_00_seed_101,seen_unseen,both_have_targets,overall,biological_shared_protein_count,0.2636694944610566,partial_spearman,n_biological_proteins_a|n_biological_proteins_b,unordered_minmax,2048,2048,0,2048,1026,2028,360,10,360,10,ok,3.0,2045.0
inductive,split_00,0,101,0,inductive_split_00_seed_101,seen_unseen,both_have_targets,overall,shared_target_count,0.4241619988534803,partial_spearman,n_targets_a|n_targets_b,endpoint_columns,2048,2048,0,2048,1026,2028,360,10,360,10,ok,3.0,2045.0
inductive,split_00,0,101,0,inductive_split_00_seed_101,seen_unseen,both_have_targets,overall,shared_target_count,0.4396177735724072,partial_spearman,n_targets_a|n_targets_b,unordered_minmax,2048,2048,0,2048,1026,2028,360,10,360,10,ok,3.0,2045.0
inductive,split_00,0,101,0,inductive_split_00_seed_101,seen_unseen,both_have_targets,positive,shared_protein_count,0.3306234539930588,partial_spearman,n_proteins_a|n_proteins_b,endpoint_columns,880,880,0,880,858,867,102,10,102,10,ok,3.0,877.0
inductive,split_00,0,101,0,inductive_split_00_seed_101,seen_unseen,both_have_targets,positive,shared_protein_count,0.3844622549074046,partial_spearman,n_proteins_a|n_proteins_b,unordered_minmax,880,880,0,880,858,867,102,10,102,10,ok,3.0,877.0
inductive,split_00,0,101,0,inductive_split_00_seed_101,seen_unseen,both_have_targets,positive,biological_shared_protein_count,0.3306234539930588,partial_spearman,n_biological_proteins_a|n_biological_proteins_b,endpoint_columns,880,880,0,880,858,867,102,10,102,10,ok,3.0,877.0
inductive,split_00,0,101,0,inductive_split_00_seed_101,seen_unseen,both_have_targets,positive,biological_shared_protein_count,0.3844622549074046,partial_spearman,n_biological_proteins_a|n_biological_proteins_b,unordered_minmax,880,880,0,880,858,867,102,10,102,10,ok,3.0,877.0
inductive,split_00,0,101,0,inductive_split_00_seed_101,seen_unseen,both_have_targets,positive,shared_target_count,0.5035800747221375,partial_spearman,n_targets_a|n_targets_b,endpoint_columns,880,880,0,880,858,867,102,10,102,10,ok,3.0,877.0
inductive,split_00,0,101,0,inductive_split_00_seed_101,seen_unseen,both_have_targets,positive,shared_target_count,0.5263978094542251,partial_spearman,n_targets_a|n_targets_b,unordered_minmax,880,880,0,880,858,867,102,10,102,10,ok,3.0,877.0
inductive,split_00,0,101,0,inductive_split_00_seed_101,seen_unseen,both_have_targets,negative,shared_protein_count,0.0409640982368834,partial_spearman,n_proteins_a|n_proteins_b,endpoint_columns,1168,1168,0,1168,338,1163,258,0,258,0,ok,3.0,1165.0
inductive,split_00,0,101,0,inductive_split_00_seed_101,seen_unseen,both_have_targets,negative,shared_protein_count,0.0619102017762432,partial_spearman,n_proteins_a|n_proteins_b,unordered_minmax,1168,1168,0,1168,338,1163,258,0,258,0,ok,3.0,1165.0
inductive,split_00,0,101,0,inductive_split_00_seed_101,seen_unseen,both_have_targets,negative,biological_shared_protein_count,0.0409640982368834,partial_spearman,n_biological_proteins_a|n_biological_proteins_b,endpoint_columns,1168,1168,0,1168,338,1163,258,0,258,0,ok,3.0,1165.0
inductive,split_00,0,101,0,inductive_split_00_seed_101,seen_unseen,both_have_targets,negative,biological_shared_protein_count,0.0619102017762432,partial_spearman,n_biological_proteins_a|n_biological_proteins_b,unordered_minmax,1168,1168,0,1168,338,1163,258,0,258,0,ok,3.0,1165.0
inductive,split_00,0,101,0,inductive_split_00_seed_101,seen_unseen,both_have_targets,negative,shared_target_count,0.2548583506036366,partial_spearman,n_targets_a|n_targets_b,endpoint_columns,1168,1168,0,1168,338,1163,258,0,258,0,ok,3.0,1165.0
inductive,split_00,0,101,0,inductive_split_00_seed_101,seen_unseen,both_have_targets,negative,shared_target_count,0.2663452345460949,partial_spearman,n_targets_a|n_targets_b,unordered_minmax,1168,1168,0,1168,338,1163,258,0,258,0,ok,3.0,1165.0
inductive,split_00,0,101,0,inductive_split_00_seed_101,unseen_unseen,all_pairs,overall,shared_protein_count,-0.0208647331306276,partial_spearman,n_proteins_a|n_proteins_b,endpoint_columns,276,276,0,276,189,246,81,31,81,31,ok,3.0,273.0
inductive,split_00,0,101,0,inductive_split_00_seed_101,unseen_unseen,all_pairs,overall,shared_protein_count,0.1895948472142802,partial_spearman,n_proteins_a|n_proteins_b,unordered_minmax,276,276,0,276,189,246,81,31,81,31,ok,3.0,273.0
inductive,split_00,0,101,0,inductive_split_00_seed_101,unseen_unseen,all_pairs,overall,biological_shared_protein_count,-0.0208647331306276,partial_spearman,n_biological_proteins_a|n_biological_proteins_b,endpoint_columns,276,276,0,276,189,246,81,31,81,31,ok,3.0,273.0
inductive,split_00,0,101,0,inductive_split_00_seed_101,unseen_unseen,all_pairs,overall,biological_shared_protein_count,0.1895948472142802,partial_spearman,n_biological_proteins_a|n_biological_proteins_b,unordered_minmax,276,276,0,276,189,246,81,31,81,31,ok,3.0,273.0
inductive,split_00,0,101,0,inductive_split_00_seed_101,unseen_unseen,all_pairs,overall,shared_target_count,0.3152890677967207,partial_spearman,n_targets_a|n_targets_b,endpoint_columns,276,276,0,276,189,246,81,31,81,31,ok,3.0,273.0
inductive,split_00,0,101,0,inductive_split_00_seed_101,unseen_unseen,all_pairs,overall,shared_target_count,0.4132763323951922,partial_spearman,n_targets_a|n_targets_b,unordered_minmax,276,276,0,276,189,246,81,31,81,31,ok,3.0,273.0
inductive,split_00,0,101,0,inductive_split_00_seed_101,unseen_unseen,all_pairs,positive,shared_protein_count,-0.0495993914116725,partial_spearman,n_proteins_a|n_proteins_b,endpoint_columns,138,138,0,138,166,108,46,31,46,31,ok,3.0,135.0
inductive,split_00,0,101,0,inductive_split_00_seed_101,unseen_unseen,all_pairs,positive,shared_protein_count,0.2896913275581095,partial_spearman,n_proteins_a|n_proteins_b,unordered_minmax,138,138,0,138,166,108,46,31,46,31,ok,3.0,135.0
inductive,split_00,0,101,0,inductive_split_00_seed_101,unseen_unseen,all_pairs,positive,biological_shared_protein_count,-0.0495993914116725,partial_spearman,n_biological_proteins_a|n_biological_proteins_b,endpoint_columns,138,138,0,138,166,108,46,31,46,31,ok,3.0,135.0
inductive,split_00,0,101,0,inductive_split_00_seed_101,unseen_unseen,all_pairs,positive,biological_shared_protein_count,0.2896913275581095,partial_spearman,n_biological_proteins_a|n_biological_proteins_b,unordered_minmax,138,138,0,138,166,108,46,31,46,31,ok,3.0,135.0
inductive,split_00,0,101,0,inductive_split_00_seed_101,unseen_unseen,all_pairs,positive,shared_target_count,0.3023282647238814,partial_spearman,n_targets_a|n_targets_b,endpoint_columns,138,138,0,138,166,108,46,31,46,31,ok,3.0,135.0
inductive,split_00,0,101,0,inductive_split_00_seed_101,unseen_unseen,all_pairs,positive,shared_target_count,0.5094076353243213,partial_spearman,n_targets_a|n_targets_b,unordered_minmax,138,138,0,138,166,108,46,31,46,31,ok,3.0,135.0
inductive,split_00,0,101,0,inductive_split_00_seed_101,unseen_unseen,all_pairs,negative,shared_protein_count,-0.0818426810990683,partial_spearman,n_proteins_a|n_proteins_b,endpoint_columns,138,138,0,138,49,138,35,0,35,0,ok,3.0,135.0
inductive,split_00,0,101,0,inductive_split_00_seed_101,unseen_unseen,all_pairs,negative,shared_protein_count,-0.032744718650549,partial_spearman,n_proteins_a|n_proteins_b,unordered_minmax,138,138,0,138,49,138,35,0,35,0,ok,3.0,135.0
inductive,split_00,0,101,0,inductive_split_00_seed_101,unseen_unseen,all_pairs,negative,biological_shared_protein_count,-0.0818426810990683,partial_spearman,n_biological_proteins_a|n_biological_proteins_b,endpoint_columns,138,138,0,138,49,138,35,0,35,0,ok,3.0,135.0
inductive,split_00,0,101,0,inductive_split_00_seed_101,unseen_unseen,all_pairs,negative,biological_shared_protein_count,-0.032744718650549,partial_spearman,n_biological_proteins_a|n_biological_proteins_b,unordered_minmax,138,138,0,138,49,138,35,0,35,0,ok,3.0,135.0
inductive,split_00,0,101,0,inductive_split_00_seed_101,unseen_unseen,all_pairs,negative,shared_target_count,0.2351283574396119,partial_spearman,n_targets_a|n_targets_b,endpoint_columns,138,138,0,138,49,138,35,0,35,0,ok,3.0,135.0
inductive,split_00,0,101,0,inductive_split_00_seed_101,unseen_unseen,all_pairs,negative,shared_target_count,0.2375280265958531,partial_spearman,n_targets_a|n_targets_b,unordered_minmax,138,138,0,138,49,138,35,0,35,0,ok,3.0,135.0
inductive,split_00,0,101,0,inductive_split_00_seed_101,unseen_unseen,both_have_targets,overall,shared_protein_count,0.1427336653449043,partial_spearman,n_proteins_a|n_proteins_b,endpoint_columns,245,245,0,245,160,245,50,0,50,0,ok,3.0,242.0
inductive,split_00,0,101,0,inductive_split_00_seed_101,unseen_unseen,both_have_targets,overall,shared_protein_count,0.2162212395887159,partial_spearman,n_proteins_a|n_proteins_b,unordered_minmax,245,245,0,245,160,245,50,0,50,0,ok,3.0,242.0
inductive,split_00,0,101,0,inductive_split_00_seed_101,unseen_unseen,both_have_targets,overall,biological_shared_protein_count,0.1427336653449043,partial_spearman,n_biological_proteins_a|n_biological_proteins_b,endpoint_columns,245,245,0,245,160,245,50,0,50,0,ok,3.0,242.0
inductive,split_00,0,101,0,inductive_split_00_seed_101,unseen_unseen,both_have_targets,overall,biological_shared_protein_count,0.2162212395887159,partial_spearman,n_biological_proteins_a|n_biological_proteins_b,unordered_minmax,245,245,0,245,160,245,50,0,50,0,ok,3.0,242.0
inductive,split_00,0,101,0,inductive_split_00_seed_101,unseen_unseen,both_have_targets,overall,shared_target_count,0.3903714299559813,partial_spearman,n_targets_a|n_targets_b,endpoint_columns,245,245,0,245,160,245,50,0,50,0,ok,3.0,242.0
inductive,split_00,0,101,0,inductive_split_00_seed_101,unseen_unseen,both_have_targets,overall,shared_target_count,0.4155855426679711,partial_spearman,n_targets_a|n_targets_b,unordered_minmax,245,245,0,245,160,245,50,0,50,0,ok,3.0,242.0
inductive,split_00,0,101,0,inductive_split_00_seed_101,unseen_unseen,both_have_targets,positive,shared_protein_count,0.3447315966586319,partial_spearman,n_proteins_a|n_proteins_b,endpoint_columns,107,107,0,107,135,107,15,0,15,0,ok,3.0,104.0
inductive,split_00,0,101,0,inductive_split_00_seed_101,unseen_unseen,both_have_targets,positive,shared_protein_count,0.4157980249165101,partial_spearman,n_proteins_a|n_proteins_b,unordered_minmax,107,107,0,107,135,107,15,0,15,0,ok,3.0,104.0
inductive,split_00,0,101,0,inductive_split_00_seed_101,unseen_unseen,both_have_targets,positive,biological_shared_protein_count,0.3447315966586319,partial_spearman,n_biological_proteins_a|n_biological_proteins_b,endpoint_columns,107,107,0,107,135,107,15,0,15,0,ok,3.0,104.0
inductive,split_00,0,101,0,inductive_split_00_seed_101,unseen_unseen,both_have_targets,positive,biological_shared_protein_count,0.4157980249165101,partial_spearman,n_biological_proteins_a|n_biological_proteins_b,unordered_minmax,107,107,0,107,135,107,15,0,15,0,ok,3.0,104.0
inductive,split_00,0,101,0,inductive_split_00_seed_101,unseen_unseen,both_have_targets,positive,shared_target_count,0.5219702959415725,partial_spearman,n_targets_a|n_targets_b,endpoint_columns,107,107,0,107,135,107,15,0,15,0,ok,3.0,104.0
inductive,split_00,0,101,0,inductive_split_00_seed_101,unseen_unseen,both_have_targets,positive,shared_target_count,0.5730411697775877,partial_spearman,n_targets_a|n_targets_b,unordered_minmax,107,107,0,107,135,107,15,0,15,0,ok,3.0,104.0
inductive,split_00,0,101,0,inductive_split_00_seed_101,unseen_unseen,both_have_targets,negative,shared_protein_count,-0.0818426810990683,partial_spearman,n_proteins_a|n_proteins_b,endpoint_columns,138,138,0,138,49,138,35,0,35,0,ok,3.0,135.0
inductive,split_00,0,101,0,inductive_split_00_seed_101,unseen_unseen,both_have_targets,negative,shared_protein_count,-0.032744718650549,partial_spearman,n_proteins_a|n_proteins_b,unordered_minmax,138,138,0,138,49,138,35,0,35,0,ok,3.0,135.0
inductive,split_00,0,101,0,inductive_split_00_seed_101,unseen_unseen,both_have_targets,negative,biological_shared_protein_count,-0.0818426810990683,partial_spearman,n_biological_proteins_a|n_biological_proteins_b,endpoint_columns,138,138,0,138,49,138,35,0,35,0,ok,3.0,135.0
inductive,split_00,0,101,0,inductive_split_00_seed_101,unseen_unseen,both_have_targets,negative,biological_shared_protein_count,-0.032744718650549,partial_spearman,n_biological_proteins_a|n_biological_proteins_b,unordered_minmax,138,138,0,138,49,138,35,0,35,0,ok,3.0,135.0
inductive,split_00,0,101,0,inductive_split_00_seed_101,unseen_unseen,both_have_targets,negative,shared_target_count,0.2351283574396119,partial_spearman,n_targets_a|n_targets_b,endpoint_columns,138,138,0,138,49,138,35,0,35,0,ok,3.0,135.0
inductive,split_00,0,101,0,inductive_split_00_seed_101,unseen_unseen,both_have_targets,negative,shared_target_count,0.2375280265958531,partial_spearman,n_targets_a|n_targets_b,unordered_minmax,138,138,0,138,49,138,35,0,35,0,ok,3.0,135.0
inductive,split_00,0,101,0,inductive_split_00_seed_101,seen_unseen,all_pairs,overall,biological_shared_protein_count,0.1744235160967034,partial_spearman,n_biological_proteins_a|n_biological_proteins_b|either_biological_size_zero,endpoint_columns_plus_zero,2336,2336,0,2336,1254,2028,648,298,648,298,ok,4.0,2332.0
inductive,split_00,0,101,0,inductive_split_00_seed_101,seen_unseen,all_pairs,overall,biological_shared_protein_count,0.2189018879292526,partial_spearman,n_biological_proteins_a|n_biological_proteins_b|either_biological_size_zero,unordered_minmax_plus_zero,2336,2336,0,2336,1254,2028,648,298,648,298,ok,4.0,2332.0
inductive,split_00,0,101,0,inductive_split_00_seed_101,unseen_unseen,all_pairs,overall,biological_shared_protein_count,0.1059504066282377,partial_spearman,n_biological_proteins_a|n_biological_proteins_b|either_biological_size_zero,endpoint_columns_plus_zero,276,276,0,276,189,246,81,31,81,31,ok,4.0,272.0
inductive,split_00,0,101,0,inductive_split_00_seed_101,unseen_unseen,all_pairs,overall,biological_shared_protein_count,0.1827557837258109,partial_spearman,n_biological_proteins_a|n_biological_proteins_b|either_biological_size_zero,unordered_minmax_plus_zero,276,276,0,276,189,246,81,31,81,31,ok,4.0,272.0
inductive,split_00,0,202,0,inductive_split_00_seed_202,seen_unseen,all_pairs,overall,shared_protein_count,-0.200263728285253,spearman,none,none,2336,2336,0,2336,1254,2025,648,303,648,303,ok,,
inductive,split_00,0,202,0,inductive_split_00_seed_202,seen_unseen,all_pairs,overall,protein_jaccard,-0.1928730299792846,spearman,none,none,2316,2336,20,2316,1240,2025,628,283,648,303,ok,,
inductive,split_00,0,202,0,inductive_split_00_seed_202,seen_unseen,all_pairs,overall,shared_target_count,0.1186067637769067,spearman,none,none,2336,2336,0,2336,1254,2025,648,303,648,303,ok,,
inductive,split_00,0,202,0,inductive_split_00_seed_202,seen_unseen,all_pairs,overall,biological_shared_protein_count,-0.200263728285253,spearman,none,none,2336,2336,0,2336,1254,2025,648,303,648,303,ok,,
inductive,split_00,0,202,0,inductive_split_00_seed_202,seen_unseen,all_pairs,overall,protein_size_geomean,-0.3177826485544615,spearman,none,none,2336,2336,0,2336,1254,2025,648,303,648,303,ok,,
inductive,split_00,0,202,0,inductive_split_00_seed_202,seen_unseen,all_pairs,positive,shared_protein_count,-0.3882928925539669,spearman,none,none,1168,1168,0,1168,1101,861,390,303,390,303,ok,,
inductive,split_00,0,202,0,inductive_split_00_seed_202,seen_unseen,all_pairs,positive,protein_jaccard,-0.3621751813745151,spearman,none,none,1148,1168,20,1148,1087,861,370,283,390,303,ok,,
inductive,split_00,0,202,0,inductive_split_00_seed_202,seen_unseen,all_pairs,positive,shared_target_count,-0.0562909912112393,spearman,none,none,1168,1168,0,1168,1101,861,390,303,390,303,ok,,
inductive,split_00,0,202,0,inductive_split_00_seed_202,seen_unseen,all_pairs,positive,biological_shared_protein_count,-0.3882928925539669,spearman,none,none,1168,1168,0,1168,1101,861,390,303,390,303,ok,,
inductive,split_00,0,202,0,inductive_split_00_seed_202,seen_unseen,all_pairs,positive,protein_size_geomean,-0.5185167063544376,spearman,none,none,1168,1168,0,1168,1101,861,390,303,390,303,ok,,
inductive,split_00,0,202,0,inductive_split_00_seed_202,seen_unseen,all_pairs,negative,shared_protein_count,-0.0527117859672274,spearman,none,none,1168,1168,0,1168,338,1164,258,0,258,0,ok,,
inductive,split_00,0,202,0,inductive_split_00_seed_202,seen_unseen,all_pairs,negative,protein_jaccard,-0.1061763056559788,spearman,none,none,1168,1168,0,1168,338,1164,258,0,258,0,ok,,
inductive,split_00,0,202,0,inductive_split_00_seed_202,seen_unseen,all_pairs,negative,shared_target_count,0.0787853504792478,spearman,none,none,1168,1168,0,1168,338,1164,258,0,258,0,ok,,
inductive,split_00,0,202,0,inductive_split_00_seed_202,seen_unseen,all_pairs,negative,biological_shared_protein_count,-0.0527117859672274,spearman,none,none,1168,1168,0,1168,338,1164,258,0,258,0,ok,,
inductive,split_00,0,202,0,inductive_split_00_seed_202,seen_unseen,all_pairs,negative,protein_size_geomean,-0.0784382470313985,spearman,none,none,1168,1168,0,1168,338,1164,258,0,258,0,ok,,
inductive,split_00,0,202,0,inductive_split_00_seed_202,seen_unseen,both_have_targets,overall,shared_protein_count,0.1103318419464327,spearman,none,none,2048,2048,0,2048,1026,2025,360,15,360,15,ok,,
inductive,split_00,0,202,0,inductive_split_00_seed_202,seen_unseen,both_have_targets,overall,protein_jaccard,0.0969649377496175,spearman,none,none,2048,2048,0,2048,1026,2025,360,15,360,15,ok,,
inductive,split_00,0,202,0,inductive_split_00_seed_202,seen_unseen,both_have_targets,overall,shared_target_count,0.3084531149096576,spearman,none,none,2048,2048,0,2048,1026,2025,360,15,360,15,ok,,
inductive,split_00,0,202,0,inductive_split_00_seed_202,seen_unseen,both_have_targets,overall,biological_shared_protein_count,0.1103318419464327,spearman,none,none,2048,2048,0,2048,1026,2025,360,15,360,15,ok,,
inductive,split_00,0,202,0,inductive_split_00_seed_202,seen_unseen,both_have_targets,overall,protein_size_geomean,0.006611696956747,spearman,none,none,2048,2048,0,2048,1026,2025,360,15,360,15,ok,,
inductive,split_00,0,202,0,inductive_split_00_seed_202,seen_unseen,both_have_targets,positive,shared_protein_count,0.2530606799570861,spearman,none,none,880,880,0,880,858,861,102,15,102,15,ok,,
inductive,split_00,0,202,0,inductive_split_00_seed_202,seen_unseen,both_have_targets,positive,protein_jaccard,0.2557681221129428,spearman,none,none,880,880,0,880,858,861,102,15,102,15,ok,,
inductive,split_00,0,202,0,inductive_split_00_seed_202,seen_unseen,both_have_targets,positive,shared_target_count,0.4279032375708032,spearman,none,none,880,880,0,880,858,861,102,15,102,15,ok,,
inductive,split_00,0,202,0,inductive_split_00_seed_202,seen_unseen,both_have_targets,positive,biological_shared_protein_count,0.2530606799570861,spearman,none,none,880,880,0,880,858,861,102,15,102,15,ok,,
inductive,split_00,0,202,0,inductive_split_00_seed_202,seen_unseen,both_have_targets,positive,protein_size_geomean,0.0872333771201524,spearman,none,none,880,880,0,880,858,861,102,15,102,15,ok,,
inductive,split_00,0,202,0,inductive_split_00_seed_202,seen_unseen,both_have_targets,negative,shared_protein_count,-0.0527117859672274,spearman,none,none,1168,1168,0,1168,338,1164,258,0,258,0,ok,,
inductive,split_00,0,202,0,inductive_split_00_seed_202,seen_unseen,both_have_targets,negative,protein_jaccard,-0.1061763056559788,spearman,none,none,1168,1168,0,1168,338,1164,258,0,258,0,ok,,
inductive,split_00,0,202,0,inductive_split_00_seed_202,seen_unseen,both_have_targets,negative,shared_target_count,0.0787853504792478,spearman,none,none,1168,1168,0,1168,338,1164,258,0,258,0,ok,,
inductive,split_00,0,202,0,inductive_split_00_seed_202,seen_unseen,both_have_targets,negative,biological_shared_protein_count,-0.0527117859672274,spearman,none,none,1168,1168,0,1168,338,1164,258,0,258,0,ok,,
inductive,split_00,0,202,0,inductive_split_00_seed_202,seen_unseen,both_have_targets,negative,protein_size_geomean,-0.0784382470313985,spearman,none,none,1168,1168,0,1168,338,1164,258,0,258,0,ok,,
inductive,split_00,0,202,0,inductive_split_00_seed_202,unseen_unseen,all_pairs,overall,shared_protein_count,-0.1931116535866323,spearman,none,none,276,276,0,276,189,244,81,33,81,33,ok,,
inductive,split_00,0,202,0,inductive_split_00_seed_202,unseen_unseen,all_pairs,overall,protein_jaccard,-0.2001929891730743,spearman,none,none,273,276,3,273,187,244,78,30,81,33,ok,,
inductive,split_00,0,202,0,inductive_split_00_seed_202,unseen_unseen,all_pairs,overall,shared_target_count,0.0809842729085936,spearman,none,none,276,276,0,276,189,244,81,33,81,33,ok,,
inductive,split_00,0,202,0,inductive_split_00_seed_202,unseen_unseen,all_pairs,overall,biological_shared_protein_count,-0.1931116535866323,spearman,none,none,276,276,0,276,189,244,81,33,81,33,ok,,
inductive,split_00,0,202,0,inductive_split_00_seed_202,unseen_unseen,all_pairs,overall,protein_size_geomean,-0.3107013158717995,spearman,none,none,276,276,0,276,189,244,81,33,81,33,ok,,
inductive,split_00,0,202,0,inductive_split_00_seed_202,unseen_unseen,all_pairs,positive,shared_protein_count,-0.3647076759350036,spearman,none,none,138,138,0,138,166,106,46,33,46,33,ok,,
inductive,split_00,0,202,0,inductive_split_00_seed_202,unseen_unseen,all_pairs,positive,protein_jaccard,-0.3154311766848811,spearman,none,none,135,138,3,135,164,106,43,30,46,33,ok,,
inductive,split_00,0,202,0,inductive_split_00_seed_202,unseen_unseen,all_pairs,positive,shared_target_count,-0.015066486083904,spearman,none,none,138,138,0,138,166,106,46,33,46,33,ok,,
inductive,split_00,0,202,0,inductive_split_00_seed_202,unseen_unseen,all_pairs,positive,biological_shared_protein_count,-0.3647076759350036,spearman,none,none,138,138,0,138,166,106,46,33,46,33,ok,,
inductive,split_00,0,202,0,inductive_split_00_seed_202,unseen_unseen,all_pairs,positive,protein_size_geomean,-0.53600998370732,spearman,none,none,138,138,0,138,166,106,46,33,46,33,ok,,
inductive,split_00,0,202,0,inductive_split_00_seed_202,unseen_unseen,all_pairs,negative,shared_protein_count,-0.0198392534607258,spearman,none,none,138,138,0,138,49,138,35,0,35,0,ok,,
inductive,split_00,0,202,0,inductive_split_00_seed_202,unseen_unseen,all_pairs,negative,protein_jaccard,-0.1235830220545638,spearman,none,none,138,138,0,138,49,138,35,0,35,0,ok,,
inductive,split_00,0,202,0,inductive_split_00_seed_202,unseen_unseen,all_pairs,negative,shared_target_count,-0.0215243168629767,spearman,none,none,138,138,0,138,49,138,35,0,35,0,ok,,
inductive,split_00,0,202,0,inductive_split_00_seed_202,unseen_unseen,all_pairs,negative,biological_shared_protein_count,-0.0198392534607258,spearman,none,none,138,138,0,138,49,138,35,0,35,0,ok,,
inductive,split_00,0,202,0,inductive_split_00_seed_202,unseen_unseen,all_pairs,negative,protein_size_geomean,0.0054407821209953,spearman,none,none,138,138,0,138,49,138,35,0,35,0,ok,,
inductive,split_00,0,202,0,inductive_split_00_seed_202,unseen_unseen,both_have_targets,overall,shared_protein_count,0.0736559250797652,spearman,none,none,245,245,0,245,160,244,50,2,50,2,ok,,
inductive,split_00,0,202,0,inductive_split_00_seed_202,unseen_unseen,both_have_targets,overall,protein_jaccard,0.035792842772502,spearman,none,none,245,245,0,245,160,244,50,2,50,2,ok,,
inductive,split_00,0,202,0,inductive_split_00_seed_202,unseen_unseen,both_have_targets,overall,shared_target_count,0.2377467793867995,spearman,none,none,245,245,0,245,160,244,50,2,50,2,ok,,
inductive,split_00,0,202,0,inductive_split_00_seed_202,unseen_unseen,both_have_targets,overall,biological_shared_protein_count,0.0736559250797652,spearman,none,none,245,245,0,245,160,244,50,2,50,2,ok,,
inductive,split_00,0,202,0,inductive_split_00_seed_202,unseen_unseen,both_have_targets,overall,protein_size_geomean,-0.0201217718485389,spearman,none,none,245,245,0,245,160,244,50,2,50,2,ok,,
inductive,split_00,0,202,0,inductive_split_00_seed_202,unseen_unseen,both_have_targets,positive,shared_protein_count,0.1968209886460617,spearman,none,none,107,107,0,107,135,106,15,2,15,2,ok,,
inductive,split_00,0,202,0,inductive_split_00_seed_202,unseen_unseen,both_have_targets,positive,protein_jaccard,0.2311320389496473,spearman,none,none,107,107,0,107,135,106,15,2,15,2,ok,,
inductive,split_00,0,202,0,inductive_split_00_seed_202,unseen_unseen,both_have_targets,positive,shared_target_count,0.4221098042215659,spearman,none,none,107,107,0,107,135,106,15,2,15,2,ok,,
inductive,split_00,0,202,0,inductive_split_00_seed_202,unseen_unseen,both_have_targets,positive,biological_shared_protein_count,0.1968209886460617,spearman,none,none,107,107,0,107,135,106,15,2,15,2,ok,,
inductive,split_00,0,202,0,inductive_split_00_seed_202,unseen_unseen,both_have_targets,positive,protein_size_geomean,-0.0394014351840513,spearman,none,none,107,107,0,107,135,106,15,2,15,2,ok,,
inductive,split_00,0,202,0,inductive_split_00_seed_202,unseen_unseen,both_have_targets,negative,shared_protein_count,-0.0198392534607258,spearman,none,none,138,138,0,138,49,138,35,0,35,0,ok,,
inductive,split_00,0,202,0,inductive_split_00_seed_202,unseen_unseen,both_have_targets,negative,protein_jaccard,-0.1235830220545638,spearman,none,none,138,138,0,138,49,138,35,0,35,0,ok,,
inductive,split_00,0,202,0,inductive_split_00_seed_202,unseen_unseen,both_have_targets,negative,shared_target_count,-0.0215243168629767,spearman,none,none,138,138,0,138,49,138,35,0,35,0,ok,,
inductive,split_00,0,202,0,inductive_split_00_seed_202,unseen_unseen,both_have_targets,negative,biological_shared_protein_count,-0.0198392534607258,spearman,none,none,138,138,0,138,49,138,35,0,35,0,ok,,
inductive,split_00,0,202,0,inductive_split_00_seed_202,unseen_unseen,both_have_targets,negative,protein_size_geomean,0.0054407821209953,spearman,none,none,138,138,0,138,49,138,35,0,35,0,ok,,
inductive,split_00,0,202,0,inductive_split_00_seed_202,seen_unseen,all_pairs,overall,shared_protein_count,0.0025454027598572,partial_spearman,n_proteins_a|n_proteins_b,endpoint_columns,2336,2336,0,2336,1254,2025,648,303,648,303,ok,3.0,2333.0
inductive,split_00,0,202,0,inductive_split_00_seed_202,seen_unseen,all_pairs,overall,shared_protein_count,0.1746023567678682,partial_spearman,n_proteins_a|n_proteins_b,unordered_minmax,2336,2336,0,2336,1254,2025,648,303,648,303,ok,3.0,2333.0
inductive,split_00,0,202,0,inductive_split_00_seed_202,seen_unseen,all_pairs,overall,biological_shared_protein_count,0.0025454027598572,partial_spearman,n_biological_proteins_a|n_biological_proteins_b,endpoint_columns,2336,2336,0,2336,1254,2025,648,303,648,303,ok,3.0,2333.0
inductive,split_00,0,202,0,inductive_split_00_seed_202,seen_unseen,all_pairs,overall,biological_shared_protein_count,0.1746023567678682,partial_spearman,n_biological_proteins_a|n_biological_proteins_b,unordered_minmax,2336,2336,0,2336,1254,2025,648,303,648,303,ok,3.0,2333.0
inductive,split_00,0,202,0,inductive_split_00_seed_202,seen_unseen,all_pairs,overall,shared_target_count,0.3423986148085044,partial_spearman,n_targets_a|n_targets_b,endpoint_columns,2336,2336,0,2336,1254,2025,648,303,648,303,ok,3.0,2333.0
inductive,split_00,0,202,0,inductive_split_00_seed_202,seen_unseen,all_pairs,overall,shared_target_count,0.3952330597116639,partial_spearman,n_targets_a|n_targets_b,unordered_minmax,2336,2336,0,2336,1254,2025,648,303,648,303,ok,3.0,2333.0
inductive,split_00,0,202,0,inductive_split_00_seed_202,seen_unseen,all_pairs,positive,shared_protein_count,-0.0384527501885773,partial_spearman,n_proteins_a|n_proteins_b,endpoint_columns,1168,1168,0,1168,1101,861,390,303,390,303,ok,3.0,1165.0
inductive,split_00,0,202,0,inductive_split_00_seed_202,seen_unseen,all_pairs,positive,shared_protein_count,0.2103928212815136,partial_spearman,n_proteins_a|n_proteins_b,unordered_minmax,1168,1168,0,1168,1101,861,390,303,390,303,ok,3.0,1165.0
inductive,split_00,0,202,0,inductive_split_00_seed_202,seen_unseen,all_pairs,positive,biological_shared_protein_count,-0.0384527501885773,partial_spearman,n_biological_proteins_a|n_biological_proteins_b,endpoint_columns,1168,1168,0,1168,1101,861,390,303,390,303,ok,3.0,1165.0
inductive,split_00,0,202,0,inductive_split_00_seed_202,seen_unseen,all_pairs,positive,biological_shared_protein_count,0.2103928212815136,partial_spearman,n_biological_proteins_a|n_biological_proteins_b,unordered_minmax,1168,1168,0,1168,1101,861,390,303,390,303,ok,3.0,1165.0
inductive,split_00,0,202,0,inductive_split_00_seed_202,seen_unseen,all_pairs,positive,shared_target_count,0.3578073545229221,partial_spearman,n_targets_a|n_targets_b,endpoint_columns,1168,1168,0,1168,1101,861,390,303,390,303,ok,3.0,1165.0
inductive,split_00,0,202,0,inductive_split_00_seed_202,seen_unseen,all_pairs,positive,shared_target_count,0.4695072968883111,partial_spearman,n_targets_a|n_targets_b,unordered_minmax,1168,1168,0,1168,1101,861,390,303,390,303,ok,3.0,1165.0
inductive,split_00,0,202,0,inductive_split_00_seed_202,seen_unseen,all_pairs,negative,shared_protein_count,-0.0692769881663263,partial_spearman,n_proteins_a|n_proteins_b,endpoint_columns,1168,1168,0,1168,338,1164,258,0,258,0,ok,3.0,1165.0
inductive,split_00,0,202,0,inductive_split_00_seed_202,seen_unseen,all_pairs,negative,shared_protein_count,-0.0100946010234706,partial_spearman,n_proteins_a|n_proteins_b,unordered_minmax,1168,1168,0,1168,338,1164,258,0,258,0,ok,3.0,1165.0
inductive,split_00,0,202,0,inductive_split_00_seed_202,seen_unseen,all_pairs,negative,biological_shared_protein_count,-0.0692769881663263,partial_spearman,n_biological_proteins_a|n_biological_proteins_b,endpoint_columns,1168,1168,0,1168,338,1164,258,0,258,0,ok,3.0,1165.0
inductive,split_00,0,202,0,inductive_split_00_seed_202,seen_unseen,all_pairs,negative,biological_shared_protein_count,-0.0100946010234706,partial_spearman,n_biological_proteins_a|n_biological_proteins_b,unordered_minmax,1168,1168,0,1168,338,1164,258,0,258,0,ok,3.0,1165.0
inductive,split_00,0,202,0,inductive_split_00_seed_202,seen_unseen,all_pairs,negative,shared_target_count,0.1656610363769751,partial_spearman,n_targets_a|n_targets_b,endpoint_columns,1168,1168,0,1168,338,1164,258,0,258,0,ok,3.0,1165.0
inductive,split_00,0,202,0,inductive_split_00_seed_202,seen_unseen,all_pairs,negative,shared_target_count,0.1627309022809483,partial_spearman,n_targets_a|n_targets_b,unordered_minmax,1168,1168,0,1168,338,1164,258,0,258,0,ok,3.0,1165.0
inductive,split_00,0,202,0,inductive_split_00_seed_202,seen_unseen,both_have_targets,overall,shared_protein_count,0.1429760986529304,partial_spearman,n_proteins_a|n_proteins_b,endpoint_columns,2048,2048,0,2048,1026,2025,360,15,360,15,ok,3.0,2045.0
inductive,split_00,0,202,0,inductive_split_00_seed_202,seen_unseen,both_have_targets,overall,shared_protein_count,0.2008298541719576,partial_spearman,n_proteins_a|n_proteins_b,unordered_minmax,2048,2048,0,2048,1026,2025,360,15,360,15,ok,3.0,2045.0
inductive,split_00,0,202,0,inductive_split_00_seed_202,seen_unseen,both_have_targets,overall,biological_shared_protein_count,0.1429760986529304,partial_spearman,n_biological_proteins_a|n_biological_proteins_b,endpoint_columns,2048,2048,0,2048,1026,2025,360,15,360,15,ok,3.0,2045.0
inductive,split_00,0,202,0,inductive_split_00_seed_202,seen_unseen,both_have_targets,overall,biological_shared_protein_count,0.2008298541719576,partial_spearman,n_biological_proteins_a|n_biological_proteins_b,unordered_minmax,2048,2048,0,2048,1026,2025,360,15,360,15,ok,3.0,2045.0
inductive,split_00,0,202,0,inductive_split_00_seed_202,seen_unseen,both_have_targets,overall,shared_target_count,0.3850914988538425,partial_spearman,n_targets_a|n_targets_b,endpoint_columns,2048,2048,0,2048,1026,2025,360,15,360,15,ok,3.0,2045.0
inductive,split_00,0,202,0,inductive_split_00_seed_202,seen_unseen,both_have_targets,overall,shared_target_count,0.3935749051648284,partial_spearman,n_targets_a|n_targets_b,unordered_minmax,2048,2048,0,2048,1026,2025,360,15,360,15,ok,3.0,2045.0
inductive,split_00,0,202,0,inductive_split_00_seed_202,seen_unseen,both_have_targets,positive,shared_protein_count,0.3004465175282288,partial_spearman,n_proteins_a|n_proteins_b,endpoint_columns,880,880,0,880,858,861,102,15,102,15,ok,3.0,877.0
inductive,split_00,0,202,0,inductive_split_00_seed_202,seen_unseen,both_have_targets,positive,shared_protein_count,0.3460164687794191,partial_spearman,n_proteins_a|n_proteins_b,unordered_minmax,880,880,0,880,858,861,102,15,102,15,ok,3.0,877.0
inductive,split_00,0,202,0,inductive_split_00_seed_202,seen_unseen,both_have_targets,positive,biological_shared_protein_count,0.3004465175282288,partial_spearman,n_biological_proteins_a|n_biological_proteins_b,endpoint_columns,880,880,0,880,858,861,102,15,102,15,ok,3.0,877.0
inductive,split_00,0,202,0,inductive_split_00_seed_202,seen_unseen,both_have_targets,positive,biological_shared_protein_count,0.3460164687794191,partial_spearman,n_biological_proteins_a|n_biological_proteins_b,unordered_minmax,880,880,0,880,858,861,102,15,102,15,ok,3.0,877.0
inductive,split_00,0,202,0,inductive_split_00_seed_202,seen_unseen,both_have_targets,positive,shared_target_count,0.4845224777322785,partial_spearman,n_targets_a|n_targets_b,endpoint_columns,880,880,0,880,858,861,102,15,102,15,ok,3.0,877.0
inductive,split_00,0,202,0,inductive_split_00_seed_202,seen_unseen,both_have_targets,positive,shared_target_count,0.5028536166281504,partial_spearman,n_targets_a|n_targets_b,unordered_minmax,880,880,0,880,858,861,102,15,102,15,ok,3.0,877.0
inductive,split_00,0,202,0,inductive_split_00_seed_202,seen_unseen,both_have_targets,negative,shared_protein_count,-0.0692769881663263,partial_spearman,n_proteins_a|n_proteins_b,endpoint_columns,1168,1168,0,1168,338,1164,258,0,258,0,ok,3.0,1165.0
inductive,split_00,0,202,0,inductive_split_00_seed_202,seen_unseen,both_have_targets,negative,shared_protein_count,-0.0100946010234706,partial_spearman,n_proteins_a|n_proteins_b,unordered_minmax,1168,1168,0,1168,338,1164,258,0,258,0,ok,3.0,1165.0
inductive,split_00,0,202,0,inductive_split_00_seed_202,seen_unseen,both_have_targets,negative,biological_shared_protein_count,-0.0692769881663263,partial_spearman,n_biological_proteins_a|n_biological_proteins_b,endpoint_columns,1168,1168,0,1168,338,1164,258,0,258,0,ok,3.0,1165.0
inductive,split_00,0,202,0,inductive_split_00_seed_202,seen_unseen,both_have_targets,negative,biological_shared_protein_count,-0.0100946010234706,partial_spearman,n_biological_proteins_a|n_biological_proteins_b,unordered_minmax,1168,1168,0,1168,338,1164,258,0,258,0,ok,3.0,1165.0
inductive,split_00,0,202,0,inductive_split_00_seed_202,seen_unseen,both_have_targets,negative,shared_target_count,0.1656610363769751,partial_spearman,n_targets_a|n_targets_b,endpoint_columns,1168,1168,0,1168,338,1164,258,0,258,0,ok,3.0,1165.0
inductive,split_00,0,202,0,inductive_split_00_seed_202,seen_unseen,both_have_targets,negative,shared_target_count,0.1627309022809483,partial_spearman,n_targets_a|n_targets_b,unordered_minmax,1168,1168,0,1168,338,1164,258,0,258,0,ok,3.0,1165.0
inductive,split_00,0,202,0,inductive_split_00_seed_202,unseen_unseen,all_pairs,overall,shared_protein_count,-0.0879320789508195,partial_spearman,n_proteins_a|n_proteins_b,endpoint_columns,276,276,0,276,189,244,81,33,81,33,ok,3.0,273.0
inductive,split_00,0,202,0,inductive_split_00_seed_202,unseen_unseen,all_pairs,overall,shared_protein_count,0.1492767471813187,partial_spearman,n_proteins_a|n_proteins_b,unordered_minmax,276,276,0,276,189,244,81,33,81,33,ok,3.0,273.0
inductive,split_00,0,202,0,inductive_split_00_seed_202,unseen_unseen,all_pairs,overall,biological_shared_protein_count,-0.0879320789508195,partial_spearman,n_biological_proteins_a|n_biological_proteins_b,endpoint_columns,276,276,0,276,189,244,81,33,81,33,ok,3.0,273.0
inductive,split_00,0,202,0,inductive_split_00_seed_202,unseen_unseen,all_pairs,overall,biological_shared_protein_count,0.1492767471813187,partial_spearman,n_biological_proteins_a|n_biological_proteins_b,unordered_minmax,276,276,0,276,189,244,81,33,81,33,ok,3.0,273.0
inductive,split_00,0,202,0,inductive_split_00_seed_202,unseen_unseen,all_pairs,overall,shared_target_count,0.2725293700798392,partial_spearman,n_targets_a|n_targets_b,endpoint_columns,276,276,0,276,189,244,81,33,81,33,ok,3.0,273.0
inductive,split_00,0,202,0,inductive_split_00_seed_202,unseen_unseen,all_pairs,overall,shared_target_count,0.368078690420638,partial_spearman,n_targets_a|n_targets_b,unordered_minmax,276,276,0,276,189,244,81,33,81,33,ok,3.0,273.0
inductive,split_00,0,202,0,inductive_split_00_seed_202,unseen_unseen,all_pairs,positive,shared_protein_count,-0.0703753654055747,partial_spearman,n_proteins_a|n_proteins_b,endpoint_columns,138,138,0,138,166,106,46,33,46,33,ok,3.0,135.0
inductive,split_00,0,202,0,inductive_split_00_seed_202,unseen_unseen,all_pairs,positive,shared_protein_count,0.2555960675721279,partial_spearman,n_proteins_a|n_proteins_b,unordered_minmax,138,138,0,138,166,106,46,33,46,33,ok,3.0,135.0
inductive,split_00,0,202,0,inductive_split_00_seed_202,unseen_unseen,all_pairs,positive,biological_shared_protein_count,-0.0703753654055747,partial_spearman,n_biological_proteins_a|n_biological_proteins_b,endpoint_columns,138,138,0,138,166,106,46,33,46,33,ok,3.0,135.0
inductive,split_00,0,202,0,inductive_split_00_seed_202,unseen_unseen,all_pairs,positive,biological_shared_protein_count,0.2555960675721279,partial_spearman,n_biological_proteins_a|n_biological_proteins_b,unordered_minmax,138,138,0,138,166,106,46,33,46,33,ok,3.0,135.0
inductive,split_00,0,202,0,inductive_split_00_seed_202,unseen_unseen,all_pairs,positive,shared_target_count,0.2906562815126005,partial_spearman,n_targets_a|n_targets_b,endpoint_columns,138,138,0,138,166,106,46,33,46,33,ok,3.0,135.0
inductive,split_00,0,202,0,inductive_split_00_seed_202,unseen_unseen,all_pairs,positive,shared_target_count,0.4928357612601566,partial_spearman,n_targets_a|n_targets_b,unordered_minmax,138,138,0,138,166,106,46,33,46,33,ok,3.0,135.0
inductive,split_00,0,202,0,inductive_split_00_seed_202,unseen_unseen,all_pairs,negative,shared_protein_count,-0.2348352636266852,partial_spearman,n_proteins_a|n_proteins_b,endpoint_columns,138,138,0,138,49,138,35,0,35,0,ok,3.0,135.0
inductive,split_00,0,202,0,inductive_split_00_seed_202,unseen_unseen,all_pairs,negative,shared_protein_count,-0.1315866406116198,partial_spearman,n_proteins_a|n_proteins_b,unordered_minmax,138,138,0,138,49,138,35,0,35,0,ok,3.0,135.0
inductive,split_00,0,202,0,inductive_split_00_seed_202,unseen_unseen,all_pairs,negative,biological_shared_protein_count,-0.2348352636266852,partial_spearman,n_biological_proteins_a|n_biological_proteins_b,endpoint_columns,138,138,0,138,49,138,35,0,35,0,ok,3.0,135.0
inductive,split_00,0,202,0,inductive_split_00_seed_202,unseen_unseen,all_pairs,negative,biological_shared_protein_count,-0.1315866406116198,partial_spearman,n_biological_proteins_a|n_biological_proteins_b,unordered_minmax,138,138,0,138,49,138,35,0,35,0,ok,3.0,135.0
inductive,split_00,0,202,0,inductive_split_00_seed_202,unseen_unseen,all_pairs,negative,shared_target_count,0.0827798379875381,partial_spearman,n_targets_a|n_targets_b,endpoint_columns,138,138,0,138,49,138,35,0,35,0,ok,3.0,135.0
inductive,split_00,0,202,0,inductive_split_00_seed_202,unseen_unseen,all_pairs,negative,shared_target_count,0.0790111537737786,partial_spearman,n_targets_a|n_targets_b,unordered_minmax,138,138,0,138,49,138,35,0,35,0,ok,3.0,135.0
inductive,split_00,0,202,0,inductive_split_00_seed_202,unseen_unseen,both_have_targets,overall,shared_protein_count,0.0603329301367355,partial_spearman,n_proteins_a|n_proteins_b,endpoint_columns,245,245,0,245,160,244,50,2,50,2,ok,3.0,242.0
inductive,split_00,0,202,0,inductive_split_00_seed_202,unseen_unseen,both_have_targets,overall,shared_protein_count,0.1604474383447251,partial_spearman,n_proteins_a|n_proteins_b,unordered_minmax,245,245,0,245,160,244,50,2,50,2,ok,3.0,242.0
inductive,split_00,0,202,0,inductive_split_00_seed_202,unseen_unseen,both_have_targets,overall,biological_shared_protein_count,0.0603329301367355,partial_spearman,n_biological_proteins_a|n_biological_proteins_b,endpoint_columns,245,245,0,245,160,244,50,2,50,2,ok,3.0,242.0
inductive,split_00,0,202,0,inductive_split_00_seed_202,unseen_unseen,both_have_targets,overall,biological_shared_protein_count,0.1604474383447251,partial_spearman,n_biological_proteins_a|n_biological_proteins_b,unordered_minmax,245,245,0,245,160,244,50,2,50,2,ok,3.0,242.0
inductive,split_00,0,202,0,inductive_split_00_seed_202,unseen_unseen,both_have_targets,overall,shared_target_count,0.3358657383282876,partial_spearman,n_targets_a|n_targets_b,endpoint_columns,245,245,0,245,160,244,50,2,50,2,ok,3.0,242.0
inductive,split_00,0,202,0,inductive_split_00_seed_202,unseen_unseen,both_have_targets,overall,shared_target_count,0.3649533001019852,partial_spearman,n_targets_a|n_targets_b,unordered_minmax,245,245,0,245,160,244,50,2,50,2,ok,3.0,242.0
inductive,split_00,0,202,0,inductive_split_00_seed_202,unseen_unseen,both_have_targets,positive,shared_protein_count,0.3288217298228984,partial_spearman,n_proteins_a|n_proteins_b,endpoint_columns,107,107,0,107,135,106,15,2,15,2,ok,3.0,104.0
inductive,split_00,0,202,0,inductive_split_00_seed_202,unseen_unseen,both_have_targets,positive,shared_protein_count,0.3924841176701026,partial_spearman,n_proteins_a|n_proteins_b,unordered_minmax,107,107,0,107,135,106,15,2,15,2,ok,3.0,104.0
inductive,split_00,0,202,0,inductive_split_00_seed_202,unseen_unseen,both_have_targets,positive,biological_shared_protein_count,0.3288217298228984,partial_spearman,n_biological_proteins_a|n_biological_proteins_b,endpoint_columns,107,107,0,107,135,106,15,2,15,2,ok,3.0,104.0
inductive,split_00,0,202,0,inductive_split_00_seed_202,unseen_unseen,both_have_targets,positive,biological_shared_protein_count,0.3924841176701026,partial_spearman,n_biological_proteins_a|n_biological_proteins_b,unordered_minmax,107,107,0,107,135,106,15,2,15,2,ok,3.0,104.0
inductive,split_00,0,202,0,inductive_split_00_seed_202,unseen_unseen,both_have_targets,positive,shared_target_count,0.5025963931244275,partial_spearman,n_targets_a|n_targets_b,endpoint_columns,107,107,0,107,135,106,15,2,15,2,ok,3.0,104.0
inductive,split_00,0,202,0,inductive_split_00_seed_202,unseen_unseen,both_have_targets,positive,shared_target_count,0.5488236113016205,partial_spearman,n_targets_a|n_targets_b,unordered_minmax,107,107,0,107,135,106,15,2,15,2,ok,3.0,104.0
inductive,split_00,0,202,0,inductive_split_00_seed_202,unseen_unseen,both_have_targets,negative,shared_protein_count,-0.2348352636266852,partial_spearman,n_proteins_a|n_proteins_b,endpoint_columns,138,138,0,138,49,138,35,0,35,0,ok,3.0,135.0
inductive,split_00,0,202,0,inductive_split_00_seed_202,unseen_unseen,both_have_targets,negative,shared_protein_count,-0.1315866406116198,partial_spearman,n_proteins_a|n_proteins_b,unordered_minmax,138,138,0,138,49,138,35,0,35,0,ok,3.0,135.0
inductive,split_00,0,202,0,inductive_split_00_seed_202,unseen_unseen,both_have_targets,negative,biological_shared_protein_count,-0.2348352636266852,partial_spearman,n_biological_proteins_a|n_biological_proteins_b,endpoint_columns,138,138,0,138,49,138,35,0,35,0,ok,3.0,135.0
inductive,split_00,0,202,0,inductive_split_00_seed_202,unseen_unseen,both_have_targets,negative,biological_shared_protein_count,-0.1315866406116198,partial_spearman,n_biological_proteins_a|n_biological_proteins_b,unordered_minmax,138,138,0,138,49,138,35,0,35,0,ok,3.0,135.0
inductive,split_00,0,202,0,inductive_split_00_seed_202,unseen_unseen,both_have_targets,negative,shared_target_count,0.0827798379875381,partial_spearman,n_targets_a|n_targets_b,endpoint_columns,138,138,0,138,49,138,35,0,35,0,ok,3.0,135.0
inductive,split_00,0,202,0,inductive_split_00_seed_202,unseen_unseen,both_have_targets,negative,shared_target_count,0.0790111537737786,partial_spearman,n_targets_a|n_targets_b,unordered_minmax,138,138,0,138,49,138,35,0,35,0,ok,3.0,135.0
inductive,split_00,0,202,0,inductive_split_00_seed_202,seen_unseen,all_pairs,overall,biological_shared_protein_count,0.113445241227854,partial_spearman,n_biological_proteins_a|n_biological_proteins_b|either_biological_size_zero,endpoint_columns_plus_zero,2336,2336,0,2336,1254,2025,648,303,648,303,ok,4.0,2332.0
inductive,split_00,0,202,0,inductive_split_00_seed_202,seen_unseen,all_pairs,overall,biological_shared_protein_count,0.1707235664438112,partial_spearman,n_biological_proteins_a|n_biological_proteins_b|either_biological_size_zero,unordered_minmax_plus_zero,2336,2336,0,2336,1254,2025,648,303,648,303,ok,4.0,2332.0
inductive,split_00,0,202,0,inductive_split_00_seed_202,unseen_unseen,all_pairs,overall,biological_shared_protein_count,0.0374558100030421,partial_spearman,n_biological_proteins_a|n_biological_proteins_b|either_biological_size_zero,endpoint_columns_plus_zero,276,276,0,276,189,244,81,33,81,33,ok,4.0,272.0
inductive,split_00,0,202,0,inductive_split_00_seed_202,unseen_unseen,all_pairs,overall,biological_shared_protein_count,0.1380182060862978,partial_spearman,n_biological_proteins_a|n_biological_proteins_b|either_biological_size_zero,unordered_minmax_plus_zero,276,276,0,276,189,244,81,33,81,33,ok,4.0,272.0
inductive,split_00,0,303,0,inductive_split_00_seed_303,seen_unseen,all_pairs,overall,shared_protein_count,-0.2300492037099424,spearman,none,none,2336,2336,0,2336,1254,2023,648,307,648,307,ok,,
inductive,split_00,0,303,0,inductive_split_00_seed_303,seen_unseen,all_pairs,overall,protein_jaccard,-0.1665991254380943,spearman,none,none,2316,2336,20,2316,1240,2023,628,287,648,307,ok,,
inductive,split_00,0,303,0,inductive_split_00_seed_303,seen_unseen,all_pairs,overall,shared_target_count,0.1697649894082099,spearman,none,none,2336,2336,0,2336,1254,2023,648,307,648,307,ok,,
inductive,split_00,0,303,0,inductive_split_00_seed_303,seen_unseen,all_pairs,overall,biological_shared_protein_count,-0.2300492037099424,spearman,none,none,2336,2336,0,2336,1254,2023,648,307,648,307,ok,,
inductive,split_00,0,303,0,inductive_split_00_seed_303,seen_unseen,all_pairs,overall,protein_size_geomean,-0.3834350273330871,spearman,none,none,2336,2336,0,2336,1254,2023,648,307,648,307,ok,,
inductive,split_00,0,303,0,inductive_split_00_seed_303,seen_unseen,all_pairs,positive,shared_protein_count,-0.3698114714117405,spearman,none,none,1168,1168,0,1168,1101,861,390,307,390,307,ok,,
inductive,split_00,0,303,0,inductive_split_00_seed_303,seen_unseen,all_pairs,positive,protein_jaccard,-0.343266021121616,spearman,none,none,1148,1168,20,1148,1087,861,370,287,390,307,ok,,
inductive,split_00,0,303,0,inductive_split_00_seed_303,seen_unseen,all_pairs,positive,shared_target_count,-0.0409076132771934,spearman,none,none,1168,1168,0,1168,1101,861,390,307,390,307,ok,,
inductive,split_00,0,303,0,inductive_split_00_seed_303,seen_unseen,all_pairs,positive,biological_shared_protein_count,-0.3698114714117405,spearman,none,none,1168,1168,0,1168,1101,861,390,307,390,307,ok,,
inductive,split_00,0,303,0,inductive_split_00_seed_303,seen_unseen,all_pairs,positive,protein_size_geomean,-0.5047836147164914,spearman,none,none,1168,1168,0,1168,1101,861,390,307,390,307,ok,,
inductive,split_00,0,303,0,inductive_split_00_seed_303,seen_unseen,all_pairs,negative,shared_protein_count,-0.1834248386212843,spearman,none,none,1168,1168,0,1168,338,1164,258,0,258,0,ok,,
inductive,split_00,0,303,0,inductive_split_00_seed_303,seen_unseen,all_pairs,negative,protein_jaccard,-0.0984181963838081,spearman,none,none,1168,1168,0,1168,338,1164,258,0,258,0,ok,,
inductive,split_00,0,303,0,inductive_split_00_seed_303,seen_unseen,all_pairs,negative,shared_target_count,0.1597935424851856,spearman,none,none,1168,1168,0,1168,338,1164,258,0,258,0,ok,,
inductive,split_00,0,303,0,inductive_split_00_seed_303,seen_unseen,all_pairs,negative,biological_shared_protein_count,-0.1834248386212843,spearman,none,none,1168,1168,0,1168,338,1164,258,0,258,0,ok,,
inductive,split_00,0,303,0,inductive_split_00_seed_303,seen_unseen,all_pairs,negative,protein_size_geomean,-0.2789888104943601,spearman,none,none,1168,1168,0,1168,338,1164,258,0,258,0,ok,,
inductive,split_00,0,303,0,inductive_split_00_seed_303,seen_unseen,both_have_targets,overall,shared_protein_count,0.0663824228092177,spearman,none,none,2048,2048,0,2048,1026,2023,360,19,360,19,ok,,
inductive,split_00,0,303,0,inductive_split_00_seed_303,seen_unseen,both_have_targets,overall,protein_jaccard,0.1343625411700398,spearman,none,none,2048,2048,0,2048,1026,2023,360,19,360,19,ok,,
inductive,split_00,0,303,0,inductive_split_00_seed_303,seen_unseen,both_have_targets,overall,shared_target_count,0.3720448205839204,spearman,none,none,2048,2048,0,2048,1026,2023,360,19,360,19,ok,,
inductive,split_00,0,303,0,inductive_split_00_seed_303,seen_unseen,both_have_targets,overall,biological_shared_protein_count,0.0663824228092177,spearman,none,none,2048,2048,0,2048,1026,2023,360,19,360,19,ok,,
inductive,split_00,0,303,0,inductive_split_00_seed_303,seen_unseen,both_have_targets,overall,protein_size_geomean,-0.0912420563824846,spearman,none,none,2048,2048,0,2048,1026,2023,360,19,360,19,ok,,
inductive,split_00,0,303,0,inductive_split_00_seed_303,seen_unseen,both_have_targets,positive,shared_protein_count,0.2837889595847452,spearman,none,none,880,880,0,880,858,861,102,19,102,19,ok,,
inductive,split_00,0,303,0,inductive_split_00_seed_303,seen_unseen,both_have_targets,positive,protein_jaccard,0.2856178677685702,spearman,none,none,880,880,0,880,858,861,102,19,102,19,ok,,
inductive,split_00,0,303,0,inductive_split_00_seed_303,seen_unseen,both_have_targets,positive,shared_target_count,0.4534867748751287,spearman,none,none,880,880,0,880,858,861,102,19,102,19,ok,,
inductive,split_00,0,303,0,inductive_split_00_seed_303,seen_unseen,both_have_targets,positive,biological_shared_protein_count,0.2837889595847452,spearman,none,none,880,880,0,880,858,861,102,19,102,19,ok,,
inductive,split_00,0,303,0,inductive_split_00_seed_303,seen_unseen,both_have_targets,positive,protein_size_geomean,0.1154312881850622,spearman,none,none,880,880,0,880,858,861,102,19,102,19,ok,,
inductive,split_00,0,303,0,inductive_split_00_seed_303,seen_unseen,both_have_targets,negative,shared_protein_count,-0.1834248386212843,spearman,none,none,1168,1168,0,1168,338,1164,258,0,258,0,ok,,
inductive,split_00,0,303,0,inductive_split_00_seed_303,seen_unseen,both_have_targets,negative,protein_jaccard,-0.0984181963838081,spearman,none,none,1168,1168,0,1168,338,1164,258,0,258,0,ok,,
inductive,split_00,0,303,0,inductive_split_00_seed_303,seen_unseen,both_have_targets,negative,shared_target_count,0.1597935424851856,spearman,none,none,1168,1168,0,1168,338,1164,258,0,258,0,ok,,
inductive,split_00,0,303,0,inductive_split_00_seed_303,seen_unseen,both_have_targets,negative,biological_shared_protein_count,-0.1834248386212843,spearman,none,none,1168,1168,0,1168,338,1164,258,0,258,0,ok,,
inductive,split_00,0,303,0,inductive_split_00_seed_303,seen_unseen,both_have_targets,negative,protein_size_geomean,-0.2789888104943601,spearman,none,none,1168,1168,0,1168,338,1164,258,0,258,0,ok,,
inductive,split_00,0,303,0,inductive_split_00_seed_303,unseen_unseen,all_pairs,overall,shared_protein_count,-0.2409337825318599,spearman,none,none,276,276,0,276,189,244,81,33,81,33,ok,,
inductive,split_00,0,303,0,inductive_split_00_seed_303,unseen_unseen,all_pairs,overall,protein_jaccard,-0.1692090772531558,spearman,none,none,273,276,3,273,187,244,78,30,81,33,ok,,
inductive,split_00,0,303,0,inductive_split_00_seed_303,unseen_unseen,all_pairs,overall,shared_target_count,0.1465444427845028,spearman,none,none,276,276,0,276,189,244,81,33,81,33,ok,,
inductive,split_00,0,303,0,inductive_split_00_seed_303,unseen_unseen,all_pairs,overall,biological_shared_protein_count,-0.2409337825318599,spearman,none,none,276,276,0,276,189,244,81,33,81,33,ok,,
inductive,split_00,0,303,0,inductive_split_00_seed_303,unseen_unseen,all_pairs,overall,protein_size_geomean,-0.3918706383607196,spearman,none,none,276,276,0,276,189,244,81,33,81,33,ok,,
inductive,split_00,0,303,0,inductive_split_00_seed_303,unseen_unseen,all_pairs,positive,shared_protein_count,-0.2971170551308418,spearman,none,none,138,138,0,138,166,106,46,33,46,33,ok,,
inductive,split_00,0,303,0,inductive_split_00_seed_303,unseen_unseen,all_pairs,positive,protein_jaccard,-0.2509185285315939,spearman,none,none,135,138,3,135,164,106,43,30,46,33,ok,,
inductive,split_00,0,303,0,inductive_split_00_seed_303,unseen_unseen,all_pairs,positive,shared_target_count,0.0311526913691895,spearman,none,none,138,138,0,138,166,106,46,33,46,33,ok,,
inductive,split_00,0,303,0,inductive_split_00_seed_303,unseen_unseen,all_pairs,positive,biological_shared_protein_count,-0.2971170551308418,spearman,none,none,138,138,0,138,166,106,46,33,46,33,ok,,
inductive,split_00,0,303,0,inductive_split_00_seed_303,unseen_unseen,all_pairs,positive,protein_size_geomean,-0.4752122606412867,spearman,none,none,138,138,0,138,166,106,46,33,46,33,ok,,
inductive,split_00,0,303,0,inductive_split_00_seed_303,unseen_unseen,all_pairs,negative,shared_protein_count,-0.2003930541244413,spearman,none,none,138,138,0,138,49,138,35,0,35,0,ok,,
inductive,split_00,0,303,0,inductive_split_00_seed_303,unseen_unseen,all_pairs,negative,protein_jaccard,-0.130921807084087,spearman,none,none,138,138,0,138,49,138,35,0,35,0,ok,,
inductive,split_00,0,303,0,inductive_split_00_seed_303,unseen_unseen,all_pairs,negative,shared_target_count,0.0925760868276631,spearman,none,none,138,138,0,138,49,138,35,0,35,0,ok,,
inductive,split_00,0,303,0,inductive_split_00_seed_303,unseen_unseen,all_pairs,negative,biological_shared_protein_count,-0.2003930541244413,spearman,none,none,138,138,0,138,49,138,35,0,35,0,ok,,
inductive,split_00,0,303,0,inductive_split_00_seed_303,unseen_unseen,all_pairs,negative,protein_size_geomean,-0.2534335947178346,spearman,none,none,138,138,0,138,49,138,35,0,35,0,ok,,
inductive,split_00,0,303,0,inductive_split_00_seed_303,unseen_unseen,both_have_targets,overall,shared_protein_count,0.0070830652859044,spearman,none,none,245,245,0,245,160,244,50,2,50,2,ok,,
inductive,split_00,0,303,0,inductive_split_00_seed_303,unseen_unseen,both_have_targets,overall,protein_jaccard,0.0793659188321377,spearman,none,none,245,245,0,245,160,244,50,2,50,2,ok,,
inductive,split_00,0,303,0,inductive_split_00_seed_303,unseen_unseen,both_have_targets,overall,shared_target_count,0.3173270540753089,spearman,none,none,245,245,0,245,160,244,50,2,50,2,ok,,
inductive,split_00,0,303,0,inductive_split_00_seed_303,unseen_unseen,both_have_targets,overall,biological_shared_protein_count,0.0070830652859044,spearman,none,none,245,245,0,245,160,244,50,2,50,2,ok,,
inductive,split_00,0,303,0,inductive_split_00_seed_303,unseen_unseen,both_have_targets,overall,protein_size_geomean,-0.1359845482026599,spearman,none,none,245,245,0,245,160,244,50,2,50,2,ok,,
inductive,split_00,0,303,0,inductive_split_00_seed_303,unseen_unseen,both_have_targets,positive,shared_protein_count,0.3164733471868411,spearman,none,none,107,107,0,107,135,106,15,2,15,2,ok,,
inductive,split_00,0,303,0,inductive_split_00_seed_303,unseen_unseen,both_have_targets,positive,protein_jaccard,0.3382909382946018,spearman,none,none,107,107,0,107,135,106,15,2,15,2,ok,,
inductive,split_00,0,303,0,inductive_split_00_seed_303,unseen_unseen,both_have_targets,positive,shared_target_count,0.4947749288241007,spearman,none,none,107,107,0,107,135,106,15,2,15,2,ok,,
inductive,split_00,0,303,0,inductive_split_00_seed_303,unseen_unseen,both_have_targets,positive,biological_shared_protein_count,0.3164733471868411,spearman,none,none,107,107,0,107,135,106,15,2,15,2,ok,,
inductive,split_00,0,303,0,inductive_split_00_seed_303,unseen_unseen,both_have_targets,positive,protein_size_geomean,0.0894026597438221,spearman,none,none,107,107,0,107,135,106,15,2,15,2,ok,,
inductive,split_00,0,303,0,inductive_split_00_seed_303,unseen_unseen,both_have_targets,negative,shared_protein_count,-0.2003930541244413,spearman,none,none,138,138,0,138,49,138,35,0,35,0,ok,,
inductive,split_00,0,303,0,inductive_split_00_seed_303,unseen_unseen,both_have_targets,negative,protein_jaccard,-0.130921807084087,spearman,none,none,138,138,0,138,49,138,35,0,35,0,ok,,
inductive,split_00,0,303,0,inductive_split_00_seed_303,unseen_unseen,both_have_targets,negative,shared_target_count,0.0925760868276631,spearman,none,none,138,138,0,138,49,138,35,0,35,0,ok,,
inductive,split_00,0,303,0,inductive_split_00_seed_303,unseen_unseen,both_have_targets,negative,biological_shared_protein_count,-0.2003930541244413,spearman,none,none,138,138,0,138,49,138,35,0,35,0,ok,,
inductive,split_00,0,303,0,inductive_split_00_seed_303,unseen_unseen,both_have_targets,negative,protein_size_geomean,-0.2534335947178346,spearman,none,none,138,138,0,138,49,138,35,0,35,0,ok,,
inductive,split_00,0,303,0,inductive_split_00_seed_303,seen_unseen,all_pairs,overall,shared_protein_count,0.0569459773565605,partial_spearman,n_proteins_a|n_proteins_b,endpoint_columns,2336,2336,0,2336,1254,2023,648,307,648,307,ok,3.0,2333.0
inductive,split_00,0,303,0,inductive_split_00_seed_303,seen_unseen,all_pairs,overall,shared_protein_count,0.2044211107098005,partial_spearman,n_proteins_a|n_proteins_b,unordered_minmax,2336,2336,0,2336,1254,2023,648,307,648,307,ok,3.0,2333.0
inductive,split_00,0,303,0,inductive_split_00_seed_303,seen_unseen,all_pairs,overall,biological_shared_protein_count,0.0569459773565605,partial_spearman,n_biological_proteins_a|n_biological_proteins_b,endpoint_columns,2336,2336,0,2336,1254,2023,648,307,648,307,ok,3.0,2333.0
inductive,split_00,0,303,0,inductive_split_00_seed_303,seen_unseen,all_pairs,overall,biological_shared_protein_count,0.2044211107098005,partial_spearman,n_biological_proteins_a|n_biological_proteins_b,unordered_minmax,2336,2336,0,2336,1254,2023,648,307,648,307,ok,3.0,2333.0
inductive,split_00,0,303,0,inductive_split_00_seed_303,seen_unseen,all_pairs,overall,shared_target_count,0.3550174142210051,partial_spearman,n_targets_a|n_targets_b,endpoint_columns,2336,2336,0,2336,1254,2023,648,307,648,307,ok,3.0,2333.0
inductive,split_00,0,303,0,inductive_split_00_seed_303,seen_unseen,all_pairs,overall,shared_target_count,0.4140848814620653,partial_spearman,n_targets_a|n_targets_b,unordered_minmax,2336,2336,0,2336,1254,2023,648,307,648,307,ok,3.0,2333.0
inductive,split_00,0,303,0,inductive_split_00_seed_303,seen_unseen,all_pairs,positive,shared_protein_count,-0.0221354707570561,partial_spearman,n_proteins_a|n_proteins_b,endpoint_columns,1168,1168,0,1168,1101,861,390,307,390,307,ok,3.0,1165.0
inductive,split_00,0,303,0,inductive_split_00_seed_303,seen_unseen,all_pairs,positive,shared_protein_count,0.2216556404940442,partial_spearman,n_proteins_a|n_proteins_b,unordered_minmax,1168,1168,0,1168,1101,861,390,307,390,307,ok,3.0,1165.0
inductive,split_00,0,303,0,inductive_split_00_seed_303,seen_unseen,all_pairs,positive,biological_shared_protein_count,-0.0221354707570561,partial_spearman,n_biological_proteins_a|n_biological_proteins_b,endpoint_columns,1168,1168,0,1168,1101,861,390,307,390,307,ok,3.0,1165.0
inductive,split_00,0,303,0,inductive_split_00_seed_303,seen_unseen,all_pairs,positive,biological_shared_protein_count,0.2216556404940442,partial_spearman,n_biological_proteins_a|n_biological_proteins_b,unordered_minmax,1168,1168,0,1168,1101,861,390,307,390,307,ok,3.0,1165.0
inductive,split_00,0,303,0,inductive_split_00_seed_303,seen_unseen,all_pairs,positive,shared_target_count,0.3535946127612566,partial_spearman,n_targets_a|n_targets_b,endpoint_columns,1168,1168,0,1168,1101,861,390,307,390,307,ok,3.0,1165.0
inductive,split_00,0,303,0,inductive_split_00_seed_303,seen_unseen,all_pairs,positive,shared_target_count,0.4662280247795825,partial_spearman,n_targets_a|n_targets_b,unordered_minmax,1168,1168,0,1168,1101,861,390,307,390,307,ok,3.0,1165.0
inductive,split_00,0,303,0,inductive_split_00_seed_303,seen_unseen,all_pairs,negative,shared_protein_count,0.0190506501378941,partial_spearman,n_proteins_a|n_proteins_b,endpoint_columns,1168,1168,0,1168,338,1164,258,0,258,0,ok,3.0,1165.0
inductive,split_00,0,303,0,inductive_split_00_seed_303,seen_unseen,all_pairs,negative,shared_protein_count,0.0442198078395513,partial_spearman,n_proteins_a|n_proteins_b,unordered_minmax,1168,1168,0,1168,338,1164,258,0,258,0,ok,3.0,1165.0
inductive,split_00,0,303,0,inductive_split_00_seed_303,seen_unseen,all_pairs,negative,biological_shared_protein_count,0.0190506501378941,partial_spearman,n_biological_proteins_a|n_biological_proteins_b,endpoint_columns,1168,1168,0,1168,338,1164,258,0,258,0,ok,3.0,1165.0
inductive,split_00,0,303,0,inductive_split_00_seed_303,seen_unseen,all_pairs,negative,biological_shared_protein_count,0.0442198078395513,partial_spearman,n_biological_proteins_a|n_biological_proteins_b,unordered_minmax,1168,1168,0,1168,338,1164,258,0,258,0,ok,3.0,1165.0
inductive,split_00,0,303,0,inductive_split_00_seed_303,seen_unseen,all_pairs,negative,shared_target_count,0.2163721018694159,partial_spearman,n_targets_a|n_targets_b,endpoint_columns,1168,1168,0,1168,338,1164,258,0,258,0,ok,3.0,1165.0
inductive,split_00,0,303,0,inductive_split_00_seed_303,seen_unseen,all_pairs,negative,shared_target_count,0.2263941142023339,partial_spearman,n_targets_a|n_targets_b,unordered_minmax,1168,1168,0,1168,338,1164,258,0,258,0,ok,3.0,1165.0
inductive,split_00,0,303,0,inductive_split_00_seed_303,seen_unseen,both_have_targets,overall,shared_protein_count,0.2065258469675597,partial_spearman,n_proteins_a|n_proteins_b,endpoint_columns,2048,2048,0,2048,1026,2023,360,19,360,19,ok,3.0,2045.0
inductive,split_00,0,303,0,inductive_split_00_seed_303,seen_unseen,both_have_targets,overall,shared_protein_count,0.2426597240295863,partial_spearman,n_proteins_a|n_proteins_b,unordered_minmax,2048,2048,0,2048,1026,2023,360,19,360,19,ok,3.0,2045.0
inductive,split_00,0,303,0,inductive_split_00_seed_303,seen_unseen,both_have_targets,overall,biological_shared_protein_count,0.2065258469675597,partial_spearman,n_biological_proteins_a|n_biological_proteins_b,endpoint_columns,2048,2048,0,2048,1026,2023,360,19,360,19,ok,3.0,2045.0
inductive,split_00,0,303,0,inductive_split_00_seed_303,seen_unseen,both_have_targets,overall,biological_shared_protein_count,0.2426597240295863,partial_spearman,n_biological_proteins_a|n_biological_proteins_b,unordered_minmax,2048,2048,0,2048,1026,2023,360,19,360,19,ok,3.0,2045.0
inductive,split_00,0,303,0,inductive_split_00_seed_303,seen_unseen,both_have_targets,overall,shared_target_count,0.4010083826812358,partial_spearman,n_targets_a|n_targets_b,endpoint_columns,2048,2048,0,2048,1026,2023,360,19,360,19,ok,3.0,2045.0
inductive,split_00,0,303,0,inductive_split_00_seed_303,seen_unseen,both_have_targets,overall,shared_target_count,0.4158435654639386,partial_spearman,n_targets_a|n_targets_b,unordered_minmax,2048,2048,0,2048,1026,2023,360,19,360,19,ok,3.0,2045.0
inductive,split_00,0,303,0,inductive_split_00_seed_303,seen_unseen,both_have_targets,positive,shared_protein_count,0.314745796246868,partial_spearman,n_proteins_a|n_proteins_b,endpoint_columns,880,880,0,880,858,861,102,19,102,19,ok,3.0,877.0
inductive,split_00,0,303,0,inductive_split_00_seed_303,seen_unseen,both_have_targets,positive,shared_protein_count,0.3577347569783661,partial_spearman,n_proteins_a|n_proteins_b,unordered_minmax,880,880,0,880,858,861,102,19,102,19,ok,3.0,877.0
inductive,split_00,0,303,0,inductive_split_00_seed_303,seen_unseen,both_have_targets,positive,biological_shared_protein_count,0.314745796246868,partial_spearman,n_biological_proteins_a|n_biological_proteins_b,endpoint_columns,880,880,0,880,858,861,102,19,102,19,ok,3.0,877.0
inductive,split_00,0,303,0,inductive_split_00_seed_303,seen_unseen,both_have_targets,positive,biological_shared_protein_count,0.3577347569783661,partial_spearman,n_biological_proteins_a|n_biological_proteins_b,unordered_minmax,880,880,0,880,858,861,102,19,102,19,ok,3.0,877.0
inductive,split_00,0,303,0,inductive_split_00_seed_303,seen_unseen,both_have_targets,positive,shared_target_count,0.4790005133689855,partial_spearman,n_targets_a|n_targets_b,endpoint_columns,880,880,0,880,858,861,102,19,102,19,ok,3.0,877.0
inductive,split_00,0,303,0,inductive_split_00_seed_303,seen_unseen,both_have_targets,positive,shared_target_count,0.5005803251914107,partial_spearman,n_targets_a|n_targets_b,unordered_minmax,880,880,0,880,858,861,102,19,102,19,ok,3.0,877.0
inductive,split_00,0,303,0,inductive_split_00_seed_303,seen_unseen,both_have_targets,negative,shared_protein_count,0.0190506501378941,partial_spearman,n_proteins_a|n_proteins_b,endpoint_columns,1168,1168,0,1168,338,1164,258,0,258,0,ok,3.0,1165.0
inductive,split_00,0,303,0,inductive_split_00_seed_303,seen_unseen,both_have_targets,negative,shared_protein_count,0.0442198078395513,partial_spearman,n_proteins_a|n_proteins_b,unordered_minmax,1168,1168,0,1168,338,1164,258,0,258,0,ok,3.0,1165.0
inductive,split_00,0,303,0,inductive_split_00_seed_303,seen_unseen,both_have_targets,negative,biological_shared_protein_count,0.0190506501378941,partial_spearman,n_biological_proteins_a|n_biological_proteins_b,endpoint_columns,1168,1168,0,1168,338,1164,258,0,258,0,ok,3.0,1165.0
inductive,split_00,0,303,0,inductive_split_00_seed_303,seen_unseen,both_have_targets,negative,biological_shared_protein_count,0.0442198078395513,partial_spearman,n_biological_proteins_a|n_biological_proteins_b,unordered_minmax,1168,1168,0,1168,338,1164,258,0,258,0,ok,3.0,1165.0
inductive,split_00,0,303,0,inductive_split_00_seed_303,seen_unseen,both_have_targets,negative,shared_target_count,0.2163721018694159,partial_spearman,n_targets_a|n_targets_b,endpoint_columns,1168,1168,0,1168,338,1164,258,0,258,0,ok,3.0,1165.0
inductive,split_00,0,303,0,inductive_split_00_seed_303,seen_unseen,both_have_targets,negative,shared_target_count,0.2263941142023339,partial_spearman,n_targets_a|n_targets_b,unordered_minmax,1168,1168,0,1168,338,1164,258,0,258,0,ok,3.0,1165.0
inductive,split_00,0,303,0,inductive_split_00_seed_303,unseen_unseen,all_pairs,overall,shared_protein_count,-0.024669141177295,partial_spearman,n_proteins_a|n_proteins_b,endpoint_columns,276,276,0,276,189,244,81,33,81,33,ok,3.0,273.0
inductive,split_00,0,303,0,inductive_split_00_seed_303,unseen_unseen,all_pairs,overall,shared_protein_count,0.1752485150025773,partial_spearman,n_proteins_a|n_proteins_b,unordered_minmax,276,276,0,276,189,244,81,33,81,33,ok,3.0,273.0
inductive,split_00,0,303,0,inductive_split_00_seed_303,unseen_unseen,all_pairs,overall,biological_shared_protein_count,-0.024669141177295,partial_spearman,n_biological_proteins_a|n_biological_proteins_b,endpoint_columns,276,276,0,276,189,244,81,33,81,33,ok,3.0,273.0
inductive,split_00,0,303,0,inductive_split_00_seed_303,unseen_unseen,all_pairs,overall,biological_shared_protein_count,0.1752485150025773,partial_spearman,n_biological_proteins_a|n_biological_proteins_b,unordered_minmax,276,276,0,276,189,244,81,33,81,33,ok,3.0,273.0
inductive,split_00,0,303,0,inductive_split_00_seed_303,unseen_unseen,all_pairs,overall,shared_target_count,0.3063394876700545,partial_spearman,n_targets_a|n_targets_b,endpoint_columns,276,276,0,276,189,244,81,33,81,33,ok,3.0,273.0
inductive,split_00,0,303,0,inductive_split_00_seed_303,unseen_unseen,all_pairs,overall,shared_target_count,0.3928358705362057,partial_spearman,n_targets_a|n_targets_b,unordered_minmax,276,276,0,276,189,244,81,33,81,33,ok,3.0,273.0
inductive,split_00,0,303,0,inductive_split_00_seed_303,unseen_unseen,all_pairs,positive,shared_protein_count,-0.0306823567413414,partial_spearman,n_proteins_a|n_proteins_b,endpoint_columns,138,138,0,138,166,106,46,33,46,33,ok,3.0,135.0
inductive,split_00,0,303,0,inductive_split_00_seed_303,unseen_unseen,all_pairs,positive,shared_protein_count,0.2578898809598519,partial_spearman,n_proteins_a|n_proteins_b,unordered_minmax,138,138,0,138,166,106,46,33,46,33,ok,3.0,135.0
inductive,split_00,0,303,0,inductive_split_00_seed_303,unseen_unseen,all_pairs,positive,biological_shared_protein_count,-0.0306823567413414,partial_spearman,n_biological_proteins_a|n_biological_proteins_b,endpoint_columns,138,138,0,138,166,106,46,33,46,33,ok,3.0,135.0
inductive,split_00,0,303,0,inductive_split_00_seed_303,unseen_unseen,all_pairs,positive,biological_shared_protein_count,0.2578898809598519,partial_spearman,n_biological_proteins_a|n_biological_proteins_b,unordered_minmax,138,138,0,138,166,106,46,33,46,33,ok,3.0,135.0
inductive,split_00,0,303,0,inductive_split_00_seed_303,unseen_unseen,all_pairs,positive,shared_target_count,0.3237153787289835,partial_spearman,n_targets_a|n_targets_b,endpoint_columns,138,138,0,138,166,106,46,33,46,33,ok,3.0,135.0
inductive,split_00,0,303,0,inductive_split_00_seed_303,unseen_unseen,all_pairs,positive,shared_target_count,0.4981235819651691,partial_spearman,n_targets_a|n_targets_b,unordered_minmax,138,138,0,138,166,106,46,33,46,33,ok,3.0,135.0
inductive,split_00,0,303,0,inductive_split_00_seed_303,unseen_unseen,all_pairs,negative,shared_protein_count,-0.1007175580136646,partial_spearman,n_proteins_a|n_proteins_b,endpoint_columns,138,138,0,138,49,138,35,0,35,0,ok,3.0,135.0
inductive,split_00,0,303,0,inductive_split_00_seed_303,unseen_unseen,all_pairs,negative,shared_protein_count,-0.0333155173208353,partial_spearman,n_proteins_a|n_proteins_b,unordered_minmax,138,138,0,138,49,138,35,0,35,0,ok,3.0,135.0
inductive,split_00,0,303,0,inductive_split_00_seed_303,unseen_unseen,all_pairs,negative,biological_shared_protein_count,-0.1007175580136646,partial_spearman,n_biological_proteins_a|n_biological_proteins_b,endpoint_columns,138,138,0,138,49,138,35,0,35,0,ok,3.0,135.0
inductive,split_00,0,303,0,inductive_split_00_seed_303,unseen_unseen,all_pairs,negative,biological_shared_protein_count,-0.0333155173208353,partial_spearman,n_biological_proteins_a|n_biological_proteins_b,unordered_minmax,138,138,0,138,49,138,35,0,35,0,ok,3.0,135.0
inductive,split_00,0,303,0,inductive_split_00_seed_303,unseen_unseen,all_pairs,negative,shared_target_count,0.1834603403168705,partial_spearman,n_targets_a|n_targets_b,endpoint_columns,138,138,0,138,49,138,35,0,35,0,ok,3.0,135.0
inductive,split_00,0,303,0,inductive_split_00_seed_303,unseen_unseen,all_pairs,negative,shared_target_count,0.1803152627831067,partial_spearman,n_targets_a|n_targets_b,unordered_minmax,138,138,0,138,49,138,35,0,35,0,ok,3.0,135.0
inductive,split_00,0,303,0,inductive_split_00_seed_303,unseen_unseen,both_have_targets,overall,shared_protein_count,0.1388224677488924,partial_spearman,n_proteins_a|n_proteins_b,endpoint_columns,245,245,0,245,160,244,50,2,50,2,ok,3.0,242.0
inductive,split_00,0,303,0,inductive_split_00_seed_303,unseen_unseen,both_have_targets,overall,shared_protein_count,0.2007185287963941,partial_spearman,n_proteins_a|n_proteins_b,unordered_minmax,245,245,0,245,160,244,50,2,50,2,ok,3.0,242.0
inductive,split_00,0,303,0,inductive_split_00_seed_303,unseen_unseen,both_have_targets,overall,biological_shared_protein_count,0.1388224677488924,partial_spearman,n_biological_proteins_a|n_biological_proteins_b,endpoint_columns,245,245,0,245,160,244,50,2,50,2,ok,3.0,242.0
inductive,split_00,0,303,0,inductive_split_00_seed_303,unseen_unseen,both_have_targets,overall,biological_shared_protein_count,0.2007185287963941,partial_spearman,n_biological_proteins_a|n_biological_proteins_b,unordered_minmax,245,245,0,245,160,244,50,2,50,2,ok,3.0,242.0
inductive,split_00,0,303,0,inductive_split_00_seed_303,unseen_unseen,both_have_targets,overall,shared_target_count,0.3782099557826324,partial_spearman,n_targets_a|n_targets_b,endpoint_columns,245,245,0,245,160,244,50,2,50,2,ok,3.0,242.0
inductive,split_00,0,303,0,inductive_split_00_seed_303,unseen_unseen,both_have_targets,overall,shared_target_count,0.3950205546210885,partial_spearman,n_targets_a|n_targets_b,unordered_minmax,245,245,0,245,160,244,50,2,50,2,ok,3.0,242.0
inductive,split_00,0,303,0,inductive_split_00_seed_303,unseen_unseen,both_have_targets,positive,shared_protein_count,0.3767906002072966,partial_spearman,n_proteins_a|n_proteins_b,endpoint_columns,107,107,0,107,135,106,15,2,15,2,ok,3.0,104.0
inductive,split_00,0,303,0,inductive_split_00_seed_303,unseen_unseen,both_have_targets,positive,shared_protein_count,0.4098751591387901,partial_spearman,n_proteins_a|n_proteins_b,unordered_minmax,107,107,0,107,135,106,15,2,15,2,ok,3.0,104.0
inductive,split_00,0,303,0,inductive_split_00_seed_303,unseen_unseen,both_have_targets,positive,biological_shared_protein_count,0.3767906002072966,partial_spearman,n_biological_proteins_a|n_biological_proteins_b,endpoint_columns,107,107,0,107,135,106,15,2,15,2,ok,3.0,104.0
inductive,split_00,0,303,0,inductive_split_00_seed_303,unseen_unseen,both_have_targets,positive,biological_shared_protein_count,0.4098751591387901,partial_spearman,n_biological_proteins_a|n_biological_proteins_b,unordered_minmax,107,107,0,107,135,106,15,2,15,2,ok,3.0,104.0
inductive,split_00,0,303,0,inductive_split_00_seed_303,unseen_unseen,both_have_targets,positive,shared_target_count,0.5440447900112141,partial_spearman,n_targets_a|n_targets_b,endpoint_columns,107,107,0,107,135,106,15,2,15,2,ok,3.0,104.0
inductive,split_00,0,303,0,inductive_split_00_seed_303,unseen_unseen,both_have_targets,positive,shared_target_count,0.5718178504549678,partial_spearman,n_targets_a|n_targets_b,unordered_minmax,107,107,0,107,135,106,15,2,15,2,ok,3.0,104.0
inductive,split_00,0,303,0,inductive_split_00_seed_303,unseen_unseen,both_have_targets,negative,shared_protein_count,-0.1007175580136646,partial_spearman,n_proteins_a|n_proteins_b,endpoint_columns,138,138,0,138,49,138,35,0,35,0,ok,3.0,135.0
inductive,split_00,0,303,0,inductive_split_00_seed_303,unseen_unseen,both_have_targets,negative,shared_protein_count,-0.0333155173208353,partial_spearman,n_proteins_a|n_proteins_b,unordered_minmax,138,138,0,138,49,138,35,0,35,0,ok,3.0,135.0
inductive,split_00,0,303,0,inductive_split_00_seed_303,unseen_unseen,both_have_targets,negative,biological_shared_protein_count,-0.1007175580136646,partial_spearman,n_biological_proteins_a|n_biological_proteins_b,endpoint_columns,138,138,0,138,49,138,35,0,35,0,ok,3.0,135.0
inductive,split_00,0,303,0,inductive_split_00_seed_303,unseen_unseen,both_have_targets,negative,biological_shared_protein_count,-0.0333155173208353,partial_spearman,n_biological_proteins_a|n_biological_proteins_b,unordered_minmax,138,138,0,138,49,138,35,0,35,0,ok,3.0,135.0
inductive,split_00,0,303,0,inductive_split_00_seed_303,unseen_unseen,both_have_targets,negative,shared_target_count,0.1834603403168705,partial_spearman,n_targets_a|n_targets_b,endpoint_columns,138,138,0,138,49,138,35,0,35,0,ok,3.0,135.0
inductive,split_00,0,303,0,inductive_split_00_seed_303,unseen_unseen,both_have_targets,negative,shared_target_count,0.1803152627831067,partial_spearman,n_targets_a|n_targets_b,unordered_minmax,138,138,0,138,49,138,35,0,35,0,ok,3.0,135.0
inductive,split_00,0,303,0,inductive_split_00_seed_303,seen_unseen,all_pairs,overall,biological_shared_protein_count,0.1675237098636665,partial_spearman,n_biological_proteins_a|n_biological_proteins_b|either_biological_size_zero,endpoint_columns_plus_zero,2336,2336,0,2336,1254,2023,648,307,648,307,ok,4.0,2332.0
inductive,split_00,0,303,0,inductive_split_00_seed_303,seen_unseen,all_pairs,overall,biological_shared_protein_count,0.2041815000046141,partial_spearman,n_biological_proteins_a|n_biological_proteins_b|either_biological_size_zero,unordered_minmax_plus_zero,2336,2336,0,2336,1254,2023,648,307,648,307,ok,4.0,2332.0
inductive,split_00,0,303,0,inductive_split_00_seed_303,unseen_unseen,all_pairs,overall,biological_shared_protein_count,0.1026885317596043,partial_spearman,n_biological_proteins_a|n_biological_proteins_b|either_biological_size_zero,endpoint_columns_plus_zero,276,276,0,276,189,244,81,33,81,33,ok,4.0,272.0
inductive,split_00,0,303,0,inductive_split_00_seed_303,unseen_unseen,all_pairs,overall,biological_shared_protein_count,0.1669945105412118,partial_spearman,n_biological_proteins_a|n_biological_proteins_b|either_biological_size_zero,unordered_minmax_plus_zero,276,276,0,276,189,244,81,33,81,33,ok,4.0,272.0
inductive,split_01,1,101,0,inductive_split_01_seed_101,seen_unseen,all_pairs,overall,shared_protein_count,-0.1779176236466348,spearman,none,none,1510,1510,0,1510,1001,1287,370,220,370,220,ok,,
inductive,split_01,1,101,0,inductive_split_01_seed_101,seen_unseen,all_pairs,overall,protein_jaccard,-0.0892982625621904,spearman,none,none,1484,1510,26,1484,979,1287,344,194,370,220,ok,,
inductive,split_01,1,101,0,inductive_split_01_seed_101,seen_unseen,all_pairs,overall,shared_target_count,0.2019321865807058,spearman,none,none,1510,1510,0,1510,1001,1287,370,220,370,220,ok,,
inductive,split_01,1,101,0,inductive_split_01_seed_101,seen_unseen,all_pairs,overall,biological_shared_protein_count,-0.1779176236466348,spearman,none,none,1510,1510,0,1510,1001,1287,370,220,370,220,ok,,
inductive,split_01,1,101,0,inductive_split_01_seed_101,seen_unseen,all_pairs,overall,protein_size_geomean,-0.3550643048880231,spearman,none,none,1510,1510,0,1510,1001,1287,370,220,370,220,ok,,
inductive,split_01,1,101,0,inductive_split_01_seed_101,seen_unseen,all_pairs,positive,shared_protein_count,-0.4419319459194732,spearman,none,none,755,755,0,755,865,534,274,220,274,220,ok,,
inductive,split_01,1,101,0,inductive_split_01_seed_101,seen_unseen,all_pairs,positive,protein_jaccard,-0.3802033581826573,spearman,none,none,729,755,26,729,843,534,248,194,274,220,ok,,
inductive,split_01,1,101,0,inductive_split_01_seed_101,seen_unseen,all_pairs,positive,shared_target_count,-0.104970995696765,spearman,none,none,755,755,0,755,865,534,274,220,274,220,ok,,
inductive,split_01,1,101,0,inductive_split_01_seed_101,seen_unseen,all_pairs,positive,biological_shared_protein_count,-0.4419319459194732,spearman,none,none,755,755,0,755,865,534,274,220,274,220,ok,,
inductive,split_01,1,101,0,inductive_split_01_seed_101,seen_unseen,all_pairs,positive,protein_size_geomean,-0.6006030370788226,spearman,none,none,755,755,0,755,865,534,274,220,274,220,ok,,
inductive,split_01,1,101,0,inductive_split_01_seed_101,seen_unseen,all_pairs,negative,shared_protein_count,0.0731475563015037,spearman,none,none,755,755,0,755,258,754,96,0,96,0,ok,,
inductive,split_01,1,101,0,inductive_split_01_seed_101,seen_unseen,all_pairs,negative,protein_jaccard,0.1782006662698612,spearman,none,none,755,755,0,755,258,754,96,0,96,0,ok,,
inductive,split_01,1,101,0,inductive_split_01_seed_101,seen_unseen,all_pairs,negative,shared_target_count,0.3282801859917473,spearman,none,none,755,755,0,755,258,754,96,0,96,0,ok,,
inductive,split_01,1,101,0,inductive_split_01_seed_101,seen_unseen,all_pairs,negative,biological_shared_protein_count,0.0731475563015037,spearman,none,none,755,755,0,755,258,754,96,0,96,0,ok,,
inductive,split_01,1,101,0,inductive_split_01_seed_101,seen_unseen,all_pairs,negative,protein_size_geomean,-0.0605234089004222,spearman,none,none,755,755,0,755,258,754,96,0,96,0,ok,,
inductive,split_01,1,101,0,inductive_split_01_seed_101,seen_unseen,both_have_targets,overall,shared_protein_count,0.2166918633446459,spearman,none,none,1297,1297,0,1297,792,1287,157,7,157,7,ok,,
inductive,split_01,1,101,0,inductive_split_01_seed_101,seen_unseen,both_have_targets,overall,protein_jaccard,0.2943097105396772,spearman,none,none,1297,1297,0,1297,792,1287,157,7,157,7,ok,,
inductive,split_01,1,101,0,inductive_split_01_seed_101,seen_unseen,both_have_targets,overall,shared_target_count,0.4664394823068118,spearman,none,none,1297,1297,0,1297,792,1287,157,7,157,7,ok,,
inductive,split_01,1,101,0,inductive_split_01_seed_101,seen_unseen,both_have_targets,overall,biological_shared_protein_count,0.2166918633446459,spearman,none,none,1297,1297,0,1297,792,1287,157,7,157,7,ok,,
inductive,split_01,1,101,0,inductive_split_01_seed_101,seen_unseen,both_have_targets,overall,protein_size_geomean,0.0117680054056736,spearman,none,none,1297,1297,0,1297,792,1287,157,7,157,7,ok,,
inductive,split_01,1,101,0,inductive_split_01_seed_101,seen_unseen,both_have_targets,positive,shared_protein_count,0.2680581068576946,spearman,none,none,542,542,0,542,643,534,61,7,61,7,ok,,
inductive,split_01,1,101,0,inductive_split_01_seed_101,seen_unseen,both_have_targets,positive,protein_jaccard,0.30593006365602,spearman,none,none,542,542,0,542,643,534,61,7,61,7,ok,,
inductive,split_01,1,101,0,inductive_split_01_seed_101,seen_unseen,both_have_targets,positive,shared_target_count,0.4411716568637574,spearman,none,none,542,542,0,542,643,534,61,7,61,7,ok,,
inductive,split_01,1,101,0,inductive_split_01_seed_101,seen_unseen,both_have_targets,positive,biological_shared_protein_count,0.2680581068576946,spearman,none,none,542,542,0,542,643,534,61,7,61,7,ok,,
inductive,split_01,1,101,0,inductive_split_01_seed_101,seen_unseen,both_have_targets,positive,protein_size_geomean,0.0357185756185222,spearman,none,none,542,542,0,542,643,534,61,7,61,7,ok,,
inductive,split_01,1,101,0,inductive_split_01_seed_101,seen_unseen,both_have_targets,negative,shared_protein_count,0.0731475563015037,spearman,none,none,755,755,0,755,258,754,96,0,96,0,ok,,
inductive,split_01,1,101,0,inductive_split_01_seed_101,seen_unseen,both_have_targets,negative,protein_jaccard,0.1782006662698612,spearman,none,none,755,755,0,755,258,754,96,0,96,0,ok,,
inductive,split_01,1,101,0,inductive_split_01_seed_101,seen_unseen,both_have_targets,negative,shared_target_count,0.3282801859917473,spearman,none,none,755,755,0,755,258,754,96,0,96,0,ok,,
inductive,split_01,1,101,0,inductive_split_01_seed_101,seen_unseen,both_have_targets,negative,biological_shared_protein_count,0.0731475563015037,spearman,none,none,755,755,0,755,258,754,96,0,96,0,ok,,
inductive,split_01,1,101,0,inductive_split_01_seed_101,seen_unseen,both_have_targets,negative,protein_size_geomean,-0.0605234089004222,spearman,none,none,755,755,0,755,258,754,96,0,96,0,ok,,
inductive,split_01,1,101,0,inductive_split_01_seed_101,unseen_unseen,all_pairs,overall,shared_protein_count,-0.1563408985456859,spearman,none,none,118,118,0,118,115,103,25,16,25,16,ok,,
inductive,split_01,1,101,0,inductive_split_01_seed_101,unseen_unseen,all_pairs,overall,protein_jaccard,-0.0991963452942731,spearman,none,none,117,118,1,117,114,103,24,15,25,16,ok,,
inductive,split_01,1,101,0,inductive_split_01_seed_101,unseen_unseen,all_pairs,overall,shared_target_count,0.1872273977843777,spearman,none,none,118,118,0,118,115,103,25,16,25,16,ok,,
inductive,split_01,1,101,0,inductive_split_01_seed_101,unseen_unseen,all_pairs,overall,biological_shared_protein_count,-0.1563408985456859,spearman,none,none,118,118,0,118,115,103,25,16,25,16,ok,,
inductive,split_01,1,101,0,inductive_split_01_seed_101,unseen_unseen,all_pairs,overall,protein_size_geomean,-0.3159496006610001,spearman,none,none,118,118,0,118,115,103,25,16,25,16,ok,,
inductive,split_01,1,101,0,inductive_split_01_seed_101,unseen_unseen,all_pairs,positive,shared_protein_count,-0.4462510875106665,spearman,none,none,59,59,0,59,95,44,19,16,19,16,ok,,
inductive,split_01,1,101,0,inductive_split_01_seed_101,unseen_unseen,all_pairs,positive,protein_jaccard,-0.4049289398085176,spearman,none,none,58,59,1,58,94,44,18,15,19,16,ok,,
inductive,split_01,1,101,0,inductive_split_01_seed_101,unseen_unseen,all_pairs,positive,shared_target_count,-0.1762664470315194,spearman,none,none,59,59,0,59,95,44,19,16,19,16,ok,,
inductive,split_01,1,101,0,inductive_split_01_seed_101,unseen_unseen,all_pairs,positive,biological_shared_protein_count,-0.4462510875106665,spearman,none,none,59,59,0,59,95,44,19,16,19,16,ok,,
inductive,split_01,1,101,0,inductive_split_01_seed_101,unseen_unseen,all_pairs,positive,protein_size_geomean,-0.5923673225998808,spearman,none,none,59,59,0,59,95,44,19,16,19,16,ok,,
inductive,split_01,1,101,0,inductive_split_01_seed_101,unseen_unseen,all_pairs,negative,shared_protein_count,0.2011951048094014,spearman,none,none,59,59,0,59,38,59,6,0,6,0,ok,,
inductive,split_01,1,101,0,inductive_split_01_seed_101,unseen_unseen,all_pairs,negative,protein_jaccard,0.2958263672076093,spearman,none,none,59,59,0,59,38,59,6,0,6,0,ok,,
inductive,split_01,1,101,0,inductive_split_01_seed_101,unseen_unseen,all_pairs,negative,shared_target_count,0.4980045615838324,spearman,none,none,59,59,0,59,38,59,6,0,6,0,ok,,
inductive,split_01,1,101,0,inductive_split_01_seed_101,unseen_unseen,all_pairs,negative,biological_shared_protein_count,0.2011951048094014,spearman,none,none,59,59,0,59,38,59,6,0,6,0,ok,,
inductive,split_01,1,101,0,inductive_split_01_seed_101,unseen_unseen,all_pairs,negative,protein_size_geomean,0.0492109877264757,spearman,none,none,59,59,0,59,38,59,6,0,6,0,ok,,
inductive,split_01,1,101,0,inductive_split_01_seed_101,unseen_unseen,both_have_targets,overall,shared_protein_count,0.2556981007182287,spearman,none,none,102,102,0,102,95,102,9,0,9,0,ok,,
inductive,split_01,1,101,0,inductive_split_01_seed_101,unseen_unseen,both_have_targets,overall,protein_jaccard,0.3120934627773329,spearman,none,none,102,102,0,102,95,102,9,0,9,0,ok,,
inductive,split_01,1,101,0,inductive_split_01_seed_101,unseen_unseen,both_have_targets,overall,shared_target_count,0.4641360957029099,spearman,none,none,102,102,0,102,95,102,9,0,9,0,ok,,
inductive,split_01,1,101,0,inductive_split_01_seed_101,unseen_unseen,both_have_targets,overall,biological_shared_protein_count,0.2556981007182287,spearman,none,none,102,102,0,102,95,102,9,0,9,0,ok,,
inductive,split_01,1,101,0,inductive_split_01_seed_101,unseen_unseen,both_have_targets,overall,protein_size_geomean,0.0564883899114784,spearman,none,none,102,102,0,102,95,102,9,0,9,0,ok,,
inductive,split_01,1,101,0,inductive_split_01_seed_101,unseen_unseen,both_have_targets,positive,shared_protein_count,0.2699415340217592,spearman,none,none,43,43,0,43,71,43,3,0,3,0,ok,,
inductive,split_01,1,101,0,inductive_split_01_seed_101,unseen_unseen,both_have_targets,positive,protein_jaccard,0.3115843563706399,spearman,none,none,43,43,0,43,71,43,3,0,3,0,ok,,
inductive,split_01,1,101,0,inductive_split_01_seed_101,unseen_unseen,both_have_targets,positive,shared_target_count,0.3487366024896486,spearman,none,none,43,43,0,43,71,43,3,0,3,0,ok,,
inductive,split_01,1,101,0,inductive_split_01_seed_101,unseen_unseen,both_have_targets,positive,biological_shared_protein_count,0.2699415340217592,spearman,none,none,43,43,0,43,71,43,3,0,3,0,ok,,
inductive,split_01,1,101,0,inductive_split_01_seed_101,unseen_unseen,both_have_targets,positive,protein_size_geomean,0.0323165206886137,spearman,none,none,43,43,0,43,71,43,3,0,3,0,ok,,
inductive,split_01,1,101,0,inductive_split_01_seed_101,unseen_unseen,both_have_targets,negative,shared_protein_count,0.2011951048094014,spearman,none,none,59,59,0,59,38,59,6,0,6,0,ok,,
inductive,split_01,1,101,0,inductive_split_01_seed_101,unseen_unseen,both_have_targets,negative,protein_jaccard,0.2958263672076093,spearman,none,none,59,59,0,59,38,59,6,0,6,0,ok,,
inductive,split_01,1,101,0,inductive_split_01_seed_101,unseen_unseen,both_have_targets,negative,shared_target_count,0.4980045615838324,spearman,none,none,59,59,0,59,38,59,6,0,6,0,ok,,
inductive,split_01,1,101,0,inductive_split_01_seed_101,unseen_unseen,both_have_targets,negative,biological_shared_protein_count,0.2011951048094014,spearman,none,none,59,59,0,59,38,59,6,0,6,0,ok,,
inductive,split_01,1,101,0,inductive_split_01_seed_101,unseen_unseen,both_have_targets,negative,protein_size_geomean,0.0492109877264757,spearman,none,none,59,59,0,59,38,59,6,0,6,0,ok,,
inductive,split_01,1,101,0,inductive_split_01_seed_101,seen_unseen,all_pairs,overall,shared_protein_count,0.1127559411709521,partial_spearman,n_proteins_a|n_proteins_b,endpoint_columns,1510,1510,0,1510,1001,1287,370,220,370,220,ok,3.0,1507.0
inductive,split_01,1,101,0,inductive_split_01_seed_101,seen_unseen,all_pairs,overall,shared_protein_count,0.2484670063421629,partial_spearman,n_proteins_a|n_proteins_b,unordered_minmax,1510,1510,0,1510,1001,1287,370,220,370,220,ok,3.0,1507.0
inductive,split_01,1,101,0,inductive_split_01_seed_101,seen_unseen,all_pairs,overall,biological_shared_protein_count,0.1127559411709521,partial_spearman,n_biological_proteins_a|n_biological_proteins_b,endpoint_columns,1510,1510,0,1510,1001,1287,370,220,370,220,ok,3.0,1507.0
inductive,split_01,1,101,0,inductive_split_01_seed_101,seen_unseen,all_pairs,overall,biological_shared_protein_count,0.2484670063421629,partial_spearman,n_biological_proteins_a|n_biological_proteins_b,unordered_minmax,1510,1510,0,1510,1001,1287,370,220,370,220,ok,3.0,1507.0
inductive,split_01,1,101,0,inductive_split_01_seed_101,seen_unseen,all_pairs,overall,shared_target_count,0.3367084630275063,partial_spearman,n_targets_a|n_targets_b,endpoint_columns,1510,1510,0,1510,1001,1287,370,220,370,220,ok,3.0,1507.0
inductive,split_01,1,101,0,inductive_split_01_seed_101,seen_unseen,all_pairs,overall,shared_target_count,0.3882676547904985,partial_spearman,n_targets_a|n_targets_b,unordered_minmax,1510,1510,0,1510,1001,1287,370,220,370,220,ok,3.0,1507.0
inductive,split_01,1,101,0,inductive_split_01_seed_101,seen_unseen,all_pairs,positive,shared_protein_count,-0.0178436997272423,partial_spearman,n_proteins_a|n_proteins_b,endpoint_columns,755,755,0,755,865,534,274,220,274,220,ok,3.0,752.0
inductive,split_01,1,101,0,inductive_split_01_seed_101,seen_unseen,all_pairs,positive,shared_protein_count,0.2889211356430154,partial_spearman,n_proteins_a|n_proteins_b,unordered_minmax,755,755,0,755,865,534,274,220,274,220,ok,3.0,752.0
inductive,split_01,1,101,0,inductive_split_01_seed_101,seen_unseen,all_pairs,positive,biological_shared_protein_count,-0.0178436997272423,partial_spearman,n_biological_proteins_a|n_biological_proteins_b,endpoint_columns,755,755,0,755,865,534,274,220,274,220,ok,3.0,752.0
inductive,split_01,1,101,0,inductive_split_01_seed_101,seen_unseen,all_pairs,positive,biological_shared_protein_count,0.2889211356430154,partial_spearman,n_biological_proteins_a|n_biological_proteins_b,unordered_minmax,755,755,0,755,865,534,274,220,274,220,ok,3.0,752.0
inductive,split_01,1,101,0,inductive_split_01_seed_101,seen_unseen,all_pairs,positive,shared_target_count,0.2899339185993834,partial_spearman,n_targets_a|n_targets_b,endpoint_columns,755,755,0,755,865,534,274,220,274,220,ok,3.0,752.0
inductive,split_01,1,101,0,inductive_split_01_seed_101,seen_unseen,all_pairs,positive,shared_target_count,0.4370603096360266,partial_spearman,n_targets_a|n_targets_b,unordered_minmax,755,755,0,755,865,534,274,220,274,220,ok,3.0,752.0
inductive,split_01,1,101,0,inductive_split_01_seed_101,seen_unseen,all_pairs,negative,shared_protein_count,0.2306624020468984,partial_spearman,n_proteins_a|n_proteins_b,endpoint_columns,755,755,0,755,258,754,96,0,96,0,ok,3.0,752.0
inductive,split_01,1,101,0,inductive_split_01_seed_101,seen_unseen,all_pairs,negative,shared_protein_count,0.2213345013395397,partial_spearman,n_proteins_a|n_proteins_b,unordered_minmax,755,755,0,755,258,754,96,0,96,0,ok,3.0,752.0
inductive,split_01,1,101,0,inductive_split_01_seed_101,seen_unseen,all_pairs,negative,biological_shared_protein_count,0.2306624020468984,partial_spearman,n_biological_proteins_a|n_biological_proteins_b,endpoint_columns,755,755,0,755,258,754,96,0,96,0,ok,3.0,752.0
inductive,split_01,1,101,0,inductive_split_01_seed_101,seen_unseen,all_pairs,negative,biological_shared_protein_count,0.2213345013395397,partial_spearman,n_biological_proteins_a|n_biological_proteins_b,unordered_minmax,755,755,0,755,258,754,96,0,96,0,ok,3.0,752.0
inductive,split_01,1,101,0,inductive_split_01_seed_101,seen_unseen,all_pairs,negative,shared_target_count,0.3108423954246427,partial_spearman,n_targets_a|n_targets_b,endpoint_columns,755,755,0,755,258,754,96,0,96,0,ok,3.0,752.0
inductive,split_01,1,101,0,inductive_split_01_seed_101,seen_unseen,all_pairs,negative,shared_target_count,0.307431711281305,partial_spearman,n_targets_a|n_targets_b,unordered_minmax,755,755,0,755,258,754,96,0,96,0,ok,3.0,752.0
inductive,split_01,1,101,0,inductive_split_01_seed_101,seen_unseen,both_have_targets,overall,shared_protein_count,0.3376566188899026,partial_spearman,n_proteins_a|n_proteins_b,endpoint_columns,1297,1297,0,1297,792,1287,157,7,157,7,ok,3.0,1294.0
inductive,split_01,1,101,0,inductive_split_01_seed_101,seen_unseen,both_have_targets,overall,shared_protein_count,0.3579184217870358,partial_spearman,n_proteins_a|n_proteins_b,unordered_minmax,1297,1297,0,1297,792,1287,157,7,157,7,ok,3.0,1294.0
inductive,split_01,1,101,0,inductive_split_01_seed_101,seen_unseen,both_have_targets,overall,biological_shared_protein_count,0.3376566188899026,partial_spearman,n_biological_proteins_a|n_biological_proteins_b,endpoint_columns,1297,1297,0,1297,792,1287,157,7,157,7,ok,3.0,1294.0
inductive,split_01,1,101,0,inductive_split_01_seed_101,seen_unseen,both_have_targets,overall,biological_shared_protein_count,0.3579184217870358,partial_spearman,n_biological_proteins_a|n_biological_proteins_b,unordered_minmax,1297,1297,0,1297,792,1287,157,7,157,7,ok,3.0,1294.0
inductive,split_01,1,101,0,inductive_split_01_seed_101,seen_unseen,both_have_targets,overall,shared_target_count,0.4433477086826392,partial_spearman,n_targets_a|n_targets_b,endpoint_columns,1297,1297,0,1297,792,1287,157,7,157,7,ok,3.0,1294.0
inductive,split_01,1,101,0,inductive_split_01_seed_101,seen_unseen,both_have_targets,overall,shared_target_count,0.4470129220613236,partial_spearman,n_targets_a|n_targets_b,unordered_minmax,1297,1297,0,1297,792,1287,157,7,157,7,ok,3.0,1294.0
inductive,split_01,1,101,0,inductive_split_01_seed_101,seen_unseen,both_have_targets,positive,shared_protein_count,0.3674610533538011,partial_spearman,n_proteins_a|n_proteins_b,endpoint_columns,542,542,0,542,643,534,61,7,61,7,ok,3.0,539.0
inductive,split_01,1,101,0,inductive_split_01_seed_101,seen_unseen,both_have_targets,positive,shared_protein_count,0.4223023510508409,partial_spearman,n_proteins_a|n_proteins_b,unordered_minmax,542,542,0,542,643,534,61,7,61,7,ok,3.0,539.0
inductive,split_01,1,101,0,inductive_split_01_seed_101,seen_unseen,both_have_targets,positive,biological_shared_protein_count,0.3674610533538011,partial_spearman,n_biological_proteins_a|n_biological_proteins_b,endpoint_columns,542,542,0,542,643,534,61,7,61,7,ok,3.0,539.0
inductive,split_01,1,101,0,inductive_split_01_seed_101,seen_unseen,both_have_targets,positive,biological_shared_protein_count,0.4223023510508409,partial_spearman,n_biological_proteins_a|n_biological_proteins_b,unordered_minmax,542,542,0,542,643,534,61,7,61,7,ok,3.0,539.0
inductive,split_01,1,101,0,inductive_split_01_seed_101,seen_unseen,both_have_targets,positive,shared_target_count,0.4341199721086572,partial_spearman,n_targets_a|n_targets_b,endpoint_columns,542,542,0,542,643,534,61,7,61,7,ok,3.0,539.0
inductive,split_01,1,101,0,inductive_split_01_seed_101,seen_unseen,both_have_targets,positive,shared_target_count,0.4455845383145934,partial_spearman,n_targets_a|n_targets_b,unordered_minmax,542,542,0,542,643,534,61,7,61,7,ok,3.0,539.0
inductive,split_01,1,101,0,inductive_split_01_seed_101,seen_unseen,both_have_targets,negative,shared_protein_count,0.2306624020468984,partial_spearman,n_proteins_a|n_proteins_b,endpoint_columns,755,755,0,755,258,754,96,0,96,0,ok,3.0,752.0
inductive,split_01,1,101,0,inductive_split_01_seed_101,seen_unseen,both_have_targets,negative,shared_protein_count,0.2213345013395397,partial_spearman,n_proteins_a|n_proteins_b,unordered_minmax,755,755,0,755,258,754,96,0,96,0,ok,3.0,752.0
inductive,split_01,1,101,0,inductive_split_01_seed_101,seen_unseen,both_have_targets,negative,biological_shared_protein_count,0.2306624020468984,partial_spearman,n_biological_proteins_a|n_biological_proteins_b,endpoint_columns,755,755,0,755,258,754,96,0,96,0,ok,3.0,752.0
inductive,split_01,1,101,0,inductive_split_01_seed_101,seen_unseen,both_have_targets,negative,biological_shared_protein_count,0.2213345013395397,partial_spearman,n_biological_proteins_a|n_biological_proteins_b,unordered_minmax,755,755,0,755,258,754,96,0,96,0,ok,3.0,752.0
inductive,split_01,1,101,0,inductive_split_01_seed_101,seen_unseen,both_have_targets,negative,shared_target_count,0.3108423954246427,partial_spearman,n_targets_a|n_targets_b,endpoint_columns,755,755,0,755,258,754,96,0,96,0,ok,3.0,752.0
inductive,split_01,1,101,0,inductive_split_01_seed_101,seen_unseen,both_have_targets,negative,shared_target_count,0.307431711281305,partial_spearman,n_targets_a|n_targets_b,unordered_minmax,755,755,0,755,258,754,96,0,96,0,ok,3.0,752.0
inductive,split_01,1,101,0,inductive_split_01_seed_101,unseen_unseen,all_pairs,overall,shared_protein_count,0.2042324467843569,partial_spearman,n_proteins_a|n_proteins_b,endpoint_columns,118,118,0,118,115,103,25,16,25,16,ok,3.0,115.0
inductive,split_01,1,101,0,inductive_split_01_seed_101,unseen_unseen,all_pairs,overall,shared_protein_count,0.3247477352245455,partial_spearman,n_proteins_a|n_proteins_b,unordered_minmax,118,118,0,118,115,103,25,16,25,16,ok,3.0,115.0
inductive,split_01,1,101,0,inductive_split_01_seed_101,unseen_unseen,all_pairs,overall,biological_shared_protein_count,0.2042324467843569,partial_spearman,n_biological_proteins_a|n_biological_proteins_b,endpoint_columns,118,118,0,118,115,103,25,16,25,16,ok,3.0,115.0
inductive,split_01,1,101,0,inductive_split_01_seed_101,unseen_unseen,all_pairs,overall,biological_shared_protein_count,0.3247477352245455,partial_spearman,n_biological_proteins_a|n_biological_proteins_b,unordered_minmax,118,118,0,118,115,103,25,16,25,16,ok,3.0,115.0
inductive,split_01,1,101,0,inductive_split_01_seed_101,unseen_unseen,all_pairs,overall,shared_target_count,0.4260668464955192,partial_spearman,n_targets_a|n_targets_b,endpoint_columns,118,118,0,118,115,103,25,16,25,16,ok,3.0,115.0
inductive,split_01,1,101,0,inductive_split_01_seed_101,unseen_unseen,all_pairs,overall,shared_target_count,0.431737495379983,partial_spearman,n_targets_a|n_targets_b,unordered_minmax,118,118,0,118,115,103,25,16,25,16,ok,3.0,115.0
inductive,split_01,1,101,0,inductive_split_01_seed_101,unseen_unseen,all_pairs,positive,shared_protein_count,0.1413730501575607,partial_spearman,n_proteins_a|n_proteins_b,endpoint_columns,59,59,0,59,95,44,19,16,19,16,ok,3.0,56.0
inductive,split_01,1,101,0,inductive_split_01_seed_101,unseen_unseen,all_pairs,positive,shared_protein_count,0.3705088237513765,partial_spearman,n_proteins_a|n_proteins_b,unordered_minmax,59,59,0,59,95,44,19,16,19,16,ok,3.0,56.0
inductive,split_01,1,101,0,inductive_split_01_seed_101,unseen_unseen,all_pairs,positive,biological_shared_protein_count,0.1413730501575607,partial_spearman,n_biological_proteins_a|n_biological_proteins_b,endpoint_columns,59,59,0,59,95,44,19,16,19,16,ok,3.0,56.0
inductive,split_01,1,101,0,inductive_split_01_seed_101,unseen_unseen,all_pairs,positive,biological_shared_protein_count,0.3705088237513765,partial_spearman,n_biological_proteins_a|n_biological_proteins_b,unordered_minmax,59,59,0,59,95,44,19,16,19,16,ok,3.0,56.0
inductive,split_01,1,101,0,inductive_split_01_seed_101,unseen_unseen,all_pairs,positive,shared_target_count,0.2972074356830177,partial_spearman,n_targets_a|n_targets_b,endpoint_columns,59,59,0,59,95,44,19,16,19,16,ok,3.0,56.0
inductive,split_01,1,101,0,inductive_split_01_seed_101,unseen_unseen,all_pairs,positive,shared_target_count,0.3799816654928806,partial_spearman,n_targets_a|n_targets_b,unordered_minmax,59,59,0,59,95,44,19,16,19,16,ok,3.0,56.0
inductive,split_01,1,101,0,inductive_split_01_seed_101,unseen_unseen,all_pairs,negative,shared_protein_count,0.2731709767848779,partial_spearman,n_proteins_a|n_proteins_b,endpoint_columns,59,59,0,59,38,59,6,0,6,0,ok,3.0,56.0
inductive,split_01,1,101,0,inductive_split_01_seed_101,unseen_unseen,all_pairs,negative,shared_protein_count,0.3179465689186321,partial_spearman,n_proteins_a|n_proteins_b,unordered_minmax,59,59,0,59,38,59,6,0,6,0,ok,3.0,56.0
inductive,split_01,1,101,0,inductive_split_01_seed_101,unseen_unseen,all_pairs,negative,biological_shared_protein_count,0.2731709767848779,partial_spearman,n_biological_proteins_a|n_biological_proteins_b,endpoint_columns,59,59,0,59,38,59,6,0,6,0,ok,3.0,56.0
inductive,split_01,1,101,0,inductive_split_01_seed_101,unseen_unseen,all_pairs,negative,biological_shared_protein_count,0.3179465689186321,partial_spearman,n_biological_proteins_a|n_biological_proteins_b,unordered_minmax,59,59,0,59,38,59,6,0,6,0,ok,3.0,56.0
inductive,split_01,1,101,0,inductive_split_01_seed_101,unseen_unseen,all_pairs,negative,shared_target_count,0.5420233801281589,partial_spearman,n_targets_a|n_targets_b,endpoint_columns,59,59,0,59,38,59,6,0,6,0,ok,3.0,56.0
inductive,split_01,1,101,0,inductive_split_01_seed_101,unseen_unseen,all_pairs,negative,shared_target_count,0.5333474344520154,partial_spearman,n_targets_a|n_targets_b,unordered_minmax,59,59,0,59,38,59,6,0,6,0,ok,3.0,56.0
inductive,split_01,1,101,0,inductive_split_01_seed_101,unseen_unseen,both_have_targets,overall,shared_protein_count,0.3456111169057234,partial_spearman,n_proteins_a|n_proteins_b,endpoint_columns,102,102,0,102,95,102,9,0,9,0,ok,3.0,99.0
inductive,split_01,1,101,0,inductive_split_01_seed_101,unseen_unseen,both_have_targets,overall,shared_protein_count,0.4363845414492343,partial_spearman,n_proteins_a|n_proteins_b,unordered_minmax,102,102,0,102,95,102,9,0,9,0,ok,3.0,99.0
inductive,split_01,1,101,0,inductive_split_01_seed_101,unseen_unseen,both_have_targets,overall,biological_shared_protein_count,0.3456111169057234,partial_spearman,n_biological_proteins_a|n_biological_proteins_b,endpoint_columns,102,102,0,102,95,102,9,0,9,0,ok,3.0,99.0
inductive,split_01,1,101,0,inductive_split_01_seed_101,unseen_unseen,both_have_targets,overall,biological_shared_protein_count,0.4363845414492343,partial_spearman,n_biological_proteins_a|n_biological_proteins_b,unordered_minmax,102,102,0,102,95,102,9,0,9,0,ok,3.0,99.0
inductive,split_01,1,101,0,inductive_split_01_seed_101,unseen_unseen,both_have_targets,overall,shared_target_count,0.5321256575126447,partial_spearman,n_targets_a|n_targets_b,endpoint_columns,102,102,0,102,95,102,9,0,9,0,ok,3.0,99.0
inductive,split_01,1,101,0,inductive_split_01_seed_101,unseen_unseen,both_have_targets,overall,shared_target_count,0.5375607433461125,partial_spearman,n_targets_a|n_targets_b,unordered_minmax,102,102,0,102,95,102,9,0,9,0,ok,3.0,99.0
inductive,split_01,1,101,0,inductive_split_01_seed_101,unseen_unseen,both_have_targets,positive,shared_protein_count,0.3311740841637654,partial_spearman,n_proteins_a|n_proteins_b,endpoint_columns,43,43,0,43,71,43,3,0,3,0,ok,3.0,40.0
inductive,split_01,1,101,0,inductive_split_01_seed_101,unseen_unseen,both_have_targets,positive,shared_protein_count,0.5008780282680372,partial_spearman,n_proteins_a|n_proteins_b,unordered_minmax,43,43,0,43,71,43,3,0,3,0,ok,3.0,40.0
inductive,split_01,1,101,0,inductive_split_01_seed_101,unseen_unseen,both_have_targets,positive,biological_shared_protein_count,0.3311740841637654,partial_spearman,n_biological_proteins_a|n_biological_proteins_b,endpoint_columns,43,43,0,43,71,43,3,0,3,0,ok,3.0,40.0
inductive,split_01,1,101,0,inductive_split_01_seed_101,unseen_unseen,both_have_targets,positive,biological_shared_protein_count,0.5008780282680372,partial_spearman,n_biological_proteins_a|n_biological_proteins_b,unordered_minmax,43,43,0,43,71,43,3,0,3,0,ok,3.0,40.0
inductive,split_01,1,101,0,inductive_split_01_seed_101,unseen_unseen,both_have_targets,positive,shared_target_count,0.4117291395856466,partial_spearman,n_targets_a|n_targets_b,endpoint_columns,43,43,0,43,71,43,3,0,3,0,ok,3.0,40.0
inductive,split_01,1,101,0,inductive_split_01_seed_101,unseen_unseen,both_have_targets,positive,shared_target_count,0.4255832071077248,partial_spearman,n_targets_a|n_targets_b,unordered_minmax,43,43,0,43,71,43,3,0,3,0,ok,3.0,40.0
inductive,split_01,1,101,0,inductive_split_01_seed_101,unseen_unseen,both_have_targets,negative,shared_protein_count,0.2731709767848779,partial_spearman,n_proteins_a|n_proteins_b,endpoint_columns,59,59,0,59,38,59,6,0,6,0,ok,3.0,56.0
inductive,split_01,1,101,0,inductive_split_01_seed_101,unseen_unseen,both_have_targets,negative,shared_protein_count,0.3179465689186321,partial_spearman,n_proteins_a|n_proteins_b,unordered_minmax,59,59,0,59,38,59,6,0,6,0,ok,3.0,56.0
inductive,split_01,1,101,0,inductive_split_01_seed_101,unseen_unseen,both_have_targets,negative,biological_shared_protein_count,0.2731709767848779,partial_spearman,n_biological_proteins_a|n_biological_proteins_b,endpoint_columns,59,59,0,59,38,59,6,0,6,0,ok,3.0,56.0
inductive,split_01,1,101,0,inductive_split_01_seed_101,unseen_unseen,both_have_targets,negative,biological_shared_protein_count,0.3179465689186321,partial_spearman,n_biological_proteins_a|n_biological_proteins_b,unordered_minmax,59,59,0,59,38,59,6,0,6,0,ok,3.0,56.0
inductive,split_01,1,101,0,inductive_split_01_seed_101,unseen_unseen,both_have_targets,negative,shared_target_count,0.5420233801281589,partial_spearman,n_targets_a|n_targets_b,endpoint_columns,59,59,0,59,38,59,6,0,6,0,ok,3.0,56.0
inductive,split_01,1,101,0,inductive_split_01_seed_101,unseen_unseen,both_have_targets,negative,shared_target_count,0.5333474344520154,partial_spearman,n_targets_a|n_targets_b,unordered_minmax,59,59,0,59,38,59,6,0,6,0,ok,3.0,56.0
inductive,split_01,1,101,0,inductive_split_01_seed_101,seen_unseen,all_pairs,overall,biological_shared_protein_count,0.3049377893354721,partial_spearman,n_biological_proteins_a|n_biological_proteins_b|either_biological_size_zero,endpoint_columns_plus_zero,1510,1510,0,1510,1001,1287,370,220,370,220,ok,4.0,1506.0
inductive,split_01,1,101,0,inductive_split_01_seed_101,seen_unseen,all_pairs,overall,biological_shared_protein_count,0.3406634590517748,partial_spearman,n_biological_proteins_a|n_biological_proteins_b|either_biological_size_zero,unordered_minmax_plus_zero,1510,1510,0,1510,1001,1287,370,220,370,220,ok,4.0,1506.0
inductive,split_01,1,101,0,inductive_split_01_seed_101,unseen_unseen,all_pairs,overall,biological_shared_protein_count,0.3298937046952542,partial_spearman,n_biological_proteins_a|n_biological_proteins_b|either_biological_size_zero,endpoint_columns_plus_zero,118,118,0,118,115,103,25,16,25,16,ok,4.0,114.0
inductive,split_01,1,101,0,inductive_split_01_seed_101,unseen_unseen,all_pairs,overall,biological_shared_protein_count,0.4255921313877266,partial_spearman,n_biological_proteins_a|n_biological_proteins_b|either_biological_size_zero,unordered_minmax_plus_zero,118,118,0,118,115,103,25,16,25,16,ok,4.0,114.0
inductive,split_01,1,202,0,inductive_split_01_seed_202,seen_unseen,all_pairs,overall,shared_protein_count,-0.1157421096350014,spearman,none,none,1510,1510,0,1510,1001,1288,370,221,370,221,ok,,
inductive,split_01,1,202,0,inductive_split_01_seed_202,seen_unseen,all_pairs,overall,protein_jaccard,-0.0488982127927409,spearman,none,none,1484,1510,26,1484,979,1288,344,195,370,221,ok,,
inductive,split_01,1,202,0,inductive_split_01_seed_202,seen_unseen,all_pairs,overall,shared_target_count,0.2253676409727582,spearman,none,none,1510,1510,0,1510,1001,1288,370,221,370,221,ok,,
inductive,split_01,1,202,0,inductive_split_01_seed_202,seen_unseen,all_pairs,overall,biological_shared_protein_count,-0.1157421096350014,spearman,none,none,1510,1510,0,1510,1001,1288,370,221,370,221,ok,,
inductive,split_01,1,202,0,inductive_split_01_seed_202,seen_unseen,all_pairs,overall,protein_size_geomean,-0.2796120904396255,spearman,none,none,1510,1510,0,1510,1001,1288,370,221,370,221,ok,,
inductive,split_01,1,202,0,inductive_split_01_seed_202,seen_unseen,all_pairs,positive,shared_protein_count,-0.386435927268113,spearman,none,none,755,755,0,755,865,534,274,221,274,221,ok,,
inductive,split_01,1,202,0,inductive_split_01_seed_202,seen_unseen,all_pairs,positive,protein_jaccard,-0.3379478391544836,spearman,none,none,729,755,26,729,843,534,248,195,274,221,ok,,
inductive,split_01,1,202,0,inductive_split_01_seed_202,seen_unseen,all_pairs,positive,shared_target_count,-0.0800918173313083,spearman,none,none,755,755,0,755,865,534,274,221,274,221,ok,,
inductive,split_01,1,202,0,inductive_split_01_seed_202,seen_unseen,all_pairs,positive,biological_shared_protein_count,-0.386435927268113,spearman,none,none,755,755,0,755,865,534,274,221,274,221,ok,,
inductive,split_01,1,202,0,inductive_split_01_seed_202,seen_unseen,all_pairs,positive,protein_size_geomean,-0.5378824615727142,spearman,none,none,755,755,0,755,865,534,274,221,274,221,ok,,
inductive,split_01,1,202,0,inductive_split_01_seed_202,seen_unseen,all_pairs,negative,shared_protein_count,0.1586606640123578,spearman,none,none,755,755,0,755,258,755,96,0,96,0,ok,,
inductive,split_01,1,202,0,inductive_split_01_seed_202,seen_unseen,all_pairs,negative,protein_jaccard,0.2263208404630423,spearman,none,none,755,755,0,755,258,755,96,0,96,0,ok,,
inductive,split_01,1,202,0,inductive_split_01_seed_202,seen_unseen,all_pairs,negative,shared_target_count,0.3530799641726731,spearman,none,none,755,755,0,755,258,755,96,0,96,0,ok,,
inductive,split_01,1,202,0,inductive_split_01_seed_202,seen_unseen,all_pairs,negative,biological_shared_protein_count,0.1586606640123578,spearman,none,none,755,755,0,755,258,755,96,0,96,0,ok,,
inductive,split_01,1,202,0,inductive_split_01_seed_202,seen_unseen,all_pairs,negative,protein_size_geomean,0.0494839708599427,spearman,none,none,755,755,0,755,258,755,96,0,96,0,ok,,
inductive,split_01,1,202,0,inductive_split_01_seed_202,seen_unseen,both_have_targets,overall,shared_protein_count,0.3112491294454932,spearman,none,none,1297,1297,0,1297,792,1288,157,8,157,8,ok,,
inductive,split_01,1,202,0,inductive_split_01_seed_202,seen_unseen,both_have_targets,overall,protein_jaccard,0.3510903758304787,spearman,none,none,1297,1297,0,1297,792,1288,157,8,157,8,ok,,
inductive,split_01,1,202,0,inductive_split_01_seed_202,seen_unseen,both_have_targets,overall,shared_target_count,0.4970634741127111,spearman,none,none,1297,1297,0,1297,792,1288,157,8,157,8,ok,,
inductive,split_01,1,202,0,inductive_split_01_seed_202,seen_unseen,both_have_targets,overall,biological_shared_protein_count,0.3112491294454932,spearman,none,none,1297,1297,0,1297,792,1288,157,8,157,8,ok,,
inductive,split_01,1,202,0,inductive_split_01_seed_202,seen_unseen,both_have_targets,overall,protein_size_geomean,0.1310701590441711,spearman,none,none,1297,1297,0,1297,792,1288,157,8,157,8,ok,,
inductive,split_01,1,202,0,inductive_split_01_seed_202,seen_unseen,both_have_targets,positive,shared_protein_count,0.4003790641933411,spearman,none,none,542,542,0,542,643,534,61,8,61,8,ok,,
inductive,split_01,1,202,0,inductive_split_01_seed_202,seen_unseen,both_have_targets,positive,protein_jaccard,0.3897879681814614,spearman,none,none,542,542,0,542,643,534,61,8,61,8,ok,,
inductive,split_01,1,202,0,inductive_split_01_seed_202,seen_unseen,both_have_targets,positive,shared_target_count,0.4897887622026605,spearman,none,none,542,542,0,542,643,534,61,8,61,8,ok,,
inductive,split_01,1,202,0,inductive_split_01_seed_202,seen_unseen,both_have_targets,positive,biological_shared_protein_count,0.4003790641933411,spearman,none,none,542,542,0,542,643,534,61,8,61,8,ok,,
inductive,split_01,1,202,0,inductive_split_01_seed_202,seen_unseen,both_have_targets,positive,protein_size_geomean,0.2042829314927203,spearman,none,none,542,542,0,542,643,534,61,8,61,8,ok,,
inductive,split_01,1,202,0,inductive_split_01_seed_202,seen_unseen,both_have_targets,negative,shared_protein_count,0.1586606640123578,spearman,none,none,755,755,0,755,258,755,96,0,96,0,ok,,
inductive,split_01,1,202,0,inductive_split_01_seed_202,seen_unseen,both_have_targets,negative,protein_jaccard,0.2263208404630423,spearman,none,none,755,755,0,755,258,755,96,0,96,0,ok,,
inductive,split_01,1,202,0,inductive_split_01_seed_202,seen_unseen,both_have_targets,negative,shared_target_count,0.3530799641726731,spearman,none,none,755,755,0,755,258,755,96,0,96,0,ok,,
inductive,split_01,1,202,0,inductive_split_01_seed_202,seen_unseen,both_have_targets,negative,biological_shared_protein_count,0.1586606640123578,spearman,none,none,755,755,0,755,258,755,96,0,96,0,ok,,
inductive,split_01,1,202,0,inductive_split_01_seed_202,seen_unseen,both_have_targets,negative,protein_size_geomean,0.0494839708599427,spearman,none,none,755,755,0,755,258,755,96,0,96,0,ok,,
inductive,split_01,1,202,0,inductive_split_01_seed_202,unseen_unseen,all_pairs,overall,shared_protein_count,-0.0947324524696711,spearman,none,none,118,118,0,118,115,103,25,16,25,16,ok,,
inductive,split_01,1,202,0,inductive_split_01_seed_202,unseen_unseen,all_pairs,overall,protein_jaccard,-0.0885139517019223,spearman,none,none,117,118,1,117,114,103,24,15,25,16,ok,,
inductive,split_01,1,202,0,inductive_split_01_seed_202,unseen_unseen,all_pairs,overall,shared_target_count,0.2189339671366735,spearman,none,none,118,118,0,118,115,103,25,16,25,16,ok,,
inductive,split_01,1,202,0,inductive_split_01_seed_202,unseen_unseen,all_pairs,overall,biological_shared_protein_count,-0.0947324524696711,spearman,none,none,118,118,0,118,115,103,25,16,25,16,ok,,
inductive,split_01,1,202,0,inductive_split_01_seed_202,unseen_unseen,all_pairs,overall,protein_size_geomean,-0.1899549129840243,spearman,none,none,118,118,0,118,115,103,25,16,25,16,ok,,
inductive,split_01,1,202,0,inductive_split_01_seed_202,unseen_unseen,all_pairs,positive,shared_protein_count,-0.3660400071108691,spearman,none,none,59,59,0,59,95,44,19,16,19,16,ok,,
inductive,split_01,1,202,0,inductive_split_01_seed_202,unseen_unseen,all_pairs,positive,protein_jaccard,-0.3644486466971168,spearman,none,none,58,59,1,58,94,44,18,15,19,16,ok,,
inductive,split_01,1,202,0,inductive_split_01_seed_202,unseen_unseen,all_pairs,positive,shared_target_count,-0.1759332401373199,spearman,none,none,59,59,0,59,95,44,19,16,19,16,ok,,
inductive,split_01,1,202,0,inductive_split_01_seed_202,unseen_unseen,all_pairs,positive,biological_shared_protein_count,-0.3660400071108691,spearman,none,none,59,59,0,59,95,44,19,16,19,16,ok,,
inductive,split_01,1,202,0,inductive_split_01_seed_202,unseen_unseen,all_pairs,positive,protein_size_geomean,-0.4713774597495528,spearman,none,none,59,59,0,59,95,44,19,16,19,16,ok,,
inductive,split_01,1,202,0,inductive_split_01_seed_202,unseen_unseen,all_pairs,negative,shared_protein_count,0.2235371023308064,spearman,none,none,59,59,0,59,38,59,6,0,6,0,ok,,
inductive,split_01,1,202,0,inductive_split_01_seed_202,unseen_unseen,all_pairs,negative,protein_jaccard,0.2425261628767661,spearman,none,none,59,59,0,59,38,59,6,0,6,0,ok,,
inductive,split_01,1,202,0,inductive_split_01_seed_202,unseen_unseen,all_pairs,negative,shared_target_count,0.5631477758445363,spearman,none,none,59,59,0,59,38,59,6,0,6,0,ok,,
inductive,split_01,1,202,0,inductive_split_01_seed_202,unseen_unseen,all_pairs,negative,biological_shared_protein_count,0.2235371023308064,spearman,none,none,59,59,0,59,38,59,6,0,6,0,ok,,
inductive,split_01,1,202,0,inductive_split_01_seed_202,unseen_unseen,all_pairs,negative,protein_size_geomean,0.1694330800701344,spearman,none,none,59,59,0,59,38,59,6,0,6,0,ok,,
inductive,split_01,1,202,0,inductive_split_01_seed_202,unseen_unseen,both_have_targets,overall,shared_protein_count,0.3493102613239413,spearman,none,none,102,102,0,102,95,102,9,0,9,0,ok,,
inductive,split_01,1,202,0,inductive_split_01_seed_202,unseen_unseen,both_have_targets,overall,protein_jaccard,0.3269472449840076,spearman,none,none,102,102,0,102,95,102,9,0,9,0,ok,,
inductive,split_01,1,202,0,inductive_split_01_seed_202,unseen_unseen,both_have_targets,overall,shared_target_count,0.5077011938683661,spearman,none,none,102,102,0,102,95,102,9,0,9,0,ok,,
inductive,split_01,1,202,0,inductive_split_01_seed_202,unseen_unseen,both_have_targets,overall,biological_shared_protein_count,0.3493102613239413,spearman,none,none,102,102,0,102,95,102,9,0,9,0,ok,,
inductive,split_01,1,202,0,inductive_split_01_seed_202,unseen_unseen,both_have_targets,overall,protein_size_geomean,0.2510821286916207,spearman,none,none,102,102,0,102,95,102,9,0,9,0,ok,,
inductive,split_01,1,202,0,inductive_split_01_seed_202,unseen_unseen,both_have_targets,positive,shared_protein_count,0.4536559430942387,spearman,none,none,43,43,0,43,71,43,3,0,3,0,ok,,
inductive,split_01,1,202,0,inductive_split_01_seed_202,unseen_unseen,both_have_targets,positive,protein_jaccard,0.3916326883514636,spearman,none,none,43,43,0,43,71,43,3,0,3,0,ok,,
inductive,split_01,1,202,0,inductive_split_01_seed_202,unseen_unseen,both_have_targets,positive,shared_target_count,0.3495338969626473,spearman,none,none,43,43,0,43,71,43,3,0,3,0,ok,,
inductive,split_01,1,202,0,inductive_split_01_seed_202,unseen_unseen,both_have_targets,positive,biological_shared_protein_count,0.4536559430942387,spearman,none,none,43,43,0,43,71,43,3,0,3,0,ok,,
inductive,split_01,1,202,0,inductive_split_01_seed_202,unseen_unseen,both_have_targets,positive,protein_size_geomean,0.3387194201147689,spearman,none,none,43,43,0,43,71,43,3,0,3,0,ok,,
inductive,split_01,1,202,0,inductive_split_01_seed_202,unseen_unseen,both_have_targets,negative,shared_protein_count,0.2235371023308064,spearman,none,none,59,59,0,59,38,59,6,0,6,0,ok,,
inductive,split_01,1,202,0,inductive_split_01_seed_202,unseen_unseen,both_have_targets,negative,protein_jaccard,0.2425261628767661,spearman,none,none,59,59,0,59,38,59,6,0,6,0,ok,,
inductive,split_01,1,202,0,inductive_split_01_seed_202,unseen_unseen,both_have_targets,negative,shared_target_count,0.5631477758445363,spearman,none,none,59,59,0,59,38,59,6,0,6,0,ok,,
inductive,split_01,1,202,0,inductive_split_01_seed_202,unseen_unseen,both_have_targets,negative,biological_shared_protein_count,0.2235371023308064,spearman,none,none,59,59,0,59,38,59,6,0,6,0,ok,,
inductive,split_01,1,202,0,inductive_split_01_seed_202,unseen_unseen,both_have_targets,negative,protein_size_geomean,0.1694330800701344,spearman,none,none,59,59,0,59,38,59,6,0,6,0,ok,,
inductive,split_01,1,202,0,inductive_split_01_seed_202,seen_unseen,all_pairs,overall,shared_protein_count,0.1072778239977726,partial_spearman,n_proteins_a|n_proteins_b,endpoint_columns,1510,1510,0,1510,1001,1288,370,221,370,221,ok,3.0,1507.0
inductive,split_01,1,202,0,inductive_split_01_seed_202,seen_unseen,all_pairs,overall,shared_protein_count,0.2323819021359621,partial_spearman,n_proteins_a|n_proteins_b,unordered_minmax,1510,1510,0,1510,1001,1288,370,221,370,221,ok,3.0,1507.0
inductive,split_01,1,202,0,inductive_split_01_seed_202,seen_unseen,all_pairs,overall,biological_shared_protein_count,0.1072778239977726,partial_spearman,n_biological_proteins_a|n_biological_proteins_b,endpoint_columns,1510,1510,0,1510,1001,1288,370,221,370,221,ok,3.0,1507.0
inductive,split_01,1,202,0,inductive_split_01_seed_202,seen_unseen,all_pairs,overall,biological_shared_protein_count,0.2323819021359621,partial_spearman,n_biological_proteins_a|n_biological_proteins_b,unordered_minmax,1510,1510,0,1510,1001,1288,370,221,370,221,ok,3.0,1507.0
inductive,split_01,1,202,0,inductive_split_01_seed_202,seen_unseen,all_pairs,overall,shared_target_count,0.3165957134070324,partial_spearman,n_targets_a|n_targets_b,endpoint_columns,1510,1510,0,1510,1001,1288,370,221,370,221,ok,3.0,1507.0
inductive,split_01,1,202,0,inductive_split_01_seed_202,seen_unseen,all_pairs,overall,shared_target_count,0.3564274690279462,partial_spearman,n_targets_a|n_targets_b,unordered_minmax,1510,1510,0,1510,1001,1288,370,221,370,221,ok,3.0,1507.0
inductive,split_01,1,202,0,inductive_split_01_seed_202,seen_unseen,all_pairs,positive,shared_protein_count,-0.0228485335206147,partial_spearman,n_proteins_a|n_proteins_b,endpoint_columns,755,755,0,755,865,534,274,221,274,221,ok,3.0,752.0
inductive,split_01,1,202,0,inductive_split_01_seed_202,seen_unseen,all_pairs,positive,shared_protein_count,0.2601679087849983,partial_spearman,n_proteins_a|n_proteins_b,unordered_minmax,755,755,0,755,865,534,274,221,274,221,ok,3.0,752.0
inductive,split_01,1,202,0,inductive_split_01_seed_202,seen_unseen,all_pairs,positive,biological_shared_protein_count,-0.0228485335206147,partial_spearman,n_biological_proteins_a|n_biological_proteins_b,endpoint_columns,755,755,0,755,865,534,274,221,274,221,ok,3.0,752.0
inductive,split_01,1,202,0,inductive_split_01_seed_202,seen_unseen,all_pairs,positive,biological_shared_protein_count,0.2601679087849983,partial_spearman,n_biological_proteins_a|n_biological_proteins_b,unordered_minmax,755,755,0,755,865,534,274,221,274,221,ok,3.0,752.0
inductive,split_01,1,202,0,inductive_split_01_seed_202,seen_unseen,all_pairs,positive,shared_target_count,0.2744331028653607,partial_spearman,n_targets_a|n_targets_b,endpoint_columns,755,755,0,755,865,534,274,221,274,221,ok,3.0,752.0
inductive,split_01,1,202,0,inductive_split_01_seed_202,seen_unseen,all_pairs,positive,shared_target_count,0.4200537978436115,partial_spearman,n_targets_a|n_targets_b,unordered_minmax,755,755,0,755,865,534,274,221,274,221,ok,3.0,752.0
inductive,split_01,1,202,0,inductive_split_01_seed_202,seen_unseen,all_pairs,negative,shared_protein_count,0.2341755009443027,partial_spearman,n_proteins_a|n_proteins_b,endpoint_columns,755,755,0,755,258,755,96,0,96,0,ok,3.0,752.0
inductive,split_01,1,202,0,inductive_split_01_seed_202,seen_unseen,all_pairs,negative,shared_protein_count,0.2170075010429585,partial_spearman,n_proteins_a|n_proteins_b,unordered_minmax,755,755,0,755,258,755,96,0,96,0,ok,3.0,752.0
inductive,split_01,1,202,0,inductive_split_01_seed_202,seen_unseen,all_pairs,negative,biological_shared_protein_count,0.2341755009443027,partial_spearman,n_biological_proteins_a|n_biological_proteins_b,endpoint_columns,755,755,0,755,258,755,96,0,96,0,ok,3.0,752.0
inductive,split_01,1,202,0,inductive_split_01_seed_202,seen_unseen,all_pairs,negative,biological_shared_protein_count,0.2170075010429585,partial_spearman,n_biological_proteins_a|n_biological_proteins_b,unordered_minmax,755,755,0,755,258,755,96,0,96,0,ok,3.0,752.0
inductive,split_01,1,202,0,inductive_split_01_seed_202,seen_unseen,all_pairs,negative,shared_target_count,0.3068604427056462,partial_spearman,n_targets_a|n_targets_b,endpoint_columns,755,755,0,755,258,755,96,0,96,0,ok,3.0,752.0
inductive,split_01,1,202,0,inductive_split_01_seed_202,seen_unseen,all_pairs,negative,shared_target_count,0.2933966848672956,partial_spearman,n_targets_a|n_targets_b,unordered_minmax,755,755,0,755,258,755,96,0,96,0,ok,3.0,752.0
inductive,split_01,1,202,0,inductive_split_01_seed_202,seen_unseen,both_have_targets,overall,shared_protein_count,0.3404410662577271,partial_spearman,n_proteins_a|n_proteins_b,endpoint_columns,1297,1297,0,1297,792,1288,157,8,157,8,ok,3.0,1294.0
inductive,split_01,1,202,0,inductive_split_01_seed_202,seen_unseen,both_have_targets,overall,shared_protein_count,0.3521332458574163,partial_spearman,n_proteins_a|n_proteins_b,unordered_minmax,1297,1297,0,1297,792,1288,157,8,157,8,ok,3.0,1294.0
inductive,split_01,1,202,0,inductive_split_01_seed_202,seen_unseen,both_have_targets,overall,biological_shared_protein_count,0.3404410662577271,partial_spearman,n_biological_proteins_a|n_biological_proteins_b,endpoint_columns,1297,1297,0,1297,792,1288,157,8,157,8,ok,3.0,1294.0
inductive,split_01,1,202,0,inductive_split_01_seed_202,seen_unseen,both_have_targets,overall,biological_shared_protein_count,0.3521332458574163,partial_spearman,n_biological_proteins_a|n_biological_proteins_b,unordered_minmax,1297,1297,0,1297,792,1288,157,8,157,8,ok,3.0,1294.0
inductive,split_01,1,202,0,inductive_split_01_seed_202,seen_unseen,both_have_targets,overall,shared_target_count,0.4342989701003355,partial_spearman,n_targets_a|n_targets_b,endpoint_columns,1297,1297,0,1297,792,1288,157,8,157,8,ok,3.0,1294.0
inductive,split_01,1,202,0,inductive_split_01_seed_202,seen_unseen,both_have_targets,overall,shared_target_count,0.4279380065880685,partial_spearman,n_targets_a|n_targets_b,unordered_minmax,1297,1297,0,1297,792,1288,157,8,157,8,ok,3.0,1294.0
inductive,split_01,1,202,0,inductive_split_01_seed_202,seen_unseen,both_have_targets,positive,shared_protein_count,0.3738535843973338,partial_spearman,n_proteins_a|n_proteins_b,endpoint_columns,542,542,0,542,643,534,61,8,61,8,ok,3.0,539.0
inductive,split_01,1,202,0,inductive_split_01_seed_202,seen_unseen,both_have_targets,positive,shared_protein_count,0.4157472675771937,partial_spearman,n_proteins_a|n_proteins_b,unordered_minmax,542,542,0,542,643,534,61,8,61,8,ok,3.0,539.0
inductive,split_01,1,202,0,inductive_split_01_seed_202,seen_unseen,both_have_targets,positive,biological_shared_protein_count,0.3738535843973338,partial_spearman,n_biological_proteins_a|n_biological_proteins_b,endpoint_columns,542,542,0,542,643,534,61,8,61,8,ok,3.0,539.0
inductive,split_01,1,202,0,inductive_split_01_seed_202,seen_unseen,both_have_targets,positive,biological_shared_protein_count,0.4157472675771937,partial_spearman,n_biological_proteins_a|n_biological_proteins_b,unordered_minmax,542,542,0,542,643,534,61,8,61,8,ok,3.0,539.0
inductive,split_01,1,202,0,inductive_split_01_seed_202,seen_unseen,both_have_targets,positive,shared_target_count,0.4234099115946528,partial_spearman,n_targets_a|n_targets_b,endpoint_columns,542,542,0,542,643,534,61,8,61,8,ok,3.0,539.0
inductive,split_01,1,202,0,inductive_split_01_seed_202,seen_unseen,both_have_targets,positive,shared_target_count,0.4353477395685846,partial_spearman,n_targets_a|n_targets_b,unordered_minmax,542,542,0,542,643,534,61,8,61,8,ok,3.0,539.0
inductive,split_01,1,202,0,inductive_split_01_seed_202,seen_unseen,both_have_targets,negative,shared_protein_count,0.2341755009443027,partial_spearman,n_proteins_a|n_proteins_b,endpoint_columns,755,755,0,755,258,755,96,0,96,0,ok,3.0,752.0
inductive,split_01,1,202,0,inductive_split_01_seed_202,seen_unseen,both_have_targets,negative,shared_protein_count,0.2170075010429585,partial_spearman,n_proteins_a|n_proteins_b,unordered_minmax,755,755,0,755,258,755,96,0,96,0,ok,3.0,752.0
inductive,split_01,1,202,0,inductive_split_01_seed_202,seen_unseen,both_have_targets,negative,biological_shared_protein_count,0.2341755009443027,partial_spearman,n_biological_proteins_a|n_biological_proteins_b,endpoint_columns,755,755,0,755,258,755,96,0,96,0,ok,3.0,752.0
inductive,split_01,1,202,0,inductive_split_01_seed_202,seen_unseen,both_have_targets,negative,biological_shared_protein_count,0.2170075010429585,partial_spearman,n_biological_proteins_a|n_biological_proteins_b,unordered_minmax,755,755,0,755,258,755,96,0,96,0,ok,3.0,752.0
inductive,split_01,1,202,0,inductive_split_01_seed_202,seen_unseen,both_have_targets,negative,shared_target_count,0.3068604427056462,partial_spearman,n_targets_a|n_targets_b,endpoint_columns,755,755,0,755,258,755,96,0,96,0,ok,3.0,752.0
inductive,split_01,1,202,0,inductive_split_01_seed_202,seen_unseen,both_have_targets,negative,shared_target_count,0.2933966848672956,partial_spearman,n_targets_a|n_targets_b,unordered_minmax,755,755,0,755,258,755,96,0,96,0,ok,3.0,752.0
inductive,split_01,1,202,0,inductive_split_01_seed_202,unseen_unseen,all_pairs,overall,shared_protein_count,0.1332139065264234,partial_spearman,n_proteins_a|n_proteins_b,endpoint_columns,118,118,0,118,115,103,25,16,25,16,ok,3.0,115.0
inductive,split_01,1,202,0,inductive_split_01_seed_202,unseen_unseen,all_pairs,overall,shared_protein_count,0.2186029358487384,partial_spearman,n_proteins_a|n_proteins_b,unordered_minmax,118,118,0,118,115,103,25,16,25,16,ok,3.0,115.0
inductive,split_01,1,202,0,inductive_split_01_seed_202,unseen_unseen,all_pairs,overall,biological_shared_protein_count,0.1332139065264234,partial_spearman,n_biological_proteins_a|n_biological_proteins_b,endpoint_columns,118,118,0,118,115,103,25,16,25,16,ok,3.0,115.0
inductive,split_01,1,202,0,inductive_split_01_seed_202,unseen_unseen,all_pairs,overall,biological_shared_protein_count,0.2186029358487384,partial_spearman,n_biological_proteins_a|n_biological_proteins_b,unordered_minmax,118,118,0,118,115,103,25,16,25,16,ok,3.0,115.0
inductive,split_01,1,202,0,inductive_split_01_seed_202,unseen_unseen,all_pairs,overall,shared_target_count,0.3793094036476054,partial_spearman,n_targets_a|n_targets_b,endpoint_columns,118,118,0,118,115,103,25,16,25,16,ok,3.0,115.0
inductive,split_01,1,202,0,inductive_split_01_seed_202,unseen_unseen,all_pairs,overall,shared_target_count,0.3705067712668384,partial_spearman,n_targets_a|n_targets_b,unordered_minmax,118,118,0,118,115,103,25,16,25,16,ok,3.0,115.0
inductive,split_01,1,202,0,inductive_split_01_seed_202,unseen_unseen,all_pairs,positive,shared_protein_count,0.0838947665703398,partial_spearman,n_proteins_a|n_proteins_b,endpoint_columns,59,59,0,59,95,44,19,16,19,16,ok,3.0,56.0
inductive,split_01,1,202,0,inductive_split_01_seed_202,unseen_unseen,all_pairs,positive,shared_protein_count,0.241312511537305,partial_spearman,n_proteins_a|n_proteins_b,unordered_minmax,59,59,0,59,95,44,19,16,19,16,ok,3.0,56.0
inductive,split_01,1,202,0,inductive_split_01_seed_202,unseen_unseen,all_pairs,positive,biological_shared_protein_count,0.0838947665703398,partial_spearman,n_biological_proteins_a|n_biological_proteins_b,endpoint_columns,59,59,0,59,95,44,19,16,19,16,ok,3.0,56.0
inductive,split_01,1,202,0,inductive_split_01_seed_202,unseen_unseen,all_pairs,positive,biological_shared_protein_count,0.241312511537305,partial_spearman,n_biological_proteins_a|n_biological_proteins_b,unordered_minmax,59,59,0,59,95,44,19,16,19,16,ok,3.0,56.0
inductive,split_01,1,202,0,inductive_split_01_seed_202,unseen_unseen,all_pairs,positive,shared_target_count,0.2129842448836788,partial_spearman,n_targets_a|n_targets_b,endpoint_columns,59,59,0,59,95,44,19,16,19,16,ok,3.0,56.0
inductive,split_01,1,202,0,inductive_split_01_seed_202,unseen_unseen,all_pairs,positive,shared_target_count,0.2645879119834803,partial_spearman,n_targets_a|n_targets_b,unordered_minmax,59,59,0,59,95,44,19,16,19,16,ok,3.0,56.0
inductive,split_01,1,202,0,inductive_split_01_seed_202,unseen_unseen,all_pairs,negative,shared_protein_count,0.223785899665456,partial_spearman,n_proteins_a|n_proteins_b,endpoint_columns,59,59,0,59,38,59,6,0,6,0,ok,3.0,56.0
inductive,split_01,1,202,0,inductive_split_01_seed_202,unseen_unseen,all_pairs,negative,shared_protein_count,0.2382679280019869,partial_spearman,n_proteins_a|n_proteins_b,unordered_minmax,59,59,0,59,38,59,6,0,6,0,ok,3.0,56.0
inductive,split_01,1,202,0,inductive_split_01_seed_202,unseen_unseen,all_pairs,negative,biological_shared_protein_count,0.223785899665456,partial_spearman,n_biological_proteins_a|n_biological_proteins_b,endpoint_columns,59,59,0,59,38,59,6,0,6,0,ok,3.0,56.0
inductive,split_01,1,202,0,inductive_split_01_seed_202,unseen_unseen,all_pairs,negative,biological_shared_protein_count,0.2382679280019869,partial_spearman,n_biological_proteins_a|n_biological_proteins_b,unordered_minmax,59,59,0,59,38,59,6,0,6,0,ok,3.0,56.0
inductive,split_01,1,202,0,inductive_split_01_seed_202,unseen_unseen,all_pairs,negative,shared_target_count,0.567437286384824,partial_spearman,n_targets_a|n_targets_b,endpoint_columns,59,59,0,59,38,59,6,0,6,0,ok,3.0,56.0
inductive,split_01,1,202,0,inductive_split_01_seed_202,unseen_unseen,all_pairs,negative,shared_target_count,0.5431689321250768,partial_spearman,n_targets_a|n_targets_b,unordered_minmax,59,59,0,59,38,59,6,0,6,0,ok,3.0,56.0
inductive,split_01,1,202,0,inductive_split_01_seed_202,unseen_unseen,both_have_targets,overall,shared_protein_count,0.2740377628149824,partial_spearman,n_proteins_a|n_proteins_b,endpoint_columns,102,102,0,102,95,102,9,0,9,0,ok,3.0,99.0
inductive,split_01,1,202,0,inductive_split_01_seed_202,unseen_unseen,both_have_targets,overall,shared_protein_count,0.3346558624447385,partial_spearman,n_proteins_a|n_proteins_b,unordered_minmax,102,102,0,102,95,102,9,0,9,0,ok,3.0,99.0
inductive,split_01,1,202,0,inductive_split_01_seed_202,unseen_unseen,both_have_targets,overall,biological_shared_protein_count,0.2740377628149824,partial_spearman,n_biological_proteins_a|n_biological_proteins_b,endpoint_columns,102,102,0,102,95,102,9,0,9,0,ok,3.0,99.0
inductive,split_01,1,202,0,inductive_split_01_seed_202,unseen_unseen,both_have_targets,overall,biological_shared_protein_count,0.3346558624447385,partial_spearman,n_biological_proteins_a|n_biological_proteins_b,unordered_minmax,102,102,0,102,95,102,9,0,9,0,ok,3.0,99.0
inductive,split_01,1,202,0,inductive_split_01_seed_202,unseen_unseen,both_have_targets,overall,shared_target_count,0.5002786702240779,partial_spearman,n_targets_a|n_targets_b,endpoint_columns,102,102,0,102,95,102,9,0,9,0,ok,3.0,99.0
inductive,split_01,1,202,0,inductive_split_01_seed_202,unseen_unseen,both_have_targets,overall,shared_target_count,0.492611131403422,partial_spearman,n_targets_a|n_targets_b,unordered_minmax,102,102,0,102,95,102,9,0,9,0,ok,3.0,99.0
inductive,split_01,1,202,0,inductive_split_01_seed_202,unseen_unseen,both_have_targets,positive,shared_protein_count,0.2634904009808423,partial_spearman,n_proteins_a|n_proteins_b,endpoint_columns,43,43,0,43,71,43,3,0,3,0,ok,3.0,40.0
inductive,split_01,1,202,0,inductive_split_01_seed_202,unseen_unseen,both_have_targets,positive,shared_protein_count,0.386227045232507,partial_spearman,n_proteins_a|n_proteins_b,unordered_minmax,43,43,0,43,71,43,3,0,3,0,ok,3.0,40.0
inductive,split_01,1,202,0,inductive_split_01_seed_202,unseen_unseen,both_have_targets,positive,biological_shared_protein_count,0.2634904009808423,partial_spearman,n_biological_proteins_a|n_biological_proteins_b,endpoint_columns,43,43,0,43,71,43,3,0,3,0,ok,3.0,40.0
inductive,split_01,1,202,0,inductive_split_01_seed_202,unseen_unseen,both_have_targets,positive,biological_shared_protein_count,0.386227045232507,partial_spearman,n_biological_proteins_a|n_biological_proteins_b,unordered_minmax,43,43,0,43,71,43,3,0,3,0,ok,3.0,40.0
inductive,split_01,1,202,0,inductive_split_01_seed_202,unseen_unseen,both_have_targets,positive,shared_target_count,0.2751843245138852,partial_spearman,n_targets_a|n_targets_b,endpoint_columns,43,43,0,43,71,43,3,0,3,0,ok,3.0,40.0
inductive,split_01,1,202,0,inductive_split_01_seed_202,unseen_unseen,both_have_targets,positive,shared_target_count,0.278437394669825,partial_spearman,n_targets_a|n_targets_b,unordered_minmax,43,43,0,43,71,43,3,0,3,0,ok,3.0,40.0
inductive,split_01,1,202,0,inductive_split_01_seed_202,unseen_unseen,both_have_targets,negative,shared_protein_count,0.223785899665456,partial_spearman,n_proteins_a|n_proteins_b,endpoint_columns,59,59,0,59,38,59,6,0,6,0,ok,3.0,56.0
inductive,split_01,1,202,0,inductive_split_01_seed_202,unseen_unseen,both_have_targets,negative,shared_protein_count,0.2382679280019869,partial_spearman,n_proteins_a|n_proteins_b,unordered_minmax,59,59,0,59,38,59,6,0,6,0,ok,3.0,56.0
inductive,split_01,1,202,0,inductive_split_01_seed_202,unseen_unseen,both_have_targets,negative,biological_shared_protein_count,0.223785899665456,partial_spearman,n_biological_proteins_a|n_biological_proteins_b,endpoint_columns,59,59,0,59,38,59,6,0,6,0,ok,3.0,56.0
inductive,split_01,1,202,0,inductive_split_01_seed_202,unseen_unseen,both_have_targets,negative,biological_shared_protein_count,0.2382679280019869,partial_spearman,n_biological_proteins_a|n_biological_proteins_b,unordered_minmax,59,59,0,59,38,59,6,0,6,0,ok,3.0,56.0
inductive,split_01,1,202,0,inductive_split_01_seed_202,unseen_unseen,both_have_targets,negative,shared_target_count,0.567437286384824,partial_spearman,n_targets_a|n_targets_b,endpoint_columns,59,59,0,59,38,59,6,0,6,0,ok,3.0,56.0
inductive,split_01,1,202,0,inductive_split_01_seed_202,unseen_unseen,both_have_targets,negative,shared_target_count,0.5431689321250768,partial_spearman,n_targets_a|n_targets_b,unordered_minmax,59,59,0,59,38,59,6,0,6,0,ok,3.0,56.0
inductive,split_01,1,202,0,inductive_split_01_seed_202,seen_unseen,all_pairs,overall,biological_shared_protein_count,0.3178811526541193,partial_spearman,n_biological_proteins_a|n_biological_proteins_b|either_biological_size_zero,endpoint_columns_plus_zero,1510,1510,0,1510,1001,1288,370,221,370,221,ok,4.0,1506.0
inductive,split_01,1,202,0,inductive_split_01_seed_202,seen_unseen,all_pairs,overall,biological_shared_protein_count,0.3362003580497018,partial_spearman,n_biological_proteins_a|n_biological_proteins_b|either_biological_size_zero,unordered_minmax_plus_zero,1510,1510,0,1510,1001,1288,370,221,370,221,ok,4.0,1506.0
inductive,split_01,1,202,0,inductive_split_01_seed_202,unseen_unseen,all_pairs,overall,biological_shared_protein_count,0.2708273733587784,partial_spearman,n_biological_proteins_a|n_biological_proteins_b|either_biological_size_zero,endpoint_columns_plus_zero,118,118,0,118,115,103,25,16,25,16,ok,4.0,114.0
inductive,split_01,1,202,0,inductive_split_01_seed_202,unseen_unseen,all_pairs,overall,biological_shared_protein_count,0.3278778902455595,partial_spearman,n_biological_proteins_a|n_biological_proteins_b|either_biological_size_zero,unordered_minmax_plus_zero,118,118,0,118,115,103,25,16,25,16,ok,4.0,114.0
inductive,split_01,1,303,0,inductive_split_01_seed_303,seen_unseen,all_pairs,overall,shared_protein_count,-0.1843116470150881,spearman,none,none,1510,1510,0,1510,1001,1288,370,221,370,221,ok,,
inductive,split_01,1,303,0,inductive_split_01_seed_303,seen_unseen,all_pairs,overall,protein_jaccard,-0.0982029313891813,spearman,none,none,1484,1510,26,1484,979,1288,344,195,370,221,ok,,
inductive,split_01,1,303,0,inductive_split_01_seed_303,seen_unseen,all_pairs,overall,shared_target_count,0.1483770879925586,spearman,none,none,1510,1510,0,1510,1001,1288,370,221,370,221,ok,,
inductive,split_01,1,303,0,inductive_split_01_seed_303,seen_unseen,all_pairs,overall,biological_shared_protein_count,-0.1843116470150881,spearman,none,none,1510,1510,0,1510,1001,1288,370,221,370,221,ok,,
inductive,split_01,1,303,0,inductive_split_01_seed_303,seen_unseen,all_pairs,overall,protein_size_geomean,-0.3463833710687686,spearman,none,none,1510,1510,0,1510,1001,1288,370,221,370,221,ok,,
inductive,split_01,1,303,0,inductive_split_01_seed_303,seen_unseen,all_pairs,positive,shared_protein_count,-0.4386879755047993,spearman,none,none,755,755,0,755,865,534,274,221,274,221,ok,,
inductive,split_01,1,303,0,inductive_split_01_seed_303,seen_unseen,all_pairs,positive,protein_jaccard,-0.3910590181582479,spearman,none,none,729,755,26,729,843,534,248,195,274,221,ok,,
inductive,split_01,1,303,0,inductive_split_01_seed_303,seen_unseen,all_pairs,positive,shared_target_count,-0.142528083222517,spearman,none,none,755,755,0,755,865,534,274,221,274,221,ok,,
inductive,split_01,1,303,0,inductive_split_01_seed_303,seen_unseen,all_pairs,positive,biological_shared_protein_count,-0.4386879755047993,spearman,none,none,755,755,0,755,865,534,274,221,274,221,ok,,
inductive,split_01,1,303,0,inductive_split_01_seed_303,seen_unseen,all_pairs,positive,protein_size_geomean,-0.5733710712347567,spearman,none,none,755,755,0,755,865,534,274,221,274,221,ok,,
inductive,split_01,1,303,0,inductive_split_01_seed_303,seen_unseen,all_pairs,negative,shared_protein_count,0.0653097783259444,spearman,none,none,755,755,0,755,258,755,96,0,96,0,ok,,
inductive,split_01,1,303,0,inductive_split_01_seed_303,seen_unseen,all_pairs,negative,protein_jaccard,0.1823866706590114,spearman,none,none,755,755,0,755,258,755,96,0,96,0,ok,,
inductive,split_01,1,303,0,inductive_split_01_seed_303,seen_unseen,all_pairs,negative,shared_target_count,0.2595763716167429,spearman,none,none,755,755,0,755,258,755,96,0,96,0,ok,,
inductive,split_01,1,303,0,inductive_split_01_seed_303,seen_unseen,all_pairs,negative,biological_shared_protein_count,0.0653097783259444,spearman,none,none,755,755,0,755,258,755,96,0,96,0,ok,,
inductive,split_01,1,303,0,inductive_split_01_seed_303,seen_unseen,all_pairs,negative,protein_size_geomean,-0.0646544675536729,spearman,none,none,755,755,0,755,258,755,96,0,96,0,ok,,
inductive,split_01,1,303,0,inductive_split_01_seed_303,seen_unseen,both_have_targets,overall,shared_protein_count,0.2039928673734799,spearman,none,none,1297,1297,0,1297,792,1288,157,8,157,8,ok,,
inductive,split_01,1,303,0,inductive_split_01_seed_303,seen_unseen,both_have_targets,overall,protein_jaccard,0.2788095641117879,spearman,none,none,1297,1297,0,1297,792,1288,157,8,157,8,ok,,
inductive,split_01,1,303,0,inductive_split_01_seed_303,seen_unseen,both_have_targets,overall,shared_target_count,0.3969010248943709,spearman,none,none,1297,1297,0,1297,792,1288,157,8,157,8,ok,,
inductive,split_01,1,303,0,inductive_split_01_seed_303,seen_unseen,both_have_targets,overall,biological_shared_protein_count,0.2039928673734799,spearman,none,none,1297,1297,0,1297,792,1288,157,8,157,8,ok,,
inductive,split_01,1,303,0,inductive_split_01_seed_303,seen_unseen,both_have_targets,overall,protein_size_geomean,0.0247091450183433,spearman,none,none,1297,1297,0,1297,792,1288,157,8,157,8,ok,,
inductive,split_01,1,303,0,inductive_split_01_seed_303,seen_unseen,both_have_targets,positive,shared_protein_count,0.2724679341450536,spearman,none,none,542,542,0,542,643,534,61,8,61,8,ok,,
inductive,split_01,1,303,0,inductive_split_01_seed_303,seen_unseen,both_have_targets,positive,protein_jaccard,0.2775708411644089,spearman,none,none,542,542,0,542,643,534,61,8,61,8,ok,,
inductive,split_01,1,303,0,inductive_split_01_seed_303,seen_unseen,both_have_targets,positive,shared_target_count,0.3788962010448352,spearman,none,none,542,542,0,542,643,534,61,8,61,8,ok,,
inductive,split_01,1,303,0,inductive_split_01_seed_303,seen_unseen,both_have_targets,positive,biological_shared_protein_count,0.2724679341450536,spearman,none,none,542,542,0,542,643,534,61,8,61,8,ok,,
inductive,split_01,1,303,0,inductive_split_01_seed_303,seen_unseen,both_have_targets,positive,protein_size_geomean,0.1032288906951413,spearman,none,none,542,542,0,542,643,534,61,8,61,8,ok,,
inductive,split_01,1,303,0,inductive_split_01_seed_303,seen_unseen,both_have_targets,negative,shared_protein_count,0.0653097783259444,spearman,none,none,755,755,0,755,258,755,96,0,96,0,ok,,
inductive,split_01,1,303,0,inductive_split_01_seed_303,seen_unseen,both_have_targets,negative,protein_jaccard,0.1823866706590114,spearman,none,none,755,755,0,755,258,755,96,0,96,0,ok,,
inductive,split_01,1,303,0,inductive_split_01_seed_303,seen_unseen,both_have_targets,negative,shared_target_count,0.2595763716167429,spearman,none,none,755,755,0,755,258,755,96,0,96,0,ok,,
inductive,split_01,1,303,0,inductive_split_01_seed_303,seen_unseen,both_have_targets,negative,biological_shared_protein_count,0.0653097783259444,spearman,none,none,755,755,0,755,258,755,96,0,96,0,ok,,
inductive,split_01,1,303,0,inductive_split_01_seed_303,seen_unseen,both_have_targets,negative,protein_size_geomean,-0.0646544675536729,spearman,none,none,755,755,0,755,258,755,96,0,96,0,ok,,
inductive,split_01,1,303,0,inductive_split_01_seed_303,unseen_unseen,all_pairs,overall,shared_protein_count,-0.1161141640329902,spearman,none,none,118,118,0,118,115,103,25,16,25,16,ok,,
inductive,split_01,1,303,0,inductive_split_01_seed_303,unseen_unseen,all_pairs,overall,protein_jaccard,-0.0638080914860447,spearman,none,none,117,118,1,117,114,103,24,15,25,16,ok,,
inductive,split_01,1,303,0,inductive_split_01_seed_303,unseen_unseen,all_pairs,overall,shared_target_count,0.1169314587680867,spearman,none,none,118,118,0,118,115,103,25,16,25,16,ok,,
inductive,split_01,1,303,0,inductive_split_01_seed_303,unseen_unseen,all_pairs,overall,biological_shared_protein_count,-0.1161141640329902,spearman,none,none,118,118,0,118,115,103,25,16,25,16,ok,,
inductive,split_01,1,303,0,inductive_split_01_seed_303,unseen_unseen,all_pairs,overall,protein_size_geomean,-0.2460290292291734,spearman,none,none,118,118,0,118,115,103,25,16,25,16,ok,,
inductive,split_01,1,303,0,inductive_split_01_seed_303,unseen_unseen,all_pairs,positive,shared_protein_count,-0.435920645107997,spearman,none,none,59,59,0,59,95,44,19,16,19,16,ok,,
inductive,split_01,1,303,0,inductive_split_01_seed_303,unseen_unseen,all_pairs,positive,protein_jaccard,-0.3783096030932384,spearman,none,none,58,59,1,58,94,44,18,15,19,16,ok,,
inductive,split_01,1,303,0,inductive_split_01_seed_303,unseen_unseen,all_pairs,positive,shared_target_count,-0.2124527157415818,spearman,none,none,59,59,0,59,95,44,19,16,19,16,ok,,
inductive,split_01,1,303,0,inductive_split_01_seed_303,unseen_unseen,all_pairs,positive,biological_shared_protein_count,-0.435920645107997,spearman,none,none,59,59,0,59,95,44,19,16,19,16,ok,,
inductive,split_01,1,303,0,inductive_split_01_seed_303,unseen_unseen,all_pairs,positive,protein_size_geomean,-0.5717948717948718,spearman,none,none,59,59,0,59,95,44,19,16,19,16,ok,,
inductive,split_01,1,303,0,inductive_split_01_seed_303,unseen_unseen,all_pairs,negative,shared_protein_count,0.2832426500977064,spearman,none,none,59,59,0,59,38,59,6,0,6,0,ok,,
inductive,split_01,1,303,0,inductive_split_01_seed_303,unseen_unseen,all_pairs,negative,protein_jaccard,0.3350340325985367,spearman,none,none,59,59,0,59,38,59,6,0,6,0,ok,,
inductive,split_01,1,303,0,inductive_split_01_seed_303,unseen_unseen,all_pairs,negative,shared_target_count,0.4273631486836032,spearman,none,none,59,59,0,59,38,59,6,0,6,0,ok,,
inductive,split_01,1,303,0,inductive_split_01_seed_303,unseen_unseen,all_pairs,negative,biological_shared_protein_count,0.2832426500977064,spearman,none,none,59,59,0,59,38,59,6,0,6,0,ok,,
inductive,split_01,1,303,0,inductive_split_01_seed_303,unseen_unseen,all_pairs,negative,protein_size_geomean,0.192051431911163,spearman,none,none,59,59,0,59,38,59,6,0,6,0,ok,,
inductive,split_01,1,303,0,inductive_split_01_seed_303,unseen_unseen,both_have_targets,overall,shared_protein_count,0.3096776785103458,spearman,none,none,102,102,0,102,95,102,9,0,9,0,ok,,
inductive,split_01,1,303,0,inductive_split_01_seed_303,unseen_unseen,both_have_targets,overall,protein_jaccard,0.357769125884301,spearman,none,none,102,102,0,102,95,102,9,0,9,0,ok,,
inductive,split_01,1,303,0,inductive_split_01_seed_303,unseen_unseen,both_have_targets,overall,shared_target_count,0.3695823915331376,spearman,none,none,102,102,0,102,95,102,9,0,9,0,ok,,
inductive,split_01,1,303,0,inductive_split_01_seed_303,unseen_unseen,both_have_targets,overall,biological_shared_protein_count,0.3096776785103458,spearman,none,none,102,102,0,102,95,102,9,0,9,0,ok,,
inductive,split_01,1,303,0,inductive_split_01_seed_303,unseen_unseen,both_have_targets,overall,protein_size_geomean,0.1644779064809896,spearman,none,none,102,102,0,102,95,102,9,0,9,0,ok,,
inductive,split_01,1,303,0,inductive_split_01_seed_303,unseen_unseen,both_have_targets,positive,shared_protein_count,0.2898924200748792,spearman,none,none,43,43,0,43,71,43,3,0,3,0,ok,,
inductive,split_01,1,303,0,inductive_split_01_seed_303,unseen_unseen,both_have_targets,positive,protein_jaccard,0.3697326729982194,spearman,none,none,43,43,0,43,71,43,3,0,3,0,ok,,
inductive,split_01,1,303,0,inductive_split_01_seed_303,unseen_unseen,both_have_targets,positive,shared_target_count,0.2710801208195714,spearman,none,none,43,43,0,43,71,43,3,0,3,0,ok,,
inductive,split_01,1,303,0,inductive_split_01_seed_303,unseen_unseen,both_have_targets,positive,biological_shared_protein_count,0.2898924200748792,spearman,none,none,43,43,0,43,71,43,3,0,3,0,ok,,
inductive,split_01,1,303,0,inductive_split_01_seed_303,unseen_unseen,both_have_targets,positive,protein_size_geomean,0.0844155844155844,spearman,none,none,43,43,0,43,71,43,3,0,3,0,ok,,
inductive,split_01,1,303,0,inductive_split_01_seed_303,unseen_unseen,both_have_targets,negative,shared_protein_count,0.2832426500977064,spearman,none,none,59,59,0,59,38,59,6,0,6,0,ok,,
inductive,split_01,1,303,0,inductive_split_01_seed_303,unseen_unseen,both_have_targets,negative,protein_jaccard,0.3350340325985367,spearman,none,none,59,59,0,59,38,59,6,0,6,0,ok,,
inductive,split_01,1,303,0,inductive_split_01_seed_303,unseen_unseen,both_have_targets,negative,shared_target_count,0.4273631486836032,spearman,none,none,59,59,0,59,38,59,6,0,6,0,ok,,
inductive,split_01,1,303,0,inductive_split_01_seed_303,unseen_unseen,both_have_targets,negative,biological_shared_protein_count,0.2832426500977064,spearman,none,none,59,59,0,59,38,59,6,0,6,0,ok,,
inductive,split_01,1,303,0,inductive_split_01_seed_303,unseen_unseen,both_have_targets,negative,protein_size_geomean,0.192051431911163,spearman,none,none,59,59,0,59,38,59,6,0,6,0,ok,,
inductive,split_01,1,303,0,inductive_split_01_seed_303,seen_unseen,all_pairs,overall,shared_protein_count,0.0956444886190018,partial_spearman,n_proteins_a|n_proteins_b,endpoint_columns,1510,1510,0,1510,1001,1288,370,221,370,221,ok,3.0,1507.0
inductive,split_01,1,303,0,inductive_split_01_seed_303,seen_unseen,all_pairs,overall,shared_protein_count,0.2125633053513682,partial_spearman,n_proteins_a|n_proteins_b,unordered_minmax,1510,1510,0,1510,1001,1288,370,221,370,221,ok,3.0,1507.0
inductive,split_01,1,303,0,inductive_split_01_seed_303,seen_unseen,all_pairs,overall,biological_shared_protein_count,0.0956444886190018,partial_spearman,n_biological_proteins_a|n_biological_proteins_b,endpoint_columns,1510,1510,0,1510,1001,1288,370,221,370,221,ok,3.0,1507.0
inductive,split_01,1,303,0,inductive_split_01_seed_303,seen_unseen,all_pairs,overall,biological_shared_protein_count,0.2125633053513682,partial_spearman,n_biological_proteins_a|n_biological_proteins_b,unordered_minmax,1510,1510,0,1510,1001,1288,370,221,370,221,ok,3.0,1507.0
inductive,split_01,1,303,0,inductive_split_01_seed_303,seen_unseen,all_pairs,overall,shared_target_count,0.2732629438168128,partial_spearman,n_targets_a|n_targets_b,endpoint_columns,1510,1510,0,1510,1001,1288,370,221,370,221,ok,3.0,1507.0
inductive,split_01,1,303,0,inductive_split_01_seed_303,seen_unseen,all_pairs,overall,shared_target_count,0.3143363866301535,partial_spearman,n_targets_a|n_targets_b,unordered_minmax,1510,1510,0,1510,1001,1288,370,221,370,221,ok,3.0,1507.0
inductive,split_01,1,303,0,inductive_split_01_seed_303,seen_unseen,all_pairs,positive,shared_protein_count,-0.0610604444305897,partial_spearman,n_proteins_a|n_proteins_b,endpoint_columns,755,755,0,755,865,534,274,221,274,221,ok,3.0,752.0
inductive,split_01,1,303,0,inductive_split_01_seed_303,seen_unseen,all_pairs,positive,shared_protein_count,0.220478152241303,partial_spearman,n_proteins_a|n_proteins_b,unordered_minmax,755,755,0,755,865,534,274,221,274,221,ok,3.0,752.0
inductive,split_01,1,303,0,inductive_split_01_seed_303,seen_unseen,all_pairs,positive,biological_shared_protein_count,-0.0610604444305897,partial_spearman,n_biological_proteins_a|n_biological_proteins_b,endpoint_columns,755,755,0,755,865,534,274,221,274,221,ok,3.0,752.0
inductive,split_01,1,303,0,inductive_split_01_seed_303,seen_unseen,all_pairs,positive,biological_shared_protein_count,0.220478152241303,partial_spearman,n_biological_proteins_a|n_biological_proteins_b,unordered_minmax,755,755,0,755,865,534,274,221,274,221,ok,3.0,752.0
inductive,split_01,1,303,0,inductive_split_01_seed_303,seen_unseen,all_pairs,positive,shared_target_count,0.2203164946155417,partial_spearman,n_targets_a|n_targets_b,endpoint_columns,755,755,0,755,865,534,274,221,274,221,ok,3.0,752.0
inductive,split_01,1,303,0,inductive_split_01_seed_303,seen_unseen,all_pairs,positive,shared_target_count,0.3731918495528984,partial_spearman,n_targets_a|n_targets_b,unordered_minmax,755,755,0,755,865,534,274,221,274,221,ok,3.0,752.0
inductive,split_01,1,303,0,inductive_split_01_seed_303,seen_unseen,all_pairs,negative,shared_protein_count,0.260608465633419,partial_spearman,n_proteins_a|n_proteins_b,endpoint_columns,755,755,0,755,258,755,96,0,96,0,ok,3.0,752.0
inductive,split_01,1,303,0,inductive_split_01_seed_303,seen_unseen,all_pairs,negative,shared_protein_count,0.2207727491147806,partial_spearman,n_proteins_a|n_proteins_b,unordered_minmax,755,755,0,755,258,755,96,0,96,0,ok,3.0,752.0
inductive,split_01,1,303,0,inductive_split_01_seed_303,seen_unseen,all_pairs,negative,biological_shared_protein_count,0.260608465633419,partial_spearman,n_biological_proteins_a|n_biological_proteins_b,endpoint_columns,755,755,0,755,258,755,96,0,96,0,ok,3.0,752.0
inductive,split_01,1,303,0,inductive_split_01_seed_303,seen_unseen,all_pairs,negative,biological_shared_protein_count,0.2207727491147806,partial_spearman,n_biological_proteins_a|n_biological_proteins_b,unordered_minmax,755,755,0,755,258,755,96,0,96,0,ok,3.0,752.0
inductive,split_01,1,303,0,inductive_split_01_seed_303,seen_unseen,all_pairs,negative,shared_target_count,0.2446516557104879,partial_spearman,n_targets_a|n_targets_b,endpoint_columns,755,755,0,755,258,755,96,0,96,0,ok,3.0,752.0
inductive,split_01,1,303,0,inductive_split_01_seed_303,seen_unseen,all_pairs,negative,shared_target_count,0.2283131279634657,partial_spearman,n_targets_a|n_targets_b,unordered_minmax,755,755,0,755,258,755,96,0,96,0,ok,3.0,752.0
inductive,split_01,1,303,0,inductive_split_01_seed_303,seen_unseen,both_have_targets,overall,shared_protein_count,0.3122748217873115,partial_spearman,n_proteins_a|n_proteins_b,endpoint_columns,1297,1297,0,1297,792,1288,157,8,157,8,ok,3.0,1294.0
inductive,split_01,1,303,0,inductive_split_01_seed_303,seen_unseen,both_have_targets,overall,shared_protein_count,0.3145624534214677,partial_spearman,n_proteins_a|n_proteins_b,unordered_minmax,1297,1297,0,1297,792,1288,157,8,157,8,ok,3.0,1294.0
inductive,split_01,1,303,0,inductive_split_01_seed_303,seen_unseen,both_have_targets,overall,biological_shared_protein_count,0.3122748217873115,partial_spearman,n_biological_proteins_a|n_biological_proteins_b,endpoint_columns,1297,1297,0,1297,792,1288,157,8,157,8,ok,3.0,1294.0
inductive,split_01,1,303,0,inductive_split_01_seed_303,seen_unseen,both_have_targets,overall,biological_shared_protein_count,0.3145624534214677,partial_spearman,n_biological_proteins_a|n_biological_proteins_b,unordered_minmax,1297,1297,0,1297,792,1288,157,8,157,8,ok,3.0,1294.0
inductive,split_01,1,303,0,inductive_split_01_seed_303,seen_unseen,both_have_targets,overall,shared_target_count,0.3674284063982648,partial_spearman,n_targets_a|n_targets_b,endpoint_columns,1297,1297,0,1297,792,1288,157,8,157,8,ok,3.0,1294.0
inductive,split_01,1,303,0,inductive_split_01_seed_303,seen_unseen,both_have_targets,overall,shared_target_count,0.3620158003668268,partial_spearman,n_targets_a|n_targets_b,unordered_minmax,1297,1297,0,1297,792,1288,157,8,157,8,ok,3.0,1294.0
inductive,split_01,1,303,0,inductive_split_01_seed_303,seen_unseen,both_have_targets,positive,shared_protein_count,0.2941075083750103,partial_spearman,n_proteins_a|n_proteins_b,endpoint_columns,542,542,0,542,643,534,61,8,61,8,ok,3.0,539.0
inductive,split_01,1,303,0,inductive_split_01_seed_303,seen_unseen,both_have_targets,positive,shared_protein_count,0.338619311095893,partial_spearman,n_proteins_a|n_proteins_b,unordered_minmax,542,542,0,542,643,534,61,8,61,8,ok,3.0,539.0
inductive,split_01,1,303,0,inductive_split_01_seed_303,seen_unseen,both_have_targets,positive,biological_shared_protein_count,0.2941075083750103,partial_spearman,n_biological_proteins_a|n_biological_proteins_b,endpoint_columns,542,542,0,542,643,534,61,8,61,8,ok,3.0,539.0
inductive,split_01,1,303,0,inductive_split_01_seed_303,seen_unseen,both_have_targets,positive,biological_shared_protein_count,0.338619311095893,partial_spearman,n_biological_proteins_a|n_biological_proteins_b,unordered_minmax,542,542,0,542,643,534,61,8,61,8,ok,3.0,539.0
inductive,split_01,1,303,0,inductive_split_01_seed_303,seen_unseen,both_have_targets,positive,shared_target_count,0.3397282770695889,partial_spearman,n_targets_a|n_targets_b,endpoint_columns,542,542,0,542,643,534,61,8,61,8,ok,3.0,539.0
inductive,split_01,1,303,0,inductive_split_01_seed_303,seen_unseen,both_have_targets,positive,shared_target_count,0.3652494853065605,partial_spearman,n_targets_a|n_targets_b,unordered_minmax,542,542,0,542,643,534,61,8,61,8,ok,3.0,539.0
inductive,split_01,1,303,0,inductive_split_01_seed_303,seen_unseen,both_have_targets,negative,shared_protein_count,0.260608465633419,partial_spearman,n_proteins_a|n_proteins_b,endpoint_columns,755,755,0,755,258,755,96,0,96,0,ok,3.0,752.0
inductive,split_01,1,303,0,inductive_split_01_seed_303,seen_unseen,both_have_targets,negative,shared_protein_count,0.2207727491147806,partial_spearman,n_proteins_a|n_proteins_b,unordered_minmax,755,755,0,755,258,755,96,0,96,0,ok,3.0,752.0
inductive,split_01,1,303,0,inductive_split_01_seed_303,seen_unseen,both_have_targets,negative,biological_shared_protein_count,0.260608465633419,partial_spearman,n_biological_proteins_a|n_biological_proteins_b,endpoint_columns,755,755,0,755,258,755,96,0,96,0,ok,3.0,752.0
inductive,split_01,1,303,0,inductive_split_01_seed_303,seen_unseen,both_have_targets,negative,biological_shared_protein_count,0.2207727491147806,partial_spearman,n_biological_proteins_a|n_biological_proteins_b,unordered_minmax,755,755,0,755,258,755,96,0,96,0,ok,3.0,752.0
inductive,split_01,1,303,0,inductive_split_01_seed_303,seen_unseen,both_have_targets,negative,shared_target_count,0.2446516557104879,partial_spearman,n_targets_a|n_targets_b,endpoint_columns,755,755,0,755,258,755,96,0,96,0,ok,3.0,752.0
inductive,split_01,1,303,0,inductive_split_01_seed_303,seen_unseen,both_have_targets,negative,shared_target_count,0.2283131279634657,partial_spearman,n_targets_a|n_targets_b,unordered_minmax,755,755,0,755,258,755,96,0,96,0,ok,3.0,752.0
inductive,split_01,1,303,0,inductive_split_01_seed_303,unseen_unseen,all_pairs,overall,shared_protein_count,0.2156553195410806,partial_spearman,n_proteins_a|n_proteins_b,endpoint_columns,118,118,0,118,115,103,25,16,25,16,ok,3.0,115.0
inductive,split_01,1,303,0,inductive_split_01_seed_303,unseen_unseen,all_pairs,overall,shared_protein_count,0.238092336607668,partial_spearman,n_proteins_a|n_proteins_b,unordered_minmax,118,118,0,118,115,103,25,16,25,16,ok,3.0,115.0
inductive,split_01,1,303,0,inductive_split_01_seed_303,unseen_unseen,all_pairs,overall,biological_shared_protein_count,0.2156553195410806,partial_spearman,n_biological_proteins_a|n_biological_proteins_b,endpoint_columns,118,118,0,118,115,103,25,16,25,16,ok,3.0,115.0
inductive,split_01,1,303,0,inductive_split_01_seed_303,unseen_unseen,all_pairs,overall,biological_shared_protein_count,0.238092336607668,partial_spearman,n_biological_proteins_a|n_biological_proteins_b,unordered_minmax,118,118,0,118,115,103,25,16,25,16,ok,3.0,115.0
inductive,split_01,1,303,0,inductive_split_01_seed_303,unseen_unseen,all_pairs,overall,shared_target_count,0.2916823178406507,partial_spearman,n_targets_a|n_targets_b,endpoint_columns,118,118,0,118,115,103,25,16,25,16,ok,3.0,115.0
inductive,split_01,1,303,0,inductive_split_01_seed_303,unseen_unseen,all_pairs,overall,shared_target_count,0.2765534217427268,partial_spearman,n_targets_a|n_targets_b,unordered_minmax,118,118,0,118,115,103,25,16,25,16,ok,3.0,115.0
inductive,split_01,1,303,0,inductive_split_01_seed_303,unseen_unseen,all_pairs,positive,shared_protein_count,0.1147004323658378,partial_spearman,n_proteins_a|n_proteins_b,endpoint_columns,59,59,0,59,95,44,19,16,19,16,ok,3.0,56.0
inductive,split_01,1,303,0,inductive_split_01_seed_303,unseen_unseen,all_pairs,positive,shared_protein_count,0.2373838042260163,partial_spearman,n_proteins_a|n_proteins_b,unordered_minmax,59,59,0,59,95,44,19,16,19,16,ok,3.0,56.0
inductive,split_01,1,303,0,inductive_split_01_seed_303,unseen_unseen,all_pairs,positive,biological_shared_protein_count,0.1147004323658378,partial_spearman,n_biological_proteins_a|n_biological_proteins_b,endpoint_columns,59,59,0,59,95,44,19,16,19,16,ok,3.0,56.0
inductive,split_01,1,303,0,inductive_split_01_seed_303,unseen_unseen,all_pairs,positive,biological_shared_protein_count,0.2373838042260163,partial_spearman,n_biological_proteins_a|n_biological_proteins_b,unordered_minmax,59,59,0,59,95,44,19,16,19,16,ok,3.0,56.0
inductive,split_01,1,303,0,inductive_split_01_seed_303,unseen_unseen,all_pairs,positive,shared_target_count,0.2321597738231692,partial_spearman,n_targets_a|n_targets_b,endpoint_columns,59,59,0,59,95,44,19,16,19,16,ok,3.0,56.0
inductive,split_01,1,303,0,inductive_split_01_seed_303,unseen_unseen,all_pairs,positive,shared_target_count,0.2708553779732491,partial_spearman,n_targets_a|n_targets_b,unordered_minmax,59,59,0,59,95,44,19,16,19,16,ok,3.0,56.0
inductive,split_01,1,303,0,inductive_split_01_seed_303,unseen_unseen,all_pairs,negative,shared_protein_count,0.3631117814814869,partial_spearman,n_proteins_a|n_proteins_b,endpoint_columns,59,59,0,59,38,59,6,0,6,0,ok,3.0,56.0
inductive,split_01,1,303,0,inductive_split_01_seed_303,unseen_unseen,all_pairs,negative,shared_protein_count,0.3076573606869414,partial_spearman,n_proteins_a|n_proteins_b,unordered_minmax,59,59,0,59,38,59,6,0,6,0,ok,3.0,56.0
inductive,split_01,1,303,0,inductive_split_01_seed_303,unseen_unseen,all_pairs,negative,biological_shared_protein_count,0.3631117814814869,partial_spearman,n_biological_proteins_a|n_biological_proteins_b,endpoint_columns,59,59,0,59,38,59,6,0,6,0,ok,3.0,56.0
inductive,split_01,1,303,0,inductive_split_01_seed_303,unseen_unseen,all_pairs,negative,biological_shared_protein_count,0.3076573606869414,partial_spearman,n_biological_proteins_a|n_biological_proteins_b,unordered_minmax,59,59,0,59,38,59,6,0,6,0,ok,3.0,56.0
inductive,split_01,1,303,0,inductive_split_01_seed_303,unseen_unseen,all_pairs,negative,shared_target_count,0.4334052303885922,partial_spearman,n_targets_a|n_targets_b,endpoint_columns,59,59,0,59,38,59,6,0,6,0,ok,3.0,56.0
inductive,split_01,1,303,0,inductive_split_01_seed_303,unseen_unseen,all_pairs,negative,shared_target_count,0.433107031400965,partial_spearman,n_targets_a|n_targets_b,unordered_minmax,59,59,0,59,38,59,6,0,6,0,ok,3.0,56.0
inductive,split_01,1,303,0,inductive_split_01_seed_303,unseen_unseen,both_have_targets,overall,shared_protein_count,0.3610580688049698,partial_spearman,n_proteins_a|n_proteins_b,endpoint_columns,102,102,0,102,95,102,9,0,9,0,ok,3.0,99.0
inductive,split_01,1,303,0,inductive_split_01_seed_303,unseen_unseen,both_have_targets,overall,shared_protein_count,0.3519440723207108,partial_spearman,n_proteins_a|n_proteins_b,unordered_minmax,102,102,0,102,95,102,9,0,9,0,ok,3.0,99.0
inductive,split_01,1,303,0,inductive_split_01_seed_303,unseen_unseen,both_have_targets,overall,biological_shared_protein_count,0.3610580688049698,partial_spearman,n_biological_proteins_a|n_biological_proteins_b,endpoint_columns,102,102,0,102,95,102,9,0,9,0,ok,3.0,99.0
inductive,split_01,1,303,0,inductive_split_01_seed_303,unseen_unseen,both_have_targets,overall,biological_shared_protein_count,0.3519440723207108,partial_spearman,n_biological_proteins_a|n_biological_proteins_b,unordered_minmax,102,102,0,102,95,102,9,0,9,0,ok,3.0,99.0
inductive,split_01,1,303,0,inductive_split_01_seed_303,unseen_unseen,both_have_targets,overall,shared_target_count,0.3835813532283664,partial_spearman,n_targets_a|n_targets_b,endpoint_columns,102,102,0,102,95,102,9,0,9,0,ok,3.0,99.0
inductive,split_01,1,303,0,inductive_split_01_seed_303,unseen_unseen,both_have_targets,overall,shared_target_count,0.3890744721295965,partial_spearman,n_targets_a|n_targets_b,unordered_minmax,102,102,0,102,95,102,9,0,9,0,ok,3.0,99.0
inductive,split_01,1,303,0,inductive_split_01_seed_303,unseen_unseen,both_have_targets,positive,shared_protein_count,0.3126453847754378,partial_spearman,n_proteins_a|n_proteins_b,endpoint_columns,43,43,0,43,71,43,3,0,3,0,ok,3.0,40.0
inductive,split_01,1,303,0,inductive_split_01_seed_303,unseen_unseen,both_have_targets,positive,shared_protein_count,0.356386562387854,partial_spearman,n_proteins_a|n_proteins_b,unordered_minmax,43,43,0,43,71,43,3,0,3,0,ok,3.0,40.0
inductive,split_01,1,303,0,inductive_split_01_seed_303,unseen_unseen,both_have_targets,positive,biological_shared_protein_count,0.3126453847754378,partial_spearman,n_biological_proteins_a|n_biological_proteins_b,endpoint_columns,43,43,0,43,71,43,3,0,3,0,ok,3.0,40.0
inductive,split_01,1,303,0,inductive_split_01_seed_303,unseen_unseen,both_have_targets,positive,biological_shared_protein_count,0.356386562387854,partial_spearman,n_biological_proteins_a|n_biological_proteins_b,unordered_minmax,43,43,0,43,71,43,3,0,3,0,ok,3.0,40.0
inductive,split_01,1,303,0,inductive_split_01_seed_303,unseen_unseen,both_have_targets,positive,shared_target_count,0.3063361658025145,partial_spearman,n_targets_a|n_targets_b,endpoint_columns,43,43,0,43,71,43,3,0,3,0,ok,3.0,40.0
inductive,split_01,1,303,0,inductive_split_01_seed_303,unseen_unseen,both_have_targets,positive,shared_target_count,0.2983304798816263,partial_spearman,n_targets_a|n_targets_b,unordered_minmax,43,43,0,43,71,43,3,0,3,0,ok,3.0,40.0
inductive,split_01,1,303,0,inductive_split_01_seed_303,unseen_unseen,both_have_targets,negative,shared_protein_count,0.3631117814814869,partial_spearman,n_proteins_a|n_proteins_b,endpoint_columns,59,59,0,59,38,59,6,0,6,0,ok,3.0,56.0
inductive,split_01,1,303,0,inductive_split_01_seed_303,unseen_unseen,both_have_targets,negative,shared_protein_count,0.3076573606869414,partial_spearman,n_proteins_a|n_proteins_b,unordered_minmax,59,59,0,59,38,59,6,0,6,0,ok,3.0,56.0
inductive,split_01,1,303,0,inductive_split_01_seed_303,unseen_unseen,both_have_targets,negative,biological_shared_protein_count,0.3631117814814869,partial_spearman,n_biological_proteins_a|n_biological_proteins_b,endpoint_columns,59,59,0,59,38,59,6,0,6,0,ok,3.0,56.0
inductive,split_01,1,303,0,inductive_split_01_seed_303,unseen_unseen,both_have_targets,negative,biological_shared_protein_count,0.3076573606869414,partial_spearman,n_biological_proteins_a|n_biological_proteins_b,unordered_minmax,59,59,0,59,38,59,6,0,6,0,ok,3.0,56.0
inductive,split_01,1,303,0,inductive_split_01_seed_303,unseen_unseen,both_have_targets,negative,shared_target_count,0.4334052303885922,partial_spearman,n_targets_a|n_targets_b,endpoint_columns,59,59,0,59,38,59,6,0,6,0,ok,3.0,56.0
inductive,split_01,1,303,0,inductive_split_01_seed_303,unseen_unseen,both_have_targets,negative,shared_target_count,0.433107031400965,partial_spearman,n_targets_a|n_targets_b,unordered_minmax,59,59,0,59,38,59,6,0,6,0,ok,3.0,56.0
inductive,split_01,1,303,0,inductive_split_01_seed_303,seen_unseen,all_pairs,overall,biological_shared_protein_count,0.2850364553764785,partial_spearman,n_biological_proteins_a|n_biological_proteins_b|either_biological_size_zero,endpoint_columns_plus_zero,1510,1510,0,1510,1001,1288,370,221,370,221,ok,4.0,1506.0
inductive,split_01,1,303,0,inductive_split_01_seed_303,seen_unseen,all_pairs,overall,biological_shared_protein_count,0.3012242334994077,partial_spearman,n_biological_proteins_a|n_biological_proteins_b|either_biological_size_zero,unordered_minmax_plus_zero,1510,1510,0,1510,1001,1288,370,221,370,221,ok,4.0,1506.0
inductive,split_01,1,303,0,inductive_split_01_seed_303,unseen_unseen,all_pairs,overall,biological_shared_protein_count,0.353215146173312,partial_spearman,n_biological_proteins_a|n_biological_proteins_b|either_biological_size_zero,endpoint_columns_plus_zero,118,118,0,118,115,103,25,16,25,16,ok,4.0,114.0
inductive,split_01,1,303,0,inductive_split_01_seed_303,unseen_unseen,all_pairs,overall,biological_shared_protein_count,0.3447572839781445,partial_spearman,n_biological_proteins_a|n_biological_proteins_b|either_biological_size_zero,unordered_minmax_plus_zero,118,118,0,118,115,103,25,16,25,16,ok,4.0,114.0
inductive,split_02,2,101,0,inductive_split_02_seed_101,seen_unseen,all_pairs,overall,shared_protein_count,-0.1759809360756558,spearman,none,none,1190,1190,0,1190,868,1014,309,169,309,169,ok,,
inductive,split_02,2,101,0,inductive_split_02_seed_101,seen_unseen,all_pairs,overall,protein_jaccard,-0.1337439508843848,spearman,none,none,1183,1190,7,1183,860,1014,302,162,309,169,ok,,
inductive,split_02,2,101,0,inductive_split_02_seed_101,seen_unseen,all_pairs,overall,shared_target_count,0.1941519880363181,spearman,none,none,1190,1190,0,1190,868,1014,309,169,309,169,ok,,
inductive,split_02,2,101,0,inductive_split_02_seed_101,seen_unseen,all_pairs,overall,biological_shared_protein_count,-0.1759809360756558,spearman,none,none,1190,1190,0,1190,868,1014,309,169,309,169,ok,,
inductive,split_02,2,101,0,inductive_split_02_seed_101,seen_unseen,all_pairs,overall,protein_size_geomean,-0.3207957434384308,spearman,none,none,1190,1190,0,1190,868,1014,309,169,309,169,ok,,
inductive,split_02,2,101,0,inductive_split_02_seed_101,seen_unseen,all_pairs,positive,shared_protein_count,-0.3991410159767426,spearman,none,none,595,595,0,595,727,424,212,169,212,169,ok,,
inductive,split_02,2,101,0,inductive_split_02_seed_101,seen_unseen,all_pairs,positive,protein_jaccard,-0.3829878162519375,spearman,none,none,588,595,7,588,719,424,205,162,212,169,ok,,
inductive,split_02,2,101,0,inductive_split_02_seed_101,seen_unseen,all_pairs,positive,shared_target_count,-0.0805901487965615,spearman,none,none,595,595,0,595,727,424,212,169,212,169,ok,,
inductive,split_02,2,101,0,inductive_split_02_seed_101,seen_unseen,all_pairs,positive,biological_shared_protein_count,-0.3991410159767426,spearman,none,none,595,595,0,595,727,424,212,169,212,169,ok,,
inductive,split_02,2,101,0,inductive_split_02_seed_101,seen_unseen,all_pairs,positive,protein_size_geomean,-0.5292844247619249,spearman,none,none,595,595,0,595,727,424,212,169,212,169,ok,,
inductive,split_02,2,101,0,inductive_split_02_seed_101,seen_unseen,all_pairs,negative,shared_protein_count,-0.002734302144117,spearman,none,none,595,595,0,595,248,591,97,0,97,0,ok,,
inductive,split_02,2,101,0,inductive_split_02_seed_101,seen_unseen,all_pairs,negative,protein_jaccard,0.0594506795007995,spearman,none,none,595,595,0,595,248,591,97,0,97,0,ok,,
inductive,split_02,2,101,0,inductive_split_02_seed_101,seen_unseen,all_pairs,negative,shared_target_count,0.2660323801963472,spearman,none,none,595,595,0,595,248,591,97,0,97,0,ok,,
inductive,split_02,2,101,0,inductive_split_02_seed_101,seen_unseen,all_pairs,negative,biological_shared_protein_count,-0.002734302144117,spearman,none,none,595,595,0,595,248,591,97,0,97,0,ok,,
inductive,split_02,2,101,0,inductive_split_02_seed_101,seen_unseen,all_pairs,negative,protein_size_geomean,-0.061959149920444,spearman,none,none,595,595,0,595,248,591,97,0,97,0,ok,,
inductive,split_02,2,101,0,inductive_split_02_seed_101,seen_unseen,both_have_targets,overall,shared_protein_count,0.18214968337875,spearman,none,none,1031,1031,0,1031,705,1014,150,10,150,10,ok,,
inductive,split_02,2,101,0,inductive_split_02_seed_101,seen_unseen,both_have_targets,overall,protein_jaccard,0.2276850213792607,spearman,none,none,1031,1031,0,1031,705,1014,150,10,150,10,ok,,
inductive,split_02,2,101,0,inductive_split_02_seed_101,seen_unseen,both_have_targets,overall,shared_target_count,0.4314307856735362,spearman,none,none,1031,1031,0,1031,705,1014,150,10,150,10,ok,,
inductive,split_02,2,101,0,inductive_split_02_seed_101,seen_unseen,both_have_targets,overall,biological_shared_protein_count,0.18214968337875,spearman,none,none,1031,1031,0,1031,705,1014,150,10,150,10,ok,,
inductive,split_02,2,101,0,inductive_split_02_seed_101,seen_unseen,both_have_targets,overall,protein_size_geomean,0.036446699374841,spearman,none,none,1031,1031,0,1031,705,1014,150,10,150,10,ok,,
inductive,split_02,2,101,0,inductive_split_02_seed_101,seen_unseen,both_have_targets,positive,shared_protein_count,0.2887719378757509,spearman,none,none,436,436,0,436,552,424,53,10,53,10,ok,,
inductive,split_02,2,101,0,inductive_split_02_seed_101,seen_unseen,both_have_targets,positive,protein_jaccard,0.2898302697181533,spearman,none,none,436,436,0,436,552,424,53,10,53,10,ok,,
inductive,split_02,2,101,0,inductive_split_02_seed_101,seen_unseen,both_have_targets,positive,shared_target_count,0.4351995949577199,spearman,none,none,436,436,0,436,552,424,53,10,53,10,ok,,
inductive,split_02,2,101,0,inductive_split_02_seed_101,seen_unseen,both_have_targets,positive,biological_shared_protein_count,0.2887719378757509,spearman,none,none,436,436,0,436,552,424,53,10,53,10,ok,,
inductive,split_02,2,101,0,inductive_split_02_seed_101,seen_unseen,both_have_targets,positive,protein_size_geomean,0.1399744257092072,spearman,none,none,436,436,0,436,552,424,53,10,53,10,ok,,
inductive,split_02,2,101,0,inductive_split_02_seed_101,seen_unseen,both_have_targets,negative,shared_protein_count,-0.002734302144117,spearman,none,none,595,595,0,595,248,591,97,0,97,0,ok,,
inductive,split_02,2,101,0,inductive_split_02_seed_101,seen_unseen,both_have_targets,negative,protein_jaccard,0.0594506795007995,spearman,none,none,595,595,0,595,248,591,97,0,97,0,ok,,
inductive,split_02,2,101,0,inductive_split_02_seed_101,seen_unseen,both_have_targets,negative,shared_target_count,0.2660323801963472,spearman,none,none,595,595,0,595,248,591,97,0,97,0,ok,,
inductive,split_02,2,101,0,inductive_split_02_seed_101,seen_unseen,both_have_targets,negative,biological_shared_protein_count,-0.002734302144117,spearman,none,none,595,595,0,595,248,591,97,0,97,0,ok,,
inductive,split_02,2,101,0,inductive_split_02_seed_101,seen_unseen,both_have_targets,negative,protein_size_geomean,-0.061959149920444,spearman,none,none,595,595,0,595,248,591,97,0,97,0,ok,,
inductive,split_02,2,101,0,inductive_split_02_seed_101,unseen_unseen,all_pairs,overall,shared_protein_count,0.082866286076266,spearman,none,none,64,64,0,64,83,56,15,9,15,9,ok,,
inductive,split_02,2,101,0,inductive_split_02_seed_101,unseen_unseen,all_pairs,overall,protein_jaccard,0.0063683330859468,spearman,none,none,64,64,0,64,83,56,15,9,15,9,ok,,
inductive,split_02,2,101,0,inductive_split_02_seed_101,unseen_unseen,all_pairs,overall,shared_target_count,0.3251794460479617,spearman,none,none,64,64,0,64,83,56,15,9,15,9,ok,,
inductive,split_02,2,101,0,inductive_split_02_seed_101,unseen_unseen,all_pairs,overall,biological_shared_protein_count,0.082866286076266,spearman,none,none,64,64,0,64,83,56,15,9,15,9,ok,,
inductive,split_02,2,101,0,inductive_split_02_seed_101,unseen_unseen,all_pairs,overall,protein_size_geomean,0.0444118306484952,spearman,none,none,64,64,0,64,83,56,15,9,15,9,ok,,
inductive,split_02,2,101,0,inductive_split_02_seed_101,unseen_unseen,all_pairs,positive,shared_protein_count,-0.1597005961507101,spearman,none,none,32,32,0,32,58,24,10,9,10,9,ok,,
inductive,split_02,2,101,0,inductive_split_02_seed_101,unseen_unseen,all_pairs,positive,protein_jaccard,-0.2250890604801658,spearman,none,none,32,32,0,32,58,24,10,9,10,9,ok,,
inductive,split_02,2,101,0,inductive_split_02_seed_101,unseen_unseen,all_pairs,positive,shared_target_count,0.0325669321343708,spearman,none,none,32,32,0,32,58,24,10,9,10,9,ok,,
inductive,split_02,2,101,0,inductive_split_02_seed_101,unseen_unseen,all_pairs,positive,biological_shared_protein_count,-0.1597005961507101,spearman,none,none,32,32,0,32,58,24,10,9,10,9,ok,,
inductive,split_02,2,101,0,inductive_split_02_seed_101,unseen_unseen,all_pairs,positive,protein_size_geomean,-0.2459060087054427,spearman,none,none,32,32,0,32,58,24,10,9,10,9,ok,,
inductive,split_02,2,101,0,inductive_split_02_seed_101,unseen_unseen,all_pairs,negative,shared_protein_count,0.2574954450444346,spearman,none,none,32,32,0,32,29,32,5,0,5,0,ok,,
inductive,split_02,2,101,0,inductive_split_02_seed_101,unseen_unseen,all_pairs,negative,protein_jaccard,0.1704005810608936,spearman,none,none,32,32,0,32,29,32,5,0,5,0,ok,,
inductive,split_02,2,101,0,inductive_split_02_seed_101,unseen_unseen,all_pairs,negative,shared_target_count,0.5113295384991638,spearman,none,none,32,32,0,32,29,32,5,0,5,0,ok,,
inductive,split_02,2,101,0,inductive_split_02_seed_101,unseen_unseen,all_pairs,negative,biological_shared_protein_count,0.2574954450444346,spearman,none,none,32,32,0,32,29,32,5,0,5,0,ok,,
inductive,split_02,2,101,0,inductive_split_02_seed_101,unseen_unseen,all_pairs,negative,protein_size_geomean,0.3709677419354838,spearman,none,none,32,32,0,32,29,32,5,0,5,0,ok,,
inductive,split_02,2,101,0,inductive_split_02_seed_101,unseen_unseen,both_have_targets,overall,shared_protein_count,0.4601017587602687,spearman,none,none,57,57,0,57,69,56,8,2,8,2,ok,,
inductive,split_02,2,101,0,inductive_split_02_seed_101,unseen_unseen,both_have_targets,overall,protein_jaccard,0.3501715087874348,spearman,none,none,57,57,0,57,69,56,8,2,8,2,ok,,
inductive,split_02,2,101,0,inductive_split_02_seed_101,unseen_unseen,both_have_targets,overall,shared_target_count,0.5192865137216859,spearman,none,none,57,57,0,57,69,56,8,2,8,2,ok,,
inductive,split_02,2,101,0,inductive_split_02_seed_101,unseen_unseen,both_have_targets,overall,biological_shared_protein_count,0.4601017587602687,spearman,none,none,57,57,0,57,69,56,8,2,8,2,ok,,
inductive,split_02,2,101,0,inductive_split_02_seed_101,unseen_unseen,both_have_targets,overall,protein_size_geomean,0.4595290953593887,spearman,none,none,57,57,0,57,69,56,8,2,8,2,ok,,
inductive,split_02,2,101,0,inductive_split_02_seed_101,unseen_unseen,both_have_targets,positive,shared_protein_count,0.5123371121275433,spearman,none,none,25,25,0,25,44,24,3,2,3,2,ok,,
inductive,split_02,2,101,0,inductive_split_02_seed_101,unseen_unseen,both_have_targets,positive,protein_jaccard,0.3749760009260456,spearman,none,none,25,25,0,25,44,24,3,2,3,2,ok,,
inductive,split_02,2,101,0,inductive_split_02_seed_101,unseen_unseen,both_have_targets,positive,shared_target_count,0.408169276521064,spearman,none,none,25,25,0,25,44,24,3,2,3,2,ok,,
inductive,split_02,2,101,0,inductive_split_02_seed_101,unseen_unseen,both_have_targets,positive,biological_shared_protein_count,0.5123371121275433,spearman,none,none,25,25,0,25,44,24,3,2,3,2,ok,,
inductive,split_02,2,101,0,inductive_split_02_seed_101,unseen_unseen,both_have_targets,positive,protein_size_geomean,0.469705721325774,spearman,none,none,25,25,0,25,44,24,3,2,3,2,ok,,
inductive,split_02,2,101,0,inductive_split_02_seed_101,unseen_unseen,both_have_targets,negative,shared_protein_count,0.2574954450444346,spearman,none,none,32,32,0,32,29,32,5,0,5,0,ok,,
inductive,split_02,2,101,0,inductive_split_02_seed_101,unseen_unseen,both_have_targets,negative,protein_jaccard,0.1704005810608936,spearman,none,none,32,32,0,32,29,32,5,0,5,0,ok,,
inductive,split_02,2,101,0,inductive_split_02_seed_101,unseen_unseen,both_have_targets,negative,shared_target_count,0.5113295384991638,spearman,none,none,32,32,0,32,29,32,5,0,5,0,ok,,
inductive,split_02,2,101,0,inductive_split_02_seed_101,unseen_unseen,both_have_targets,negative,biological_shared_protein_count,0.2574954450444346,spearman,none,none,32,32,0,32,29,32,5,0,5,0,ok,,
inductive,split_02,2,101,0,inductive_split_02_seed_101,unseen_unseen,both_have_targets,negative,protein_size_geomean,0.3709677419354838,spearman,none,none,32,32,0,32,29,32,5,0,5,0,ok,,
inductive,split_02,2,101,0,inductive_split_02_seed_101,seen_unseen,all_pairs,overall,shared_protein_count,0.0857056951149806,partial_spearman,n_proteins_a|n_proteins_b,endpoint_columns,1190,1190,0,1190,868,1014,309,169,309,169,ok,3.0,1187.0
inductive,split_02,2,101,0,inductive_split_02_seed_101,seen_unseen,all_pairs,overall,shared_protein_count,0.2416410282737481,partial_spearman,n_proteins_a|n_proteins_b,unordered_minmax,1190,1190,0,1190,868,1014,309,169,309,169,ok,3.0,1187.0
inductive,split_02,2,101,0,inductive_split_02_seed_101,seen_unseen,all_pairs,overall,biological_shared_protein_count,0.0857056951149806,partial_spearman,n_biological_proteins_a|n_biological_proteins_b,endpoint_columns,1190,1190,0,1190,868,1014,309,169,309,169,ok,3.0,1187.0
inductive,split_02,2,101,0,inductive_split_02_seed_101,seen_unseen,all_pairs,overall,biological_shared_protein_count,0.2416410282737481,partial_spearman,n_biological_proteins_a|n_biological_proteins_b,unordered_minmax,1190,1190,0,1190,868,1014,309,169,309,169,ok,3.0,1187.0
inductive,split_02,2,101,0,inductive_split_02_seed_101,seen_unseen,all_pairs,overall,shared_target_count,0.3303266477203201,partial_spearman,n_targets_a|n_targets_b,endpoint_columns,1190,1190,0,1190,868,1014,309,169,309,169,ok,3.0,1187.0
inductive,split_02,2,101,0,inductive_split_02_seed_101,seen_unseen,all_pairs,overall,shared_target_count,0.3839064901934426,partial_spearman,n_targets_a|n_targets_b,unordered_minmax,1190,1190,0,1190,868,1014,309,169,309,169,ok,3.0,1187.0
inductive,split_02,2,101,0,inductive_split_02_seed_101,seen_unseen,all_pairs,positive,shared_protein_count,-0.0342387337994144,partial_spearman,n_proteins_a|n_proteins_b,endpoint_columns,595,595,0,595,727,424,212,169,212,169,ok,3.0,592.0
inductive,split_02,2,101,0,inductive_split_02_seed_101,seen_unseen,all_pairs,positive,shared_protein_count,0.2593392490097578,partial_spearman,n_proteins_a|n_proteins_b,unordered_minmax,595,595,0,595,727,424,212,169,212,169,ok,3.0,592.0
inductive,split_02,2,101,0,inductive_split_02_seed_101,seen_unseen,all_pairs,positive,biological_shared_protein_count,-0.0342387337994144,partial_spearman,n_biological_proteins_a|n_biological_proteins_b,endpoint_columns,595,595,0,595,727,424,212,169,212,169,ok,3.0,592.0
inductive,split_02,2,101,0,inductive_split_02_seed_101,seen_unseen,all_pairs,positive,biological_shared_protein_count,0.2593392490097578,partial_spearman,n_biological_proteins_a|n_biological_proteins_b,unordered_minmax,595,595,0,595,727,424,212,169,212,169,ok,3.0,592.0
inductive,split_02,2,101,0,inductive_split_02_seed_101,seen_unseen,all_pairs,positive,shared_target_count,0.2827989834566117,partial_spearman,n_targets_a|n_targets_b,endpoint_columns,595,595,0,595,727,424,212,169,212,169,ok,3.0,592.0
inductive,split_02,2,101,0,inductive_split_02_seed_101,seen_unseen,all_pairs,positive,shared_target_count,0.4521516692662472,partial_spearman,n_targets_a|n_targets_b,unordered_minmax,595,595,0,595,727,424,212,169,212,169,ok,3.0,592.0
inductive,split_02,2,101,0,inductive_split_02_seed_101,seen_unseen,all_pairs,negative,shared_protein_count,0.1309126987658905,partial_spearman,n_proteins_a|n_proteins_b,endpoint_columns,595,595,0,595,248,591,97,0,97,0,ok,3.0,592.0
inductive,split_02,2,101,0,inductive_split_02_seed_101,seen_unseen,all_pairs,negative,shared_protein_count,0.1578009998170658,partial_spearman,n_proteins_a|n_proteins_b,unordered_minmax,595,595,0,595,248,591,97,0,97,0,ok,3.0,592.0
inductive,split_02,2,101,0,inductive_split_02_seed_101,seen_unseen,all_pairs,negative,biological_shared_protein_count,0.1309126987658905,partial_spearman,n_biological_proteins_a|n_biological_proteins_b,endpoint_columns,595,595,0,595,248,591,97,0,97,0,ok,3.0,592.0
inductive,split_02,2,101,0,inductive_split_02_seed_101,seen_unseen,all_pairs,negative,biological_shared_protein_count,0.1578009998170658,partial_spearman,n_biological_proteins_a|n_biological_proteins_b,unordered_minmax,595,595,0,595,248,591,97,0,97,0,ok,3.0,592.0
inductive,split_02,2,101,0,inductive_split_02_seed_101,seen_unseen,all_pairs,negative,shared_target_count,0.2645527079785832,partial_spearman,n_targets_a|n_targets_b,endpoint_columns,595,595,0,595,248,591,97,0,97,0,ok,3.0,592.0
inductive,split_02,2,101,0,inductive_split_02_seed_101,seen_unseen,all_pairs,negative,shared_target_count,0.2410019606131787,partial_spearman,n_targets_a|n_targets_b,unordered_minmax,595,595,0,595,248,591,97,0,97,0,ok,3.0,592.0
inductive,split_02,2,101,0,inductive_split_02_seed_101,seen_unseen,both_have_targets,overall,shared_protein_count,0.2775367500774428,partial_spearman,n_proteins_a|n_proteins_b,endpoint_columns,1031,1031,0,1031,705,1014,150,10,150,10,ok,3.0,1028.0
inductive,split_02,2,101,0,inductive_split_02_seed_101,seen_unseen,both_have_targets,overall,shared_protein_count,0.3227053156625217,partial_spearman,n_proteins_a|n_proteins_b,unordered_minmax,1031,1031,0,1031,705,1014,150,10,150,10,ok,3.0,1028.0
inductive,split_02,2,101,0,inductive_split_02_seed_101,seen_unseen,both_have_targets,overall,biological_shared_protein_count,0.2775367500774428,partial_spearman,n_biological_proteins_a|n_biological_proteins_b,endpoint_columns,1031,1031,0,1031,705,1014,150,10,150,10,ok,3.0,1028.0
inductive,split_02,2,101,0,inductive_split_02_seed_101,seen_unseen,both_have_targets,overall,biological_shared_protein_count,0.3227053156625217,partial_spearman,n_biological_proteins_a|n_biological_proteins_b,unordered_minmax,1031,1031,0,1031,705,1014,150,10,150,10,ok,3.0,1028.0
inductive,split_02,2,101,0,inductive_split_02_seed_101,seen_unseen,both_have_targets,overall,shared_target_count,0.4131018477870893,partial_spearman,n_targets_a|n_targets_b,endpoint_columns,1031,1031,0,1031,705,1014,150,10,150,10,ok,3.0,1028.0
inductive,split_02,2,101,0,inductive_split_02_seed_101,seen_unseen,both_have_targets,overall,shared_target_count,0.4100290984121305,partial_spearman,n_targets_a|n_targets_b,unordered_minmax,1031,1031,0,1031,705,1014,150,10,150,10,ok,3.0,1028.0
inductive,split_02,2,101,0,inductive_split_02_seed_101,seen_unseen,both_have_targets,positive,shared_protein_count,0.2889941073644522,partial_spearman,n_proteins_a|n_proteins_b,endpoint_columns,436,436,0,436,552,424,53,10,53,10,ok,3.0,433.0
inductive,split_02,2,101,0,inductive_split_02_seed_101,seen_unseen,both_have_targets,positive,shared_protein_count,0.3673982917334669,partial_spearman,n_proteins_a|n_proteins_b,unordered_minmax,436,436,0,436,552,424,53,10,53,10,ok,3.0,433.0
inductive,split_02,2,101,0,inductive_split_02_seed_101,seen_unseen,both_have_targets,positive,biological_shared_protein_count,0.2889941073644522,partial_spearman,n_biological_proteins_a|n_biological_proteins_b,endpoint_columns,436,436,0,436,552,424,53,10,53,10,ok,3.0,433.0
inductive,split_02,2,101,0,inductive_split_02_seed_101,seen_unseen,both_have_targets,positive,biological_shared_protein_count,0.3673982917334669,partial_spearman,n_biological_proteins_a|n_biological_proteins_b,unordered_minmax,436,436,0,436,552,424,53,10,53,10,ok,3.0,433.0
inductive,split_02,2,101,0,inductive_split_02_seed_101,seen_unseen,both_have_targets,positive,shared_target_count,0.398175272813703,partial_spearman,n_targets_a|n_targets_b,endpoint_columns,436,436,0,436,552,424,53,10,53,10,ok,3.0,433.0
inductive,split_02,2,101,0,inductive_split_02_seed_101,seen_unseen,both_have_targets,positive,shared_target_count,0.430611295304925,partial_spearman,n_targets_a|n_targets_b,unordered_minmax,436,436,0,436,552,424,53,10,53,10,ok,3.0,433.0
inductive,split_02,2,101,0,inductive_split_02_seed_101,seen_unseen,both_have_targets,negative,shared_protein_count,0.1309126987658905,partial_spearman,n_proteins_a|n_proteins_b,endpoint_columns,595,595,0,595,248,591,97,0,97,0,ok,3.0,592.0
inductive,split_02,2,101,0,inductive_split_02_seed_101,seen_unseen,both_have_targets,negative,shared_protein_count,0.1578009998170658,partial_spearman,n_proteins_a|n_proteins_b,unordered_minmax,595,595,0,595,248,591,97,0,97,0,ok,3.0,592.0
inductive,split_02,2,101,0,inductive_split_02_seed_101,seen_unseen,both_have_targets,negative,biological_shared_protein_count,0.1309126987658905,partial_spearman,n_biological_proteins_a|n_biological_proteins_b,endpoint_columns,595,595,0,595,248,591,97,0,97,0,ok,3.0,592.0
inductive,split_02,2,101,0,inductive_split_02_seed_101,seen_unseen,both_have_targets,negative,biological_shared_protein_count,0.1578009998170658,partial_spearman,n_biological_proteins_a|n_biological_proteins_b,unordered_minmax,595,595,0,595,248,591,97,0,97,0,ok,3.0,592.0
inductive,split_02,2,101,0,inductive_split_02_seed_101,seen_unseen,both_have_targets,negative,shared_target_count,0.2645527079785832,partial_spearman,n_targets_a|n_targets_b,endpoint_columns,595,595,0,595,248,591,97,0,97,0,ok,3.0,592.0
inductive,split_02,2,101,0,inductive_split_02_seed_101,seen_unseen,both_have_targets,negative,shared_target_count,0.2410019606131787,partial_spearman,n_targets_a|n_targets_b,unordered_minmax,595,595,0,595,248,591,97,0,97,0,ok,3.0,592.0
inductive,split_02,2,101,0,inductive_split_02_seed_101,unseen_unseen,all_pairs,overall,shared_protein_count,0.0396893514420491,partial_spearman,n_proteins_a|n_proteins_b,endpoint_columns,64,64,0,64,83,56,15,9,15,9,ok,3.0,61.0
inductive,split_02,2,101,0,inductive_split_02_seed_101,unseen_unseen,all_pairs,overall,shared_protein_count,0.0769722321281983,partial_spearman,n_proteins_a|n_proteins_b,unordered_minmax,64,64,0,64,83,56,15,9,15,9,ok,3.0,61.0
inductive,split_02,2,101,0,inductive_split_02_seed_101,unseen_unseen,all_pairs,overall,biological_shared_protein_count,0.0396893514420491,partial_spearman,n_biological_proteins_a|n_biological_proteins_b,endpoint_columns,64,64,0,64,83,56,15,9,15,9,ok,3.0,61.0
inductive,split_02,2,101,0,inductive_split_02_seed_101,unseen_unseen,all_pairs,overall,biological_shared_protein_count,0.0769722321281983,partial_spearman,n_biological_proteins_a|n_biological_proteins_b,unordered_minmax,64,64,0,64,83,56,15,9,15,9,ok,3.0,61.0
inductive,split_02,2,101,0,inductive_split_02_seed_101,unseen_unseen,all_pairs,overall,shared_target_count,0.2682031942182861,partial_spearman,n_targets_a|n_targets_b,endpoint_columns,64,64,0,64,83,56,15,9,15,9,ok,3.0,61.0
inductive,split_02,2,101,0,inductive_split_02_seed_101,unseen_unseen,all_pairs,overall,shared_target_count,0.3482693774177912,partial_spearman,n_targets_a|n_targets_b,unordered_minmax,64,64,0,64,83,56,15,9,15,9,ok,3.0,61.0
inductive,split_02,2,101,0,inductive_split_02_seed_101,unseen_unseen,all_pairs,positive,shared_protein_count,-0.0233343835466715,partial_spearman,n_proteins_a|n_proteins_b,endpoint_columns,32,32,0,32,58,24,10,9,10,9,ok,3.0,29.0
inductive,split_02,2,101,0,inductive_split_02_seed_101,unseen_unseen,all_pairs,positive,shared_protein_count,0.0196971844554898,partial_spearman,n_proteins_a|n_proteins_b,unordered_minmax,32,32,0,32,58,24,10,9,10,9,ok,3.0,29.0
inductive,split_02,2,101,0,inductive_split_02_seed_101,unseen_unseen,all_pairs,positive,biological_shared_protein_count,-0.0233343835466715,partial_spearman,n_biological_proteins_a|n_biological_proteins_b,endpoint_columns,32,32,0,32,58,24,10,9,10,9,ok,3.0,29.0
inductive,split_02,2,101,0,inductive_split_02_seed_101,unseen_unseen,all_pairs,positive,biological_shared_protein_count,0.0196971844554898,partial_spearman,n_biological_proteins_a|n_biological_proteins_b,unordered_minmax,32,32,0,32,58,24,10,9,10,9,ok,3.0,29.0
inductive,split_02,2,101,0,inductive_split_02_seed_101,unseen_unseen,all_pairs,positive,shared_target_count,-0.0079138778410642,partial_spearman,n_targets_a|n_targets_b,endpoint_columns,32,32,0,32,58,24,10,9,10,9,ok,3.0,29.0
inductive,split_02,2,101,0,inductive_split_02_seed_101,unseen_unseen,all_pairs,positive,shared_target_count,0.1769967474259101,partial_spearman,n_targets_a|n_targets_b,unordered_minmax,32,32,0,32,58,24,10,9,10,9,ok,3.0,29.0
inductive,split_02,2,101,0,inductive_split_02_seed_101,unseen_unseen,all_pairs,negative,shared_protein_count,0.0161801465358636,partial_spearman,n_proteins_a|n_proteins_b,endpoint_columns,32,32,0,32,29,32,5,0,5,0,ok,3.0,29.0
inductive,split_02,2,101,0,inductive_split_02_seed_101,unseen_unseen,all_pairs,negative,shared_protein_count,0.1831068464560342,partial_spearman,n_proteins_a|n_proteins_b,unordered_minmax,32,32,0,32,29,32,5,0,5,0,ok,3.0,29.0
inductive,split_02,2,101,0,inductive_split_02_seed_101,unseen_unseen,all_pairs,negative,biological_shared_protein_count,0.0161801465358636,partial_spearman,n_biological_proteins_a|n_biological_proteins_b,endpoint_columns,32,32,0,32,29,32,5,0,5,0,ok,3.0,29.0
inductive,split_02,2,101,0,inductive_split_02_seed_101,unseen_unseen,all_pairs,negative,biological_shared_protein_count,0.1831068464560342,partial_spearman,n_biological_proteins_a|n_biological_proteins_b,unordered_minmax,32,32,0,32,29,32,5,0,5,0,ok,3.0,29.0
inductive,split_02,2,101,0,inductive_split_02_seed_101,unseen_unseen,all_pairs,negative,shared_target_count,0.4389061750138633,partial_spearman,n_targets_a|n_targets_b,endpoint_columns,32,32,0,32,29,32,5,0,5,0,ok,3.0,29.0
inductive,split_02,2,101,0,inductive_split_02_seed_101,unseen_unseen,all_pairs,negative,shared_target_count,0.4799775843369526,partial_spearman,n_targets_a|n_targets_b,unordered_minmax,32,32,0,32,29,32,5,0,5,0,ok,3.0,29.0
inductive,split_02,2,101,0,inductive_split_02_seed_101,unseen_unseen,both_have_targets,overall,shared_protein_count,0.2248862407163883,partial_spearman,n_proteins_a|n_proteins_b,endpoint_columns,57,57,0,57,69,56,8,2,8,2,ok,3.0,54.0
inductive,split_02,2,101,0,inductive_split_02_seed_101,unseen_unseen,both_have_targets,overall,shared_protein_count,0.2211706348225652,partial_spearman,n_proteins_a|n_proteins_b,unordered_minmax,57,57,0,57,69,56,8,2,8,2,ok,3.0,54.0
inductive,split_02,2,101,0,inductive_split_02_seed_101,unseen_unseen,both_have_targets,overall,biological_shared_protein_count,0.2248862407163883,partial_spearman,n_biological_proteins_a|n_biological_proteins_b,endpoint_columns,57,57,0,57,69,56,8,2,8,2,ok,3.0,54.0
inductive,split_02,2,101,0,inductive_split_02_seed_101,unseen_unseen,both_have_targets,overall,biological_shared_protein_count,0.2211706348225652,partial_spearman,n_biological_proteins_a|n_biological_proteins_b,unordered_minmax,57,57,0,57,69,56,8,2,8,2,ok,3.0,54.0
inductive,split_02,2,101,0,inductive_split_02_seed_101,unseen_unseen,both_have_targets,overall,shared_target_count,0.3921966260896885,partial_spearman,n_targets_a|n_targets_b,endpoint_columns,57,57,0,57,69,56,8,2,8,2,ok,3.0,54.0
inductive,split_02,2,101,0,inductive_split_02_seed_101,unseen_unseen,both_have_targets,overall,shared_target_count,0.427560274281054,partial_spearman,n_targets_a|n_targets_b,unordered_minmax,57,57,0,57,69,56,8,2,8,2,ok,3.0,54.0
inductive,split_02,2,101,0,inductive_split_02_seed_101,unseen_unseen,both_have_targets,positive,shared_protein_count,0.343272820626697,partial_spearman,n_proteins_a|n_proteins_b,endpoint_columns,25,25,0,25,44,24,3,2,3,2,ok,3.0,22.0
inductive,split_02,2,101,0,inductive_split_02_seed_101,unseen_unseen,both_have_targets,positive,shared_protein_count,0.2097554904245541,partial_spearman,n_proteins_a|n_proteins_b,unordered_minmax,25,25,0,25,44,24,3,2,3,2,ok,3.0,22.0
inductive,split_02,2,101,0,inductive_split_02_seed_101,unseen_unseen,both_have_targets,positive,biological_shared_protein_count,0.343272820626697,partial_spearman,n_biological_proteins_a|n_biological_proteins_b,endpoint_columns,25,25,0,25,44,24,3,2,3,2,ok,3.0,22.0
inductive,split_02,2,101,0,inductive_split_02_seed_101,unseen_unseen,both_have_targets,positive,biological_shared_protein_count,0.2097554904245541,partial_spearman,n_biological_proteins_a|n_biological_proteins_b,unordered_minmax,25,25,0,25,44,24,3,2,3,2,ok,3.0,22.0
inductive,split_02,2,101,0,inductive_split_02_seed_101,unseen_unseen,both_have_targets,positive,shared_target_count,0.212799792856934,partial_spearman,n_targets_a|n_targets_b,endpoint_columns,25,25,0,25,44,24,3,2,3,2,ok,3.0,22.0
inductive,split_02,2,101,0,inductive_split_02_seed_101,unseen_unseen,both_have_targets,positive,shared_target_count,0.1618632842223144,partial_spearman,n_targets_a|n_targets_b,unordered_minmax,25,25,0,25,44,24,3,2,3,2,ok,3.0,22.0
inductive,split_02,2,101,0,inductive_split_02_seed_101,unseen_unseen,both_have_targets,negative,shared_protein_count,0.0161801465358636,partial_spearman,n_proteins_a|n_proteins_b,endpoint_columns,32,32,0,32,29,32,5,0,5,0,ok,3.0,29.0
inductive,split_02,2,101,0,inductive_split_02_seed_101,unseen_unseen,both_have_targets,negative,shared_protein_count,0.1831068464560342,partial_spearman,n_proteins_a|n_proteins_b,unordered_minmax,32,32,0,32,29,32,5,0,5,0,ok,3.0,29.0
inductive,split_02,2,101,0,inductive_split_02_seed_101,unseen_unseen,both_have_targets,negative,biological_shared_protein_count,0.0161801465358636,partial_spearman,n_biological_proteins_a|n_biological_proteins_b,endpoint_columns,32,32,0,32,29,32,5,0,5,0,ok,3.0,29.0
inductive,split_02,2,101,0,inductive_split_02_seed_101,unseen_unseen,both_have_targets,negative,biological_shared_protein_count,0.1831068464560342,partial_spearman,n_biological_proteins_a|n_biological_proteins_b,unordered_minmax,32,32,0,32,29,32,5,0,5,0,ok,3.0,29.0
inductive,split_02,2,101,0,inductive_split_02_seed_101,unseen_unseen,both_have_targets,negative,shared_target_count,0.4389061750138633,partial_spearman,n_targets_a|n_targets_b,endpoint_columns,32,32,0,32,29,32,5,0,5,0,ok,3.0,29.0
inductive,split_02,2,101,0,inductive_split_02_seed_101,unseen_unseen,both_have_targets,negative,shared_target_count,0.4799775843369526,partial_spearman,n_targets_a|n_targets_b,unordered_minmax,32,32,0,32,29,32,5,0,5,0,ok,3.0,29.0
inductive,split_02,2,101,0,inductive_split_02_seed_101,seen_unseen,all_pairs,overall,biological_shared_protein_count,0.2458303143123715,partial_spearman,n_biological_proteins_a|n_biological_proteins_b|either_biological_size_zero,endpoint_columns_plus_zero,1190,1190,0,1190,868,1014,309,169,309,169,ok,4.0,1186.0
inductive,split_02,2,101,0,inductive_split_02_seed_101,seen_unseen,all_pairs,overall,biological_shared_protein_count,0.2983392996563488,partial_spearman,n_biological_proteins_a|n_biological_proteins_b|either_biological_size_zero,unordered_minmax_plus_zero,1190,1190,0,1190,868,1014,309,169,309,169,ok,4.0,1186.0
inductive,split_02,2,101,0,inductive_split_02_seed_101,unseen_unseen,all_pairs,overall,biological_shared_protein_count,0.2189710506074491,partial_spearman,n_biological_proteins_a|n_biological_proteins_b|either_biological_size_zero,endpoint_columns_plus_zero,64,64,0,64,83,56,15,9,15,9,ok,4.0,60.0
inductive,split_02,2,101,0,inductive_split_02_seed_101,unseen_unseen,all_pairs,overall,biological_shared_protein_count,0.1910044527956104,partial_spearman,n_biological_proteins_a|n_biological_proteins_b|either_biological_size_zero,unordered_minmax_plus_zero,64,64,0,64,83,56,15,9,15,9,ok,4.0,60.0
inductive,split_02,2,202,0,inductive_split_02_seed_202,seen_unseen,all_pairs,overall,shared_protein_count,-0.1669693983799015,spearman,none,none,1190,1190,0,1190,868,1022,309,167,309,167,ok,,
inductive,split_02,2,202,0,inductive_split_02_seed_202,seen_unseen,all_pairs,overall,protein_jaccard,-0.1213297011763433,spearman,none,none,1183,1190,7,1183,860,1022,302,160,309,167,ok,,
inductive,split_02,2,202,0,inductive_split_02_seed_202,seen_unseen,all_pairs,overall,shared_target_count,0.2053047741087241,spearman,none,none,1190,1190,0,1190,868,1022,309,167,309,167,ok,,
inductive,split_02,2,202,0,inductive_split_02_seed_202,seen_unseen,all_pairs,overall,biological_shared_protein_count,-0.1669693983799015,spearman,none,none,1190,1190,0,1190,868,1022,309,167,309,167,ok,,
inductive,split_02,2,202,0,inductive_split_02_seed_202,seen_unseen,all_pairs,overall,protein_size_geomean,-0.3203215031408513,spearman,none,none,1190,1190,0,1190,868,1022,309,167,309,167,ok,,
inductive,split_02,2,202,0,inductive_split_02_seed_202,seen_unseen,all_pairs,positive,shared_protein_count,-0.3912587076605352,spearman,none,none,595,595,0,595,727,428,212,167,212,167,ok,,
inductive,split_02,2,202,0,inductive_split_02_seed_202,seen_unseen,all_pairs,positive,protein_jaccard,-0.374812581725194,spearman,none,none,588,595,7,588,719,428,205,160,212,167,ok,,
inductive,split_02,2,202,0,inductive_split_02_seed_202,seen_unseen,all_pairs,positive,shared_target_count,-0.0748801071629726,spearman,none,none,595,595,0,595,727,428,212,167,212,167,ok,,
inductive,split_02,2,202,0,inductive_split_02_seed_202,seen_unseen,all_pairs,positive,biological_shared_protein_count,-0.3912587076605352,spearman,none,none,595,595,0,595,727,428,212,167,212,167,ok,,
inductive,split_02,2,202,0,inductive_split_02_seed_202,seen_unseen,all_pairs,positive,protein_size_geomean,-0.5213099804481582,spearman,none,none,595,595,0,595,727,428,212,167,212,167,ok,,
inductive,split_02,2,202,0,inductive_split_02_seed_202,seen_unseen,all_pairs,negative,shared_protein_count,0.0230424494526146,spearman,none,none,595,595,0,595,248,594,97,0,97,0,ok,,
inductive,split_02,2,202,0,inductive_split_02_seed_202,seen_unseen,all_pairs,negative,protein_jaccard,0.093265123415212,spearman,none,none,595,595,0,595,248,594,97,0,97,0,ok,,
inductive,split_02,2,202,0,inductive_split_02_seed_202,seen_unseen,all_pairs,negative,shared_target_count,0.2999633195687344,spearman,none,none,595,595,0,595,248,594,97,0,97,0,ok,,
inductive,split_02,2,202,0,inductive_split_02_seed_202,seen_unseen,all_pairs,negative,biological_shared_protein_count,0.0230424494526146,spearman,none,none,595,595,0,595,248,594,97,0,97,0,ok,,
inductive,split_02,2,202,0,inductive_split_02_seed_202,seen_unseen,all_pairs,negative,protein_size_geomean,-0.0612812916632949,spearman,none,none,595,595,0,595,248,594,97,0,97,0,ok,,
inductive,split_02,2,202,0,inductive_split_02_seed_202,seen_unseen,both_have_targets,overall,shared_protein_count,0.196085613580628,spearman,none,none,1031,1031,0,1031,705,1022,150,8,150,8,ok,,
inductive,split_02,2,202,0,inductive_split_02_seed_202,seen_unseen,both_have_targets,overall,protein_jaccard,0.2465620661625412,spearman,none,none,1031,1031,0,1031,705,1022,150,8,150,8,ok,,
inductive,split_02,2,202,0,inductive_split_02_seed_202,seen_unseen,both_have_targets,overall,shared_target_count,0.4459011349228824,spearman,none,none,1031,1031,0,1031,705,1022,150,8,150,8,ok,,
inductive,split_02,2,202,0,inductive_split_02_seed_202,seen_unseen,both_have_targets,overall,biological_shared_protein_count,0.196085613580628,spearman,none,none,1031,1031,0,1031,705,1022,150,8,150,8,ok,,
inductive,split_02,2,202,0,inductive_split_02_seed_202,seen_unseen,both_have_targets,overall,protein_size_geomean,0.0379274315198586,spearman,none,none,1031,1031,0,1031,705,1022,150,8,150,8,ok,,
inductive,split_02,2,202,0,inductive_split_02_seed_202,seen_unseen,both_have_targets,positive,shared_protein_count,0.3135036910995553,spearman,none,none,436,436,0,436,552,428,53,8,53,8,ok,,
inductive,split_02,2,202,0,inductive_split_02_seed_202,seen_unseen,both_have_targets,positive,protein_jaccard,0.3153367346608295,spearman,none,none,436,436,0,436,552,428,53,8,53,8,ok,,
inductive,split_02,2,202,0,inductive_split_02_seed_202,seen_unseen,both_have_targets,positive,shared_target_count,0.4478673399531035,spearman,none,none,436,436,0,436,552,428,53,8,53,8,ok,,
inductive,split_02,2,202,0,inductive_split_02_seed_202,seen_unseen,both_have_targets,positive,biological_shared_protein_count,0.3135036910995553,spearman,none,none,436,436,0,436,552,428,53,8,53,8,ok,,
inductive,split_02,2,202,0,inductive_split_02_seed_202,seen_unseen,both_have_targets,positive,protein_size_geomean,0.1645423111836567,spearman,none,none,436,436,0,436,552,428,53,8,53,8,ok,,
inductive,split_02,2,202,0,inductive_split_02_seed_202,seen_unseen,both_have_targets,negative,shared_protein_count,0.0230424494526146,spearman,none,none,595,595,0,595,248,594,97,0,97,0,ok,,
inductive,split_02,2,202,0,inductive_split_02_seed_202,seen_unseen,both_have_targets,negative,protein_jaccard,0.093265123415212,spearman,none,none,595,595,0,595,248,594,97,0,97,0,ok,,
inductive,split_02,2,202,0,inductive_split_02_seed_202,seen_unseen,both_have_targets,negative,shared_target_count,0.2999633195687344,spearman,none,none,595,595,0,595,248,594,97,0,97,0,ok,,
inductive,split_02,2,202,0,inductive_split_02_seed_202,seen_unseen,both_have_targets,negative,biological_shared_protein_count,0.0230424494526146,spearman,none,none,595,595,0,595,248,594,97,0,97,0,ok,,
inductive,split_02,2,202,0,inductive_split_02_seed_202,seen_unseen,both_have_targets,negative,protein_size_geomean,-0.0612812916632949,spearman,none,none,595,595,0,595,248,594,97,0,97,0,ok,,
inductive,split_02,2,202,0,inductive_split_02_seed_202,unseen_unseen,all_pairs,overall,shared_protein_count,0.0946810403374536,spearman,none,none,64,64,0,64,83,58,15,7,15,7,ok,,
inductive,split_02,2,202,0,inductive_split_02_seed_202,unseen_unseen,all_pairs,overall,protein_jaccard,-0.0062714329812348,spearman,none,none,64,64,0,64,83,58,15,7,15,7,ok,,
inductive,split_02,2,202,0,inductive_split_02_seed_202,unseen_unseen,all_pairs,overall,shared_target_count,0.296973988467092,spearman,none,none,64,64,0,64,83,58,15,7,15,7,ok,,
inductive,split_02,2,202,0,inductive_split_02_seed_202,unseen_unseen,all_pairs,overall,biological_shared_protein_count,0.0946810403374536,spearman,none,none,64,64,0,64,83,58,15,7,15,7,ok,,
inductive,split_02,2,202,0,inductive_split_02_seed_202,unseen_unseen,all_pairs,overall,protein_size_geomean,0.0688611773335778,spearman,none,none,64,64,0,64,83,58,15,7,15,7,ok,,
inductive,split_02,2,202,0,inductive_split_02_seed_202,unseen_unseen,all_pairs,positive,shared_protein_count,-0.2128541785762513,spearman,none,none,32,32,0,32,58,26,10,7,10,7,ok,,
inductive,split_02,2,202,0,inductive_split_02_seed_202,unseen_unseen,all_pairs,positive,protein_jaccard,-0.2813727761718236,spearman,none,none,32,32,0,32,58,26,10,7,10,7,ok,,
inductive,split_02,2,202,0,inductive_split_02_seed_202,unseen_unseen,all_pairs,positive,shared_target_count,0.0094422322379879,spearman,none,none,32,32,0,32,58,26,10,7,10,7,ok,,
inductive,split_02,2,202,0,inductive_split_02_seed_202,unseen_unseen,all_pairs,positive,biological_shared_protein_count,-0.2128541785762513,spearman,none,none,32,32,0,32,58,26,10,7,10,7,ok,,
inductive,split_02,2,202,0,inductive_split_02_seed_202,unseen_unseen,all_pairs,positive,protein_size_geomean,-0.2996296296296296,spearman,none,none,32,32,0,32,58,26,10,7,10,7,ok,,
inductive,split_02,2,202,0,inductive_split_02_seed_202,unseen_unseen,all_pairs,negative,shared_protein_count,0.3929901767153395,spearman,none,none,32,32,0,32,29,32,5,0,5,0,ok,,
inductive,split_02,2,202,0,inductive_split_02_seed_202,unseen_unseen,all_pairs,negative,protein_jaccard,0.2453180779066313,spearman,none,none,32,32,0,32,29,32,5,0,5,0,ok,,
inductive,split_02,2,202,0,inductive_split_02_seed_202,unseen_unseen,all_pairs,negative,shared_target_count,0.4773487780292826,spearman,none,none,32,32,0,32,29,32,5,0,5,0,ok,,
inductive,split_02,2,202,0,inductive_split_02_seed_202,unseen_unseen,all_pairs,negative,biological_shared_protein_count,0.3929901767153395,spearman,none,none,32,32,0,32,29,32,5,0,5,0,ok,,
inductive,split_02,2,202,0,inductive_split_02_seed_202,unseen_unseen,all_pairs,negative,protein_size_geomean,0.5252932551319648,spearman,none,none,32,32,0,32,29,32,5,0,5,0,ok,,
inductive,split_02,2,202,0,inductive_split_02_seed_202,unseen_unseen,both_have_targets,overall,shared_protein_count,0.4883284351345522,spearman,none,none,57,57,0,57,69,57,8,0,8,0,ok,,
inductive,split_02,2,202,0,inductive_split_02_seed_202,unseen_unseen,both_have_targets,overall,protein_jaccard,0.3451031958854804,spearman,none,none,57,57,0,57,69,57,8,0,8,0,ok,,
inductive,split_02,2,202,0,inductive_split_02_seed_202,unseen_unseen,both_have_targets,overall,shared_target_count,0.4927725955052418,spearman,none,none,57,57,0,57,69,57,8,0,8,0,ok,,
inductive,split_02,2,202,0,inductive_split_02_seed_202,unseen_unseen,both_have_targets,overall,biological_shared_protein_count,0.4883284351345522,spearman,none,none,57,57,0,57,69,57,8,0,8,0,ok,,
inductive,split_02,2,202,0,inductive_split_02_seed_202,unseen_unseen,both_have_targets,overall,protein_size_geomean,0.511148561057817,spearman,none,none,57,57,0,57,69,57,8,0,8,0,ok,,
inductive,split_02,2,202,0,inductive_split_02_seed_202,unseen_unseen,both_have_targets,positive,shared_protein_count,0.4898835443622003,spearman,none,none,25,25,0,25,44,25,3,0,3,0,ok,,
inductive,split_02,2,202,0,inductive_split_02_seed_202,unseen_unseen,both_have_targets,positive,protein_jaccard,0.3479600723124271,spearman,none,none,25,25,0,25,44,25,3,0,3,0,ok,,
inductive,split_02,2,202,0,inductive_split_02_seed_202,unseen_unseen,both_have_targets,positive,shared_target_count,0.4032897069406946,spearman,none,none,25,25,0,25,44,25,3,0,3,0,ok,,
inductive,split_02,2,202,0,inductive_split_02_seed_202,unseen_unseen,both_have_targets,positive,biological_shared_protein_count,0.4898835443622003,spearman,none,none,25,25,0,25,44,25,3,0,3,0,ok,,
inductive,split_02,2,202,0,inductive_split_02_seed_202,unseen_unseen,both_have_targets,positive,protein_size_geomean,0.4546153846153846,spearman,none,none,25,25,0,25,44,25,3,0,3,0,ok,,
inductive,split_02,2,202,0,inductive_split_02_seed_202,unseen_unseen,both_have_targets,negative,shared_protein_count,0.3929901767153395,spearman,none,none,32,32,0,32,29,32,5,0,5,0,ok,,
inductive,split_02,2,202,0,inductive_split_02_seed_202,unseen_unseen,both_have_targets,negative,protein_jaccard,0.2453180779066313,spearman,none,none,32,32,0,32,29,32,5,0,5,0,ok,,
inductive,split_02,2,202,0,inductive_split_02_seed_202,unseen_unseen,both_have_targets,negative,shared_target_count,0.4773487780292826,spearman,none,none,32,32,0,32,29,32,5,0,5,0,ok,,
inductive,split_02,2,202,0,inductive_split_02_seed_202,unseen_unseen,both_have_targets,negative,biological_shared_protein_count,0.3929901767153395,spearman,none,none,32,32,0,32,29,32,5,0,5,0,ok,,
inductive,split_02,2,202,0,inductive_split_02_seed_202,unseen_unseen,both_have_targets,negative,protein_size_geomean,0.5252932551319648,spearman,none,none,32,32,0,32,29,32,5,0,5,0,ok,,
inductive,split_02,2,202,0,inductive_split_02_seed_202,seen_unseen,all_pairs,overall,shared_protein_count,0.1052831528085972,partial_spearman,n_proteins_a|n_proteins_b,endpoint_columns,1190,1190,0,1190,868,1022,309,167,309,167,ok,3.0,1187.0
inductive,split_02,2,202,0,inductive_split_02_seed_202,seen_unseen,all_pairs,overall,shared_protein_count,0.2591985207361764,partial_spearman,n_proteins_a|n_proteins_b,unordered_minmax,1190,1190,0,1190,868,1022,309,167,309,167,ok,3.0,1187.0
inductive,split_02,2,202,0,inductive_split_02_seed_202,seen_unseen,all_pairs,overall,biological_shared_protein_count,0.1052831528085972,partial_spearman,n_biological_proteins_a|n_biological_proteins_b,endpoint_columns,1190,1190,0,1190,868,1022,309,167,309,167,ok,3.0,1187.0
inductive,split_02,2,202,0,inductive_split_02_seed_202,seen_unseen,all_pairs,overall,biological_shared_protein_count,0.2591985207361764,partial_spearman,n_biological_proteins_a|n_biological_proteins_b,unordered_minmax,1190,1190,0,1190,868,1022,309,167,309,167,ok,3.0,1187.0
inductive,split_02,2,202,0,inductive_split_02_seed_202,seen_unseen,all_pairs,overall,shared_target_count,0.3595260528670988,partial_spearman,n_targets_a|n_targets_b,endpoint_columns,1190,1190,0,1190,868,1022,309,167,309,167,ok,3.0,1187.0
inductive,split_02,2,202,0,inductive_split_02_seed_202,seen_unseen,all_pairs,overall,shared_target_count,0.4116443204529105,partial_spearman,n_targets_a|n_targets_b,unordered_minmax,1190,1190,0,1190,868,1022,309,167,309,167,ok,3.0,1187.0
inductive,split_02,2,202,0,inductive_split_02_seed_202,seen_unseen,all_pairs,positive,shared_protein_count,-0.0298262959320818,partial_spearman,n_proteins_a|n_proteins_b,endpoint_columns,595,595,0,595,727,428,212,167,212,167,ok,3.0,592.0
inductive,split_02,2,202,0,inductive_split_02_seed_202,seen_unseen,all_pairs,positive,shared_protein_count,0.2470210535435807,partial_spearman,n_proteins_a|n_proteins_b,unordered_minmax,595,595,0,595,727,428,212,167,212,167,ok,3.0,592.0
inductive,split_02,2,202,0,inductive_split_02_seed_202,seen_unseen,all_pairs,positive,biological_shared_protein_count,-0.0298262959320818,partial_spearman,n_biological_proteins_a|n_biological_proteins_b,endpoint_columns,595,595,0,595,727,428,212,167,212,167,ok,3.0,592.0
inductive,split_02,2,202,0,inductive_split_02_seed_202,seen_unseen,all_pairs,positive,biological_shared_protein_count,0.2470210535435807,partial_spearman,n_biological_proteins_a|n_biological_proteins_b,unordered_minmax,595,595,0,595,727,428,212,167,212,167,ok,3.0,592.0
inductive,split_02,2,202,0,inductive_split_02_seed_202,seen_unseen,all_pairs,positive,shared_target_count,0.2971011374533712,partial_spearman,n_targets_a|n_targets_b,endpoint_columns,595,595,0,595,727,428,212,167,212,167,ok,3.0,592.0
inductive,split_02,2,202,0,inductive_split_02_seed_202,seen_unseen,all_pairs,positive,shared_target_count,0.4546020358638206,partial_spearman,n_targets_a|n_targets_b,unordered_minmax,595,595,0,595,727,428,212,167,212,167,ok,3.0,592.0
inductive,split_02,2,202,0,inductive_split_02_seed_202,seen_unseen,all_pairs,negative,shared_protein_count,0.1721874086617584,partial_spearman,n_proteins_a|n_proteins_b,endpoint_columns,595,595,0,595,248,594,97,0,97,0,ok,3.0,592.0
inductive,split_02,2,202,0,inductive_split_02_seed_202,seen_unseen,all_pairs,negative,shared_protein_count,0.1967785585858474,partial_spearman,n_proteins_a|n_proteins_b,unordered_minmax,595,595,0,595,248,594,97,0,97,0,ok,3.0,592.0
inductive,split_02,2,202,0,inductive_split_02_seed_202,seen_unseen,all_pairs,negative,biological_shared_protein_count,0.1721874086617584,partial_spearman,n_biological_proteins_a|n_biological_proteins_b,endpoint_columns,595,595,0,595,248,594,97,0,97,0,ok,3.0,592.0
inductive,split_02,2,202,0,inductive_split_02_seed_202,seen_unseen,all_pairs,negative,biological_shared_protein_count,0.1967785585858474,partial_spearman,n_biological_proteins_a|n_biological_proteins_b,unordered_minmax,595,595,0,595,248,594,97,0,97,0,ok,3.0,592.0
inductive,split_02,2,202,0,inductive_split_02_seed_202,seen_unseen,all_pairs,negative,shared_target_count,0.3137036955276003,partial_spearman,n_targets_a|n_targets_b,endpoint_columns,595,595,0,595,248,594,97,0,97,0,ok,3.0,592.0
inductive,split_02,2,202,0,inductive_split_02_seed_202,seen_unseen,all_pairs,negative,shared_target_count,0.2962644331004272,partial_spearman,n_targets_a|n_targets_b,unordered_minmax,595,595,0,595,248,594,97,0,97,0,ok,3.0,592.0
inductive,split_02,2,202,0,inductive_split_02_seed_202,seen_unseen,both_have_targets,overall,shared_protein_count,0.301877470000454,partial_spearman,n_proteins_a|n_proteins_b,endpoint_columns,1031,1031,0,1031,705,1022,150,8,150,8,ok,3.0,1028.0
inductive,split_02,2,202,0,inductive_split_02_seed_202,seen_unseen,both_have_targets,overall,shared_protein_count,0.3442036028054744,partial_spearman,n_proteins_a|n_proteins_b,unordered_minmax,1031,1031,0,1031,705,1022,150,8,150,8,ok,3.0,1028.0
inductive,split_02,2,202,0,inductive_split_02_seed_202,seen_unseen,both_have_targets,overall,biological_shared_protein_count,0.301877470000454,partial_spearman,n_biological_proteins_a|n_biological_proteins_b,endpoint_columns,1031,1031,0,1031,705,1022,150,8,150,8,ok,3.0,1028.0
inductive,split_02,2,202,0,inductive_split_02_seed_202,seen_unseen,both_have_targets,overall,biological_shared_protein_count,0.3442036028054744,partial_spearman,n_biological_proteins_a|n_biological_proteins_b,unordered_minmax,1031,1031,0,1031,705,1022,150,8,150,8,ok,3.0,1028.0
inductive,split_02,2,202,0,inductive_split_02_seed_202,seen_unseen,both_have_targets,overall,shared_target_count,0.4447029750112397,partial_spearman,n_targets_a|n_targets_b,endpoint_columns,1031,1031,0,1031,705,1022,150,8,150,8,ok,3.0,1028.0
inductive,split_02,2,202,0,inductive_split_02_seed_202,seen_unseen,both_have_targets,overall,shared_target_count,0.4428426157957079,partial_spearman,n_targets_a|n_targets_b,unordered_minmax,1031,1031,0,1031,705,1022,150,8,150,8,ok,3.0,1028.0
inductive,split_02,2,202,0,inductive_split_02_seed_202,seen_unseen,both_have_targets,positive,shared_protein_count,0.3016579638098915,partial_spearman,n_proteins_a|n_proteins_b,endpoint_columns,436,436,0,436,552,428,53,8,53,8,ok,3.0,433.0
inductive,split_02,2,202,0,inductive_split_02_seed_202,seen_unseen,both_have_targets,positive,shared_protein_count,0.3646200399637365,partial_spearman,n_proteins_a|n_proteins_b,unordered_minmax,436,436,0,436,552,428,53,8,53,8,ok,3.0,433.0
inductive,split_02,2,202,0,inductive_split_02_seed_202,seen_unseen,both_have_targets,positive,biological_shared_protein_count,0.3016579638098915,partial_spearman,n_biological_proteins_a|n_biological_proteins_b,endpoint_columns,436,436,0,436,552,428,53,8,53,8,ok,3.0,433.0
inductive,split_02,2,202,0,inductive_split_02_seed_202,seen_unseen,both_have_targets,positive,biological_shared_protein_count,0.3646200399637365,partial_spearman,n_biological_proteins_a|n_biological_proteins_b,unordered_minmax,436,436,0,436,552,428,53,8,53,8,ok,3.0,433.0
inductive,split_02,2,202,0,inductive_split_02_seed_202,seen_unseen,both_have_targets,positive,shared_target_count,0.4188617276598368,partial_spearman,n_targets_a|n_targets_b,endpoint_columns,436,436,0,436,552,428,53,8,53,8,ok,3.0,433.0
inductive,split_02,2,202,0,inductive_split_02_seed_202,seen_unseen,both_have_targets,positive,shared_target_count,0.4393448926489313,partial_spearman,n_targets_a|n_targets_b,unordered_minmax,436,436,0,436,552,428,53,8,53,8,ok,3.0,433.0
inductive,split_02,2,202,0,inductive_split_02_seed_202,seen_unseen,both_have_targets,negative,shared_protein_count,0.1721874086617584,partial_spearman,n_proteins_a|n_proteins_b,endpoint_columns,595,595,0,595,248,594,97,0,97,0,ok,3.0,592.0
inductive,split_02,2,202,0,inductive_split_02_seed_202,seen_unseen,both_have_targets,negative,shared_protein_count,0.1967785585858474,partial_spearman,n_proteins_a|n_proteins_b,unordered_minmax,595,595,0,595,248,594,97,0,97,0,ok,3.0,592.0
inductive,split_02,2,202,0,inductive_split_02_seed_202,seen_unseen,both_have_targets,negative,biological_shared_protein_count,0.1721874086617584,partial_spearman,n_biological_proteins_a|n_biological_proteins_b,endpoint_columns,595,595,0,595,248,594,97,0,97,0,ok,3.0,592.0
inductive,split_02,2,202,0,inductive_split_02_seed_202,seen_unseen,both_have_targets,negative,biological_shared_protein_count,0.1967785585858474,partial_spearman,n_biological_proteins_a|n_biological_proteins_b,unordered_minmax,595,595,0,595,248,594,97,0,97,0,ok,3.0,592.0
inductive,split_02,2,202,0,inductive_split_02_seed_202,seen_unseen,both_have_targets,negative,shared_target_count,0.3137036955276003,partial_spearman,n_targets_a|n_targets_b,endpoint_columns,595,595,0,595,248,594,97,0,97,0,ok,3.0,592.0
inductive,split_02,2,202,0,inductive_split_02_seed_202,seen_unseen,both_have_targets,negative,shared_target_count,0.2962644331004272,partial_spearman,n_targets_a|n_targets_b,unordered_minmax,595,595,0,595,248,594,97,0,97,0,ok,3.0,592.0
inductive,split_02,2,202,0,inductive_split_02_seed_202,unseen_unseen,all_pairs,overall,shared_protein_count,0.0192769491494179,partial_spearman,n_proteins_a|n_proteins_b,endpoint_columns,64,64,0,64,83,58,15,7,15,7,ok,3.0,61.0
inductive,split_02,2,202,0,inductive_split_02_seed_202,unseen_unseen,all_pairs,overall,shared_protein_count,0.0414165029191065,partial_spearman,n_proteins_a|n_proteins_b,unordered_minmax,64,64,0,64,83,58,15,7,15,7,ok,3.0,61.0
inductive,split_02,2,202,0,inductive_split_02_seed_202,unseen_unseen,all_pairs,overall,biological_shared_protein_count,0.0192769491494179,partial_spearman,n_biological_proteins_a|n_biological_proteins_b,endpoint_columns,64,64,0,64,83,58,15,7,15,7,ok,3.0,61.0
inductive,split_02,2,202,0,inductive_split_02_seed_202,unseen_unseen,all_pairs,overall,biological_shared_protein_count,0.0414165029191065,partial_spearman,n_biological_proteins_a|n_biological_proteins_b,unordered_minmax,64,64,0,64,83,58,15,7,15,7,ok,3.0,61.0
inductive,split_02,2,202,0,inductive_split_02_seed_202,unseen_unseen,all_pairs,overall,shared_target_count,0.2117809249499783,partial_spearman,n_targets_a|n_targets_b,endpoint_columns,64,64,0,64,83,58,15,7,15,7,ok,3.0,61.0
inductive,split_02,2,202,0,inductive_split_02_seed_202,unseen_unseen,all_pairs,overall,shared_target_count,0.3090176602448343,partial_spearman,n_targets_a|n_targets_b,unordered_minmax,64,64,0,64,83,58,15,7,15,7,ok,3.0,61.0
inductive,split_02,2,202,0,inductive_split_02_seed_202,unseen_unseen,all_pairs,positive,shared_protein_count,-0.0424427990047536,partial_spearman,n_proteins_a|n_proteins_b,endpoint_columns,32,32,0,32,58,26,10,7,10,7,ok,3.0,29.0
inductive,split_02,2,202,0,inductive_split_02_seed_202,unseen_unseen,all_pairs,positive,shared_protein_count,0.0025660802639327,partial_spearman,n_proteins_a|n_proteins_b,unordered_minmax,32,32,0,32,58,26,10,7,10,7,ok,3.0,29.0
inductive,split_02,2,202,0,inductive_split_02_seed_202,unseen_unseen,all_pairs,positive,biological_shared_protein_count,-0.0424427990047536,partial_spearman,n_biological_proteins_a|n_biological_proteins_b,endpoint_columns,32,32,0,32,58,26,10,7,10,7,ok,3.0,29.0
inductive,split_02,2,202,0,inductive_split_02_seed_202,unseen_unseen,all_pairs,positive,biological_shared_protein_count,0.0025660802639327,partial_spearman,n_biological_proteins_a|n_biological_proteins_b,unordered_minmax,32,32,0,32,58,26,10,7,10,7,ok,3.0,29.0
inductive,split_02,2,202,0,inductive_split_02_seed_202,unseen_unseen,all_pairs,positive,shared_target_count,-0.020832921569779,partial_spearman,n_targets_a|n_targets_b,endpoint_columns,32,32,0,32,58,26,10,7,10,7,ok,3.0,29.0
inductive,split_02,2,202,0,inductive_split_02_seed_202,unseen_unseen,all_pairs,positive,shared_target_count,0.1820263450911969,partial_spearman,n_targets_a|n_targets_b,unordered_minmax,32,32,0,32,58,26,10,7,10,7,ok,3.0,29.0
inductive,split_02,2,202,0,inductive_split_02_seed_202,unseen_unseen,all_pairs,negative,shared_protein_count,0.0579938103357273,partial_spearman,n_proteins_a|n_proteins_b,endpoint_columns,32,32,0,32,29,32,5,0,5,0,ok,3.0,29.0
inductive,split_02,2,202,0,inductive_split_02_seed_202,unseen_unseen,all_pairs,negative,shared_protein_count,0.1729080649633324,partial_spearman,n_proteins_a|n_proteins_b,unordered_minmax,32,32,0,32,29,32,5,0,5,0,ok,3.0,29.0
inductive,split_02,2,202,0,inductive_split_02_seed_202,unseen_unseen,all_pairs,negative,biological_shared_protein_count,0.0579938103357273,partial_spearman,n_biological_proteins_a|n_biological_proteins_b,endpoint_columns,32,32,0,32,29,32,5,0,5,0,ok,3.0,29.0
inductive,split_02,2,202,0,inductive_split_02_seed_202,unseen_unseen,all_pairs,negative,biological_shared_protein_count,0.1729080649633324,partial_spearman,n_biological_proteins_a|n_biological_proteins_b,unordered_minmax,32,32,0,32,29,32,5,0,5,0,ok,3.0,29.0
inductive,split_02,2,202,0,inductive_split_02_seed_202,unseen_unseen,all_pairs,negative,shared_target_count,0.3837506208343754,partial_spearman,n_targets_a|n_targets_b,endpoint_columns,32,32,0,32,29,32,5,0,5,0,ok,3.0,29.0
inductive,split_02,2,202,0,inductive_split_02_seed_202,unseen_unseen,all_pairs,negative,shared_target_count,0.4106672842765715,partial_spearman,n_targets_a|n_targets_b,unordered_minmax,32,32,0,32,29,32,5,0,5,0,ok,3.0,29.0
inductive,split_02,2,202,0,inductive_split_02_seed_202,unseen_unseen,both_have_targets,overall,shared_protein_count,0.1993588951943061,partial_spearman,n_proteins_a|n_proteins_b,endpoint_columns,57,57,0,57,69,57,8,0,8,0,ok,3.0,54.0
inductive,split_02,2,202,0,inductive_split_02_seed_202,unseen_unseen,both_have_targets,overall,shared_protein_count,0.1703369077823947,partial_spearman,n_proteins_a|n_proteins_b,unordered_minmax,57,57,0,57,69,57,8,0,8,0,ok,3.0,54.0
inductive,split_02,2,202,0,inductive_split_02_seed_202,unseen_unseen,both_have_targets,overall,biological_shared_protein_count,0.1993588951943061,partial_spearman,n_biological_proteins_a|n_biological_proteins_b,endpoint_columns,57,57,0,57,69,57,8,0,8,0,ok,3.0,54.0
inductive,split_02,2,202,0,inductive_split_02_seed_202,unseen_unseen,both_have_targets,overall,biological_shared_protein_count,0.1703369077823947,partial_spearman,n_biological_proteins_a|n_biological_proteins_b,unordered_minmax,57,57,0,57,69,57,8,0,8,0,ok,3.0,54.0
inductive,split_02,2,202,0,inductive_split_02_seed_202,unseen_unseen,both_have_targets,overall,shared_target_count,0.3410269217235056,partial_spearman,n_targets_a|n_targets_b,endpoint_columns,57,57,0,57,69,57,8,0,8,0,ok,3.0,54.0
inductive,split_02,2,202,0,inductive_split_02_seed_202,unseen_unseen,both_have_targets,overall,shared_target_count,0.3732592258942924,partial_spearman,n_targets_a|n_targets_b,unordered_minmax,57,57,0,57,69,57,8,0,8,0,ok,3.0,54.0
inductive,split_02,2,202,0,inductive_split_02_seed_202,unseen_unseen,both_have_targets,positive,shared_protein_count,0.3132242628009147,partial_spearman,n_proteins_a|n_proteins_b,endpoint_columns,25,25,0,25,44,25,3,0,3,0,ok,3.0,22.0
inductive,split_02,2,202,0,inductive_split_02_seed_202,unseen_unseen,both_have_targets,positive,shared_protein_count,0.1795084048748141,partial_spearman,n_proteins_a|n_proteins_b,unordered_minmax,25,25,0,25,44,25,3,0,3,0,ok,3.0,22.0
inductive,split_02,2,202,0,inductive_split_02_seed_202,unseen_unseen,both_have_targets,positive,biological_shared_protein_count,0.3132242628009147,partial_spearman,n_biological_proteins_a|n_biological_proteins_b,endpoint_columns,25,25,0,25,44,25,3,0,3,0,ok,3.0,22.0
inductive,split_02,2,202,0,inductive_split_02_seed_202,unseen_unseen,both_have_targets,positive,biological_shared_protein_count,0.1795084048748141,partial_spearman,n_biological_proteins_a|n_biological_proteins_b,unordered_minmax,25,25,0,25,44,25,3,0,3,0,ok,3.0,22.0
inductive,split_02,2,202,0,inductive_split_02_seed_202,unseen_unseen,both_have_targets,positive,shared_target_count,0.2052062440639222,partial_spearman,n_targets_a|n_targets_b,endpoint_columns,25,25,0,25,44,25,3,0,3,0,ok,3.0,22.0
inductive,split_02,2,202,0,inductive_split_02_seed_202,unseen_unseen,both_have_targets,positive,shared_target_count,0.1499506244374797,partial_spearman,n_targets_a|n_targets_b,unordered_minmax,25,25,0,25,44,25,3,0,3,0,ok,3.0,22.0
inductive,split_02,2,202,0,inductive_split_02_seed_202,unseen_unseen,both_have_targets,negative,shared_protein_count,0.0579938103357273,partial_spearman,n_proteins_a|n_proteins_b,endpoint_columns,32,32,0,32,29,32,5,0,5,0,ok,3.0,29.0
inductive,split_02,2,202,0,inductive_split_02_seed_202,unseen_unseen,both_have_targets,negative,shared_protein_count,0.1729080649633324,partial_spearman,n_proteins_a|n_proteins_b,unordered_minmax,32,32,0,32,29,32,5,0,5,0,ok,3.0,29.0
inductive,split_02,2,202,0,inductive_split_02_seed_202,unseen_unseen,both_have_targets,negative,biological_shared_protein_count,0.0579938103357273,partial_spearman,n_biological_proteins_a|n_biological_proteins_b,endpoint_columns,32,32,0,32,29,32,5,0,5,0,ok,3.0,29.0
inductive,split_02,2,202,0,inductive_split_02_seed_202,unseen_unseen,both_have_targets,negative,biological_shared_protein_count,0.1729080649633324,partial_spearman,n_biological_proteins_a|n_biological_proteins_b,unordered_minmax,32,32,0,32,29,32,5,0,5,0,ok,3.0,29.0
inductive,split_02,2,202,0,inductive_split_02_seed_202,unseen_unseen,both_have_targets,negative,shared_target_count,0.3837506208343754,partial_spearman,n_targets_a|n_targets_b,endpoint_columns,32,32,0,32,29,32,5,0,5,0,ok,3.0,29.0
inductive,split_02,2,202,0,inductive_split_02_seed_202,unseen_unseen,both_have_targets,negative,shared_target_count,0.4106672842765715,partial_spearman,n_targets_a|n_targets_b,unordered_minmax,32,32,0,32,29,32,5,0,5,0,ok,3.0,29.0
inductive,split_02,2,202,0,inductive_split_02_seed_202,seen_unseen,all_pairs,overall,biological_shared_protein_count,0.2688564165408783,partial_spearman,n_biological_proteins_a|n_biological_proteins_b|either_biological_size_zero,endpoint_columns_plus_zero,1190,1190,0,1190,868,1022,309,167,309,167,ok,4.0,1186.0
inductive,split_02,2,202,0,inductive_split_02_seed_202,seen_unseen,all_pairs,overall,biological_shared_protein_count,0.3191075286851017,partial_spearman,n_biological_proteins_a|n_biological_proteins_b|either_biological_size_zero,unordered_minmax_plus_zero,1190,1190,0,1190,868,1022,309,167,309,167,ok,4.0,1186.0
inductive,split_02,2,202,0,inductive_split_02_seed_202,unseen_unseen,all_pairs,overall,biological_shared_protein_count,0.2100184533116842,partial_spearman,n_biological_proteins_a|n_biological_proteins_b|either_biological_size_zero,endpoint_columns_plus_zero,64,64,0,64,83,58,15,7,15,7,ok,4.0,60.0
inductive,split_02,2,202,0,inductive_split_02_seed_202,unseen_unseen,all_pairs,overall,biological_shared_protein_count,0.1591693625933489,partial_spearman,n_biological_proteins_a|n_biological_proteins_b|either_biological_size_zero,unordered_minmax_plus_zero,64,64,0,64,83,58,15,7,15,7,ok,4.0,60.0
inductive,split_02,2,303,0,inductive_split_02_seed_303,seen_unseen,all_pairs,overall,shared_protein_count,-0.1967771314504134,spearman,none,none,1190,1190,0,1190,868,1023,309,166,309,166,ok,,
inductive,split_02,2,303,0,inductive_split_02_seed_303,seen_unseen,all_pairs,overall,protein_jaccard,-0.1492379121457223,spearman,none,none,1183,1190,7,1183,860,1023,302,159,309,166,ok,,
inductive,split_02,2,303,0,inductive_split_02_seed_303,seen_unseen,all_pairs,overall,shared_target_count,0.1561672558534465,spearman,none,none,1190,1190,0,1190,868,1023,309,166,309,166,ok,,
inductive,split_02,2,303,0,inductive_split_02_seed_303,seen_unseen,all_pairs,overall,biological_shared_protein_count,-0.1967771314504134,spearman,none,none,1190,1190,0,1190,868,1023,309,166,309,166,ok,,
inductive,split_02,2,303,0,inductive_split_02_seed_303,seen_unseen,all_pairs,overall,protein_size_geomean,-0.3269301106613976,spearman,none,none,1190,1190,0,1190,868,1023,309,166,309,166,ok,,
inductive,split_02,2,303,0,inductive_split_02_seed_303,seen_unseen,all_pairs,positive,shared_protein_count,-0.4180570680876121,spearman,none,none,595,595,0,595,727,429,212,166,212,166,ok,,
inductive,split_02,2,303,0,inductive_split_02_seed_303,seen_unseen,all_pairs,positive,protein_jaccard,-0.4034938304583803,spearman,none,none,588,595,7,588,719,429,205,159,212,166,ok,,
inductive,split_02,2,303,0,inductive_split_02_seed_303,seen_unseen,all_pairs,positive,shared_target_count,-0.1117536301310805,spearman,none,none,595,595,0,595,727,429,212,166,212,166,ok,,
inductive,split_02,2,303,0,inductive_split_02_seed_303,seen_unseen,all_pairs,positive,biological_shared_protein_count,-0.4180570680876121,spearman,none,none,595,595,0,595,727,429,212,166,212,166,ok,,
inductive,split_02,2,303,0,inductive_split_02_seed_303,seen_unseen,all_pairs,positive,protein_size_geomean,-0.5324226710849649,spearman,none,none,595,595,0,595,727,429,212,166,212,166,ok,,
inductive,split_02,2,303,0,inductive_split_02_seed_303,seen_unseen,all_pairs,negative,shared_protein_count,-0.0222820071981443,spearman,none,none,595,595,0,595,248,594,97,0,97,0,ok,,
inductive,split_02,2,303,0,inductive_split_02_seed_303,seen_unseen,all_pairs,negative,protein_jaccard,0.0594048975772353,spearman,none,none,595,595,0,595,248,594,97,0,97,0,ok,,
inductive,split_02,2,303,0,inductive_split_02_seed_303,seen_unseen,all_pairs,negative,shared_target_count,0.2197787391872664,spearman,none,none,595,595,0,595,248,594,97,0,97,0,ok,,
inductive,split_02,2,303,0,inductive_split_02_seed_303,seen_unseen,all_pairs,negative,biological_shared_protein_count,-0.0222820071981443,spearman,none,none,595,595,0,595,248,594,97,0,97,0,ok,,
inductive,split_02,2,303,0,inductive_split_02_seed_303,seen_unseen,all_pairs,negative,protein_size_geomean,-0.0685559498445998,spearman,none,none,595,595,0,595,248,594,97,0,97,0,ok,,
inductive,split_02,2,303,0,inductive_split_02_seed_303,seen_unseen,both_have_targets,overall,shared_protein_count,0.1514603887995197,spearman,none,none,1031,1031,0,1031,705,1023,150,7,150,7,ok,,
inductive,split_02,2,303,0,inductive_split_02_seed_303,seen_unseen,both_have_targets,overall,protein_jaccard,0.2055317844086856,spearman,none,none,1031,1031,0,1031,705,1023,150,7,150,7,ok,,
inductive,split_02,2,303,0,inductive_split_02_seed_303,seen_unseen,both_have_targets,overall,shared_target_count,0.3842455626150289,spearman,none,none,1031,1031,0,1031,705,1023,150,7,150,7,ok,,
inductive,split_02,2,303,0,inductive_split_02_seed_303,seen_unseen,both_have_targets,overall,biological_shared_protein_count,0.1514603887995197,spearman,none,none,1031,1031,0,1031,705,1023,150,7,150,7,ok,,
inductive,split_02,2,303,0,inductive_split_02_seed_303,seen_unseen,both_have_targets,overall,protein_size_geomean,0.0278524028080202,spearman,none,none,1031,1031,0,1031,705,1023,150,7,150,7,ok,,
inductive,split_02,2,303,0,inductive_split_02_seed_303,seen_unseen,both_have_targets,positive,shared_protein_count,0.2478311124911684,spearman,none,none,436,436,0,436,552,429,53,7,53,7,ok,,
inductive,split_02,2,303,0,inductive_split_02_seed_303,seen_unseen,both_have_targets,positive,protein_jaccard,0.2473457527515833,spearman,none,none,436,436,0,436,552,429,53,7,53,7,ok,,
inductive,split_02,2,303,0,inductive_split_02_seed_303,seen_unseen,both_have_targets,positive,shared_target_count,0.3847973861395073,spearman,none,none,436,436,0,436,552,429,53,7,53,7,ok,,
inductive,split_02,2,303,0,inductive_split_02_seed_303,seen_unseen,both_have_targets,positive,biological_shared_protein_count,0.2478311124911684,spearman,none,none,436,436,0,436,552,429,53,7,53,7,ok,,
inductive,split_02,2,303,0,inductive_split_02_seed_303,seen_unseen,both_have_targets,positive,protein_size_geomean,0.1375570934513635,spearman,none,none,436,436,0,436,552,429,53,7,53,7,ok,,
inductive,split_02,2,303,0,inductive_split_02_seed_303,seen_unseen,both_have_targets,negative,shared_protein_count,-0.0222820071981443,spearman,none,none,595,595,0,595,248,594,97,0,97,0,ok,,
inductive,split_02,2,303,0,inductive_split_02_seed_303,seen_unseen,both_have_targets,negative,protein_jaccard,0.0594048975772353,spearman,none,none,595,595,0,595,248,594,97,0,97,0,ok,,
inductive,split_02,2,303,0,inductive_split_02_seed_303,seen_unseen,both_have_targets,negative,shared_target_count,0.2197787391872664,spearman,none,none,595,595,0,595,248,594,97,0,97,0,ok,,
inductive,split_02,2,303,0,inductive_split_02_seed_303,seen_unseen,both_have_targets,negative,biological_shared_protein_count,-0.0222820071981443,spearman,none,none,595,595,0,595,248,594,97,0,97,0,ok,,
inductive,split_02,2,303,0,inductive_split_02_seed_303,seen_unseen,both_have_targets,negative,protein_size_geomean,-0.0685559498445998,spearman,none,none,595,595,0,595,248,594,97,0,97,0,ok,,
inductive,split_02,2,303,0,inductive_split_02_seed_303,unseen_unseen,all_pairs,overall,shared_protein_count,0.0805412656457695,spearman,none,none,64,64,0,64,83,58,15,7,15,7,ok,,
inductive,split_02,2,303,0,inductive_split_02_seed_303,unseen_unseen,all_pairs,overall,protein_jaccard,-0.0159091498421031,spearman,none,none,64,64,0,64,83,58,15,7,15,7,ok,,
inductive,split_02,2,303,0,inductive_split_02_seed_303,unseen_unseen,all_pairs,overall,shared_target_count,0.2296542467511204,spearman,none,none,64,64,0,64,83,58,15,7,15,7,ok,,
inductive,split_02,2,303,0,inductive_split_02_seed_303,unseen_unseen,all_pairs,overall,biological_shared_protein_count,0.0805412656457695,spearman,none,none,64,64,0,64,83,58,15,7,15,7,ok,,
inductive,split_02,2,303,0,inductive_split_02_seed_303,unseen_unseen,all_pairs,overall,protein_size_geomean,0.084769851457913,spearman,none,none,64,64,0,64,83,58,15,7,15,7,ok,,
inductive,split_02,2,303,0,inductive_split_02_seed_303,unseen_unseen,all_pairs,positive,shared_protein_count,-0.2207168659115217,spearman,none,none,32,32,0,32,58,26,10,7,10,7,ok,,
inductive,split_02,2,303,0,inductive_split_02_seed_303,unseen_unseen,all_pairs,positive,protein_jaccard,-0.2907269243158337,spearman,none,none,32,32,0,32,58,26,10,7,10,7,ok,,
inductive,split_02,2,303,0,inductive_split_02_seed_303,unseen_unseen,all_pairs,positive,shared_target_count,-0.0487848665629377,spearman,none,none,32,32,0,32,58,26,10,7,10,7,ok,,
inductive,split_02,2,303,0,inductive_split_02_seed_303,unseen_unseen,all_pairs,positive,biological_shared_protein_count,-0.2207168659115217,spearman,none,none,32,32,0,32,58,26,10,7,10,7,ok,,
inductive,split_02,2,303,0,inductive_split_02_seed_303,unseen_unseen,all_pairs,positive,protein_size_geomean,-0.2751851851851852,spearman,none,none,32,32,0,32,58,26,10,7,10,7,ok,,
inductive,split_02,2,303,0,inductive_split_02_seed_303,unseen_unseen,all_pairs,negative,shared_protein_count,0.3600869540176299,spearman,none,none,32,32,0,32,29,32,5,0,5,0,ok,,
inductive,split_02,2,303,0,inductive_split_02_seed_303,unseen_unseen,all_pairs,negative,protein_jaccard,0.2346680415903254,spearman,none,none,32,32,0,32,29,32,5,0,5,0,ok,,
inductive,split_02,2,303,0,inductive_split_02_seed_303,unseen_unseen,all_pairs,negative,shared_target_count,0.3915878111291064,spearman,none,none,32,32,0,32,29,32,5,0,5,0,ok,,
inductive,split_02,2,303,0,inductive_split_02_seed_303,unseen_unseen,all_pairs,negative,biological_shared_protein_count,0.3600869540176299,spearman,none,none,32,32,0,32,29,32,5,0,5,0,ok,,
inductive,split_02,2,303,0,inductive_split_02_seed_303,unseen_unseen,all_pairs,negative,protein_size_geomean,0.4952346041055717,spearman,none,none,32,32,0,32,29,32,5,0,5,0,ok,,
inductive,split_02,2,303,0,inductive_split_02_seed_303,unseen_unseen,both_have_targets,overall,shared_protein_count,0.459296912597894,spearman,none,none,57,57,0,57,69,57,8,0,8,0,ok,,
inductive,split_02,2,303,0,inductive_split_02_seed_303,unseen_unseen,both_have_targets,overall,protein_jaccard,0.3224511335638643,spearman,none,none,57,57,0,57,69,57,8,0,8,0,ok,,
inductive,split_02,2,303,0,inductive_split_02_seed_303,unseen_unseen,both_have_targets,overall,shared_target_count,0.4116559076356445,spearman,none,none,57,57,0,57,69,57,8,0,8,0,ok,,
inductive,split_02,2,303,0,inductive_split_02_seed_303,unseen_unseen,both_have_targets,overall,biological_shared_protein_count,0.459296912597894,spearman,none,none,57,57,0,57,69,57,8,0,8,0,ok,,
inductive,split_02,2,303,0,inductive_split_02_seed_303,unseen_unseen,both_have_targets,overall,protein_size_geomean,0.5336401348198082,spearman,none,none,57,57,0,57,69,57,8,0,8,0,ok,,
inductive,split_02,2,303,0,inductive_split_02_seed_303,unseen_unseen,both_have_targets,positive,shared_protein_count,0.4467152068574274,spearman,none,none,25,25,0,25,44,25,3,0,3,0,ok,,
inductive,split_02,2,303,0,inductive_split_02_seed_303,unseen_unseen,both_have_targets,positive,protein_jaccard,0.3017706821824589,spearman,none,none,25,25,0,25,44,25,3,0,3,0,ok,,
inductive,split_02,2,303,0,inductive_split_02_seed_303,unseen_unseen,both_have_targets,positive,shared_target_count,0.314688180415845,spearman,none,none,25,25,0,25,44,25,3,0,3,0,ok,,
inductive,split_02,2,303,0,inductive_split_02_seed_303,unseen_unseen,both_have_targets,positive,biological_shared_protein_count,0.4467152068574274,spearman,none,none,25,25,0,25,44,25,3,0,3,0,ok,,
inductive,split_02,2,303,0,inductive_split_02_seed_303,unseen_unseen,both_have_targets,positive,protein_size_geomean,0.5053846153846154,spearman,none,none,25,25,0,25,44,25,3,0,3,0,ok,,
inductive,split_02,2,303,0,inductive_split_02_seed_303,unseen_unseen,both_have_targets,negative,shared_protein_count,0.3600869540176299,spearman,none,none,32,32,0,32,29,32,5,0,5,0,ok,,
inductive,split_02,2,303,0,inductive_split_02_seed_303,unseen_unseen,both_have_targets,negative,protein_jaccard,0.2346680415903254,spearman,none,none,32,32,0,32,29,32,5,0,5,0,ok,,
inductive,split_02,2,303,0,inductive_split_02_seed_303,unseen_unseen,both_have_targets,negative,shared_target_count,0.3915878111291064,spearman,none,none,32,32,0,32,29,32,5,0,5,0,ok,,
inductive,split_02,2,303,0,inductive_split_02_seed_303,unseen_unseen,both_have_targets,negative,biological_shared_protein_count,0.3600869540176299,spearman,none,none,32,32,0,32,29,32,5,0,5,0,ok,,
inductive,split_02,2,303,0,inductive_split_02_seed_303,unseen_unseen,both_have_targets,negative,protein_size_geomean,0.4952346041055717,spearman,none,none,32,32,0,32,29,32,5,0,5,0,ok,,
inductive,split_02,2,303,0,inductive_split_02_seed_303,seen_unseen,all_pairs,overall,shared_protein_count,0.0612966411813753,partial_spearman,n_proteins_a|n_proteins_b,endpoint_columns,1190,1190,0,1190,868,1023,309,166,309,166,ok,3.0,1187.0
inductive,split_02,2,303,0,inductive_split_02_seed_303,seen_unseen,all_pairs,overall,shared_protein_count,0.1962379807275984,partial_spearman,n_proteins_a|n_proteins_b,unordered_minmax,1190,1190,0,1190,868,1023,309,166,309,166,ok,3.0,1187.0
inductive,split_02,2,303,0,inductive_split_02_seed_303,seen_unseen,all_pairs,overall,biological_shared_protein_count,0.0612966411813753,partial_spearman,n_biological_proteins_a|n_biological_proteins_b,endpoint_columns,1190,1190,0,1190,868,1023,309,166,309,166,ok,3.0,1187.0
inductive,split_02,2,303,0,inductive_split_02_seed_303,seen_unseen,all_pairs,overall,biological_shared_protein_count,0.1962379807275984,partial_spearman,n_biological_proteins_a|n_biological_proteins_b,unordered_minmax,1190,1190,0,1190,868,1023,309,166,309,166,ok,3.0,1187.0
inductive,split_02,2,303,0,inductive_split_02_seed_303,seen_unseen,all_pairs,overall,shared_target_count,0.2964848390710239,partial_spearman,n_targets_a|n_targets_b,endpoint_columns,1190,1190,0,1190,868,1023,309,166,309,166,ok,3.0,1187.0
inductive,split_02,2,303,0,inductive_split_02_seed_303,seen_unseen,all_pairs,overall,shared_target_count,0.3463983968394557,partial_spearman,n_targets_a|n_targets_b,unordered_minmax,1190,1190,0,1190,868,1023,309,166,309,166,ok,3.0,1187.0
inductive,split_02,2,303,0,inductive_split_02_seed_303,seen_unseen,all_pairs,positive,shared_protein_count,-0.0663694588720113,partial_spearman,n_proteins_a|n_proteins_b,endpoint_columns,595,595,0,595,727,429,212,166,212,166,ok,3.0,592.0
inductive,split_02,2,303,0,inductive_split_02_seed_303,seen_unseen,all_pairs,positive,shared_protein_count,0.2084977289672838,partial_spearman,n_proteins_a|n_proteins_b,unordered_minmax,595,595,0,595,727,429,212,166,212,166,ok,3.0,592.0
inductive,split_02,2,303,0,inductive_split_02_seed_303,seen_unseen,all_pairs,positive,biological_shared_protein_count,-0.0663694588720113,partial_spearman,n_biological_proteins_a|n_biological_proteins_b,endpoint_columns,595,595,0,595,727,429,212,166,212,166,ok,3.0,592.0
inductive,split_02,2,303,0,inductive_split_02_seed_303,seen_unseen,all_pairs,positive,biological_shared_protein_count,0.2084977289672838,partial_spearman,n_biological_proteins_a|n_biological_proteins_b,unordered_minmax,595,595,0,595,727,429,212,166,212,166,ok,3.0,592.0
inductive,split_02,2,303,0,inductive_split_02_seed_303,seen_unseen,all_pairs,positive,shared_target_count,0.2662704235083931,partial_spearman,n_targets_a|n_targets_b,endpoint_columns,595,595,0,595,727,429,212,166,212,166,ok,3.0,592.0
inductive,split_02,2,303,0,inductive_split_02_seed_303,seen_unseen,all_pairs,positive,shared_target_count,0.4203605472141707,partial_spearman,n_targets_a|n_targets_b,unordered_minmax,595,595,0,595,727,429,212,166,212,166,ok,3.0,592.0
inductive,split_02,2,303,0,inductive_split_02_seed_303,seen_unseen,all_pairs,negative,shared_protein_count,0.1059266049204654,partial_spearman,n_proteins_a|n_proteins_b,endpoint_columns,595,595,0,595,248,594,97,0,97,0,ok,3.0,592.0
inductive,split_02,2,303,0,inductive_split_02_seed_303,seen_unseen,all_pairs,negative,shared_protein_count,0.1004930357290615,partial_spearman,n_proteins_a|n_proteins_b,unordered_minmax,595,595,0,595,248,594,97,0,97,0,ok,3.0,592.0
inductive,split_02,2,303,0,inductive_split_02_seed_303,seen_unseen,all_pairs,negative,biological_shared_protein_count,0.1059266049204654,partial_spearman,n_biological_proteins_a|n_biological_proteins_b,endpoint_columns,595,595,0,595,248,594,97,0,97,0,ok,3.0,592.0
inductive,split_02,2,303,0,inductive_split_02_seed_303,seen_unseen,all_pairs,negative,biological_shared_protein_count,0.1004930357290615,partial_spearman,n_biological_proteins_a|n_biological_proteins_b,unordered_minmax,595,595,0,595,248,594,97,0,97,0,ok,3.0,592.0
inductive,split_02,2,303,0,inductive_split_02_seed_303,seen_unseen,all_pairs,negative,shared_target_count,0.2165724720030843,partial_spearman,n_targets_a|n_targets_b,endpoint_columns,595,595,0,595,248,594,97,0,97,0,ok,3.0,592.0
inductive,split_02,2,303,0,inductive_split_02_seed_303,seen_unseen,all_pairs,negative,shared_target_count,0.1951640278073385,partial_spearman,n_targets_a|n_targets_b,unordered_minmax,595,595,0,595,248,594,97,0,97,0,ok,3.0,592.0
inductive,split_02,2,303,0,inductive_split_02_seed_303,seen_unseen,both_have_targets,overall,shared_protein_count,0.2422602741914253,partial_spearman,n_proteins_a|n_proteins_b,endpoint_columns,1031,1031,0,1031,705,1023,150,7,150,7,ok,3.0,1028.0
inductive,split_02,2,303,0,inductive_split_02_seed_303,seen_unseen,both_have_targets,overall,shared_protein_count,0.2684841520231121,partial_spearman,n_proteins_a|n_proteins_b,unordered_minmax,1031,1031,0,1031,705,1023,150,7,150,7,ok,3.0,1028.0
inductive,split_02,2,303,0,inductive_split_02_seed_303,seen_unseen,both_have_targets,overall,biological_shared_protein_count,0.2422602741914253,partial_spearman,n_biological_proteins_a|n_biological_proteins_b,endpoint_columns,1031,1031,0,1031,705,1023,150,7,150,7,ok,3.0,1028.0
inductive,split_02,2,303,0,inductive_split_02_seed_303,seen_unseen,both_have_targets,overall,biological_shared_protein_count,0.2684841520231121,partial_spearman,n_biological_proteins_a|n_biological_proteins_b,unordered_minmax,1031,1031,0,1031,705,1023,150,7,150,7,ok,3.0,1028.0
inductive,split_02,2,303,0,inductive_split_02_seed_303,seen_unseen,both_have_targets,overall,shared_target_count,0.3706570975921037,partial_spearman,n_targets_a|n_targets_b,endpoint_columns,1031,1031,0,1031,705,1023,150,7,150,7,ok,3.0,1028.0
inductive,split_02,2,303,0,inductive_split_02_seed_303,seen_unseen,both_have_targets,overall,shared_target_count,0.3654054714459808,partial_spearman,n_targets_a|n_targets_b,unordered_minmax,1031,1031,0,1031,705,1023,150,7,150,7,ok,3.0,1028.0
inductive,split_02,2,303,0,inductive_split_02_seed_303,seen_unseen,both_have_targets,positive,shared_protein_count,0.2265351916013442,partial_spearman,n_proteins_a|n_proteins_b,endpoint_columns,436,436,0,436,552,429,53,7,53,7,ok,3.0,433.0
inductive,split_02,2,303,0,inductive_split_02_seed_303,seen_unseen,both_have_targets,positive,shared_protein_count,0.2914823837080273,partial_spearman,n_proteins_a|n_proteins_b,unordered_minmax,436,436,0,436,552,429,53,7,53,7,ok,3.0,433.0
inductive,split_02,2,303,0,inductive_split_02_seed_303,seen_unseen,both_have_targets,positive,biological_shared_protein_count,0.2265351916013442,partial_spearman,n_biological_proteins_a|n_biological_proteins_b,endpoint_columns,436,436,0,436,552,429,53,7,53,7,ok,3.0,433.0
inductive,split_02,2,303,0,inductive_split_02_seed_303,seen_unseen,both_have_targets,positive,biological_shared_protein_count,0.2914823837080273,partial_spearman,n_biological_proteins_a|n_biological_proteins_b,unordered_minmax,436,436,0,436,552,429,53,7,53,7,ok,3.0,433.0
inductive,split_02,2,303,0,inductive_split_02_seed_303,seen_unseen,both_have_targets,positive,shared_target_count,0.3718364955471451,partial_spearman,n_targets_a|n_targets_b,endpoint_columns,436,436,0,436,552,429,53,7,53,7,ok,3.0,433.0
inductive,split_02,2,303,0,inductive_split_02_seed_303,seen_unseen,both_have_targets,positive,shared_target_count,0.3900908099115719,partial_spearman,n_targets_a|n_targets_b,unordered_minmax,436,436,0,436,552,429,53,7,53,7,ok,3.0,433.0
inductive,split_02,2,303,0,inductive_split_02_seed_303,seen_unseen,both_have_targets,negative,shared_protein_count,0.1059266049204654,partial_spearman,n_proteins_a|n_proteins_b,endpoint_columns,595,595,0,595,248,594,97,0,97,0,ok,3.0,592.0
inductive,split_02,2,303,0,inductive_split_02_seed_303,seen_unseen,both_have_targets,negative,shared_protein_count,0.1004930357290615,partial_spearman,n_proteins_a|n_proteins_b,unordered_minmax,595,595,0,595,248,594,97,0,97,0,ok,3.0,592.0
inductive,split_02,2,303,0,inductive_split_02_seed_303,seen_unseen,both_have_targets,negative,biological_shared_protein_count,0.1059266049204654,partial_spearman,n_biological_proteins_a|n_biological_proteins_b,endpoint_columns,595,595,0,595,248,594,97,0,97,0,ok,3.0,592.0
inductive,split_02,2,303,0,inductive_split_02_seed_303,seen_unseen,both_have_targets,negative,biological_shared_protein_count,0.1004930357290615,partial_spearman,n_biological_proteins_a|n_biological_proteins_b,unordered_minmax,595,595,0,595,248,594,97,0,97,0,ok,3.0,592.0
inductive,split_02,2,303,0,inductive_split_02_seed_303,seen_unseen,both_have_targets,negative,shared_target_count,0.2165724720030843,partial_spearman,n_targets_a|n_targets_b,endpoint_columns,595,595,0,595,248,594,97,0,97,0,ok,3.0,592.0
inductive,split_02,2,303,0,inductive_split_02_seed_303,seen_unseen,both_have_targets,negative,shared_target_count,0.1951640278073385,partial_spearman,n_targets_a|n_targets_b,unordered_minmax,595,595,0,595,248,594,97,0,97,0,ok,3.0,592.0
inductive,split_02,2,303,0,inductive_split_02_seed_303,unseen_unseen,all_pairs,overall,shared_protein_count,-0.0944569824017325,partial_spearman,n_proteins_a|n_proteins_b,endpoint_columns,64,64,0,64,83,58,15,7,15,7,ok,3.0,61.0
inductive,split_02,2,303,0,inductive_split_02_seed_303,unseen_unseen,all_pairs,overall,shared_protein_count,-0.0279806226947588,partial_spearman,n_proteins_a|n_proteins_b,unordered_minmax,64,64,0,64,83,58,15,7,15,7,ok,3.0,61.0
inductive,split_02,2,303,0,inductive_split_02_seed_303,unseen_unseen,all_pairs,overall,biological_shared_protein_count,-0.0944569824017325,partial_spearman,n_biological_proteins_a|n_biological_proteins_b,endpoint_columns,64,64,0,64,83,58,15,7,15,7,ok,3.0,61.0
inductive,split_02,2,303,0,inductive_split_02_seed_303,unseen_unseen,all_pairs,overall,biological_shared_protein_count,-0.0279806226947588,partial_spearman,n_biological_proteins_a|n_biological_proteins_b,unordered_minmax,64,64,0,64,83,58,15,7,15,7,ok,3.0,61.0
inductive,split_02,2,303,0,inductive_split_02_seed_303,unseen_unseen,all_pairs,overall,shared_target_count,0.1189646049363317,partial_spearman,n_targets_a|n_targets_b,endpoint_columns,64,64,0,64,83,58,15,7,15,7,ok,3.0,61.0
inductive,split_02,2,303,0,inductive_split_02_seed_303,unseen_unseen,all_pairs,overall,shared_target_count,0.2223802562095861,partial_spearman,n_targets_a|n_targets_b,unordered_minmax,64,64,0,64,83,58,15,7,15,7,ok,3.0,61.0
inductive,split_02,2,303,0,inductive_split_02_seed_303,unseen_unseen,all_pairs,positive,shared_protein_count,-0.2011704364070043,partial_spearman,n_proteins_a|n_proteins_b,endpoint_columns,32,32,0,32,58,26,10,7,10,7,ok,3.0,29.0
inductive,split_02,2,303,0,inductive_split_02_seed_303,unseen_unseen,all_pairs,positive,shared_protein_count,-0.1043844820196949,partial_spearman,n_proteins_a|n_proteins_b,unordered_minmax,32,32,0,32,58,26,10,7,10,7,ok,3.0,29.0
inductive,split_02,2,303,0,inductive_split_02_seed_303,unseen_unseen,all_pairs,positive,biological_shared_protein_count,-0.2011704364070043,partial_spearman,n_biological_proteins_a|n_biological_proteins_b,endpoint_columns,32,32,0,32,58,26,10,7,10,7,ok,3.0,29.0
inductive,split_02,2,303,0,inductive_split_02_seed_303,unseen_unseen,all_pairs,positive,biological_shared_protein_count,-0.1043844820196949,partial_spearman,n_biological_proteins_a|n_biological_proteins_b,unordered_minmax,32,32,0,32,58,26,10,7,10,7,ok,3.0,29.0
inductive,split_02,2,303,0,inductive_split_02_seed_303,unseen_unseen,all_pairs,positive,shared_target_count,-0.0685406163641303,partial_spearman,n_targets_a|n_targets_b,endpoint_columns,32,32,0,32,58,26,10,7,10,7,ok,3.0,29.0
inductive,split_02,2,303,0,inductive_split_02_seed_303,unseen_unseen,all_pairs,positive,shared_target_count,0.1102011669968586,partial_spearman,n_targets_a|n_targets_b,unordered_minmax,32,32,0,32,58,26,10,7,10,7,ok,3.0,29.0
inductive,split_02,2,303,0,inductive_split_02_seed_303,unseen_unseen,all_pairs,negative,shared_protein_count,0.0165729256802514,partial_spearman,n_proteins_a|n_proteins_b,endpoint_columns,32,32,0,32,29,32,5,0,5,0,ok,3.0,29.0
inductive,split_02,2,303,0,inductive_split_02_seed_303,unseen_unseen,all_pairs,negative,shared_protein_count,0.1387526106250083,partial_spearman,n_proteins_a|n_proteins_b,unordered_minmax,32,32,0,32,29,32,5,0,5,0,ok,3.0,29.0
inductive,split_02,2,303,0,inductive_split_02_seed_303,unseen_unseen,all_pairs,negative,biological_shared_protein_count,0.0165729256802514,partial_spearman,n_biological_proteins_a|n_biological_proteins_b,endpoint_columns,32,32,0,32,29,32,5,0,5,0,ok,3.0,29.0
inductive,split_02,2,303,0,inductive_split_02_seed_303,unseen_unseen,all_pairs,negative,biological_shared_protein_count,0.1387526106250083,partial_spearman,n_biological_proteins_a|n_biological_proteins_b,unordered_minmax,32,32,0,32,29,32,5,0,5,0,ok,3.0,29.0
inductive,split_02,2,303,0,inductive_split_02_seed_303,unseen_unseen,all_pairs,negative,shared_target_count,0.2563599530147312,partial_spearman,n_targets_a|n_targets_b,endpoint_columns,32,32,0,32,29,32,5,0,5,0,ok,3.0,29.0
inductive,split_02,2,303,0,inductive_split_02_seed_303,unseen_unseen,all_pairs,negative,shared_target_count,0.2810917836051316,partial_spearman,n_targets_a|n_targets_b,unordered_minmax,32,32,0,32,29,32,5,0,5,0,ok,3.0,29.0
inductive,split_02,2,303,0,inductive_split_02_seed_303,unseen_unseen,both_have_targets,overall,shared_protein_count,0.0601682355708674,partial_spearman,n_proteins_a|n_proteins_b,endpoint_columns,57,57,0,57,69,57,8,0,8,0,ok,3.0,54.0
inductive,split_02,2,303,0,inductive_split_02_seed_303,unseen_unseen,both_have_targets,overall,shared_protein_count,0.051556994319228,partial_spearman,n_proteins_a|n_proteins_b,unordered_minmax,57,57,0,57,69,57,8,0,8,0,ok,3.0,54.0
inductive,split_02,2,303,0,inductive_split_02_seed_303,unseen_unseen,both_have_targets,overall,biological_shared_protein_count,0.0601682355708674,partial_spearman,n_biological_proteins_a|n_biological_proteins_b,endpoint_columns,57,57,0,57,69,57,8,0,8,0,ok,3.0,54.0
inductive,split_02,2,303,0,inductive_split_02_seed_303,unseen_unseen,both_have_targets,overall,biological_shared_protein_count,0.051556994319228,partial_spearman,n_biological_proteins_a|n_biological_proteins_b,unordered_minmax,57,57,0,57,69,57,8,0,8,0,ok,3.0,54.0
inductive,split_02,2,303,0,inductive_split_02_seed_303,unseen_unseen,both_have_targets,overall,shared_target_count,0.2447672691467578,partial_spearman,n_targets_a|n_targets_b,endpoint_columns,57,57,0,57,69,57,8,0,8,0,ok,3.0,54.0
inductive,split_02,2,303,0,inductive_split_02_seed_303,unseen_unseen,both_have_targets,overall,shared_target_count,0.2581377082846157,partial_spearman,n_targets_a|n_targets_b,unordered_minmax,57,57,0,57,69,57,8,0,8,0,ok,3.0,54.0
inductive,split_02,2,303,0,inductive_split_02_seed_303,unseen_unseen,both_have_targets,positive,shared_protein_count,0.0676398935882058,partial_spearman,n_proteins_a|n_proteins_b,endpoint_columns,25,25,0,25,44,25,3,0,3,0,ok,3.0,22.0
inductive,split_02,2,303,0,inductive_split_02_seed_303,unseen_unseen,both_have_targets,positive,shared_protein_count,-0.0639847844035983,partial_spearman,n_proteins_a|n_proteins_b,unordered_minmax,25,25,0,25,44,25,3,0,3,0,ok,3.0,22.0
inductive,split_02,2,303,0,inductive_split_02_seed_303,unseen_unseen,both_have_targets,positive,biological_shared_protein_count,0.0676398935882058,partial_spearman,n_biological_proteins_a|n_biological_proteins_b,endpoint_columns,25,25,0,25,44,25,3,0,3,0,ok,3.0,22.0
inductive,split_02,2,303,0,inductive_split_02_seed_303,unseen_unseen,both_have_targets,positive,biological_shared_protein_count,-0.0639847844035983,partial_spearman,n_biological_proteins_a|n_biological_proteins_b,unordered_minmax,25,25,0,25,44,25,3,0,3,0,ok,3.0,22.0
inductive,split_02,2,303,0,inductive_split_02_seed_303,unseen_unseen,both_have_targets,positive,shared_target_count,0.1330366995081488,partial_spearman,n_targets_a|n_targets_b,endpoint_columns,25,25,0,25,44,25,3,0,3,0,ok,3.0,22.0
inductive,split_02,2,303,0,inductive_split_02_seed_303,unseen_unseen,both_have_targets,positive,shared_target_count,0.0604379850984549,partial_spearman,n_targets_a|n_targets_b,unordered_minmax,25,25,0,25,44,25,3,0,3,0,ok,3.0,22.0
inductive,split_02,2,303,0,inductive_split_02_seed_303,unseen_unseen,both_have_targets,negative,shared_protein_count,0.0165729256802514,partial_spearman,n_proteins_a|n_proteins_b,endpoint_columns,32,32,0,32,29,32,5,0,5,0,ok,3.0,29.0
inductive,split_02,2,303,0,inductive_split_02_seed_303,unseen_unseen,both_have_targets,negative,shared_protein_count,0.1387526106250083,partial_spearman,n_proteins_a|n_proteins_b,unordered_minmax,32,32,0,32,29,32,5,0,5,0,ok,3.0,29.0
inductive,split_02,2,303,0,inductive_split_02_seed_303,unseen_unseen,both_have_targets,negative,biological_shared_protein_count,0.0165729256802514,partial_spearman,n_biological_proteins_a|n_biological_proteins_b,endpoint_columns,32,32,0,32,29,32,5,0,5,0,ok,3.0,29.0
inductive,split_02,2,303,0,inductive_split_02_seed_303,unseen_unseen,both_have_targets,negative,biological_shared_protein_count,0.1387526106250083,partial_spearman,n_biological_proteins_a|n_biological_proteins_b,unordered_minmax,32,32,0,32,29,32,5,0,5,0,ok,3.0,29.0
inductive,split_02,2,303,0,inductive_split_02_seed_303,unseen_unseen,both_have_targets,negative,shared_target_count,0.2563599530147312,partial_spearman,n_targets_a|n_targets_b,endpoint_columns,32,32,0,32,29,32,5,0,5,0,ok,3.0,29.0
inductive,split_02,2,303,0,inductive_split_02_seed_303,unseen_unseen,both_have_targets,negative,shared_target_count,0.2810917836051316,partial_spearman,n_targets_a|n_targets_b,unordered_minmax,32,32,0,32,29,32,5,0,5,0,ok,3.0,29.0
inductive,split_02,2,303,0,inductive_split_02_seed_303,seen_unseen,all_pairs,overall,biological_shared_protein_count,0.215331164328696,partial_spearman,n_biological_proteins_a|n_biological_proteins_b|either_biological_size_zero,endpoint_columns_plus_zero,1190,1190,0,1190,868,1023,309,166,309,166,ok,4.0,1186.0
inductive,split_02,2,303,0,inductive_split_02_seed_303,seen_unseen,all_pairs,overall,biological_shared_protein_count,0.2469002486720961,partial_spearman,n_biological_proteins_a|n_biological_proteins_b|either_biological_size_zero,unordered_minmax_plus_zero,1190,1190,0,1190,868,1023,309,166,309,166,ok,4.0,1186.0
inductive,split_02,2,303,0,inductive_split_02_seed_303,unseen_unseen,all_pairs,overall,biological_shared_protein_count,0.0867855206413211,partial_spearman,n_biological_proteins_a|n_biological_proteins_b|either_biological_size_zero,endpoint_columns_plus_zero,64,64,0,64,83,58,15,7,15,7,ok,4.0,60.0
inductive,split_02,2,303,0,inductive_split_02_seed_303,unseen_unseen,all_pairs,overall,biological_shared_protein_count,0.0716562505873479,partial_spearman,n_biological_proteins_a|n_biological_proteins_b|either_biological_size_zero,unordered_minmax_plus_zero,64,64,0,64,83,58,15,7,15,7,ok,4.0,60.0
inductive,split_03,3,101,0,inductive_split_03_seed_101,seen_unseen,all_pairs,overall,shared_protein_count,-0.1811496986369705,spearman,none,none,1864,1864,0,1864,1139,1688,525,75,525,75,ok,,
inductive,split_03,3,101,0,inductive_split_03_seed_101,seen_unseen,all_pairs,overall,protein_jaccard,-0.1243905543659136,spearman,none,none,1844,1864,20,1844,1122,1688,505,55,525,75,ok,,
inductive,split_03,3,101,0,inductive_split_03_seed_101,seen_unseen,all_pairs,overall,shared_target_count,0.1689810684862966,spearman,none,none,1864,1864,0,1864,1139,1688,525,75,525,75,ok,,
inductive,split_03,3,101,0,inductive_split_03_seed_101,seen_unseen,all_pairs,overall,biological_shared_protein_count,-0.1811496986369705,spearman,none,none,1864,1864,0,1864,1139,1688,525,75,525,75,ok,,
inductive,split_03,3,101,0,inductive_split_03_seed_101,seen_unseen,all_pairs,overall,protein_size_geomean,-0.35297184861141,spearman,none,none,1864,1864,0,1864,1139,1688,525,75,525,75,ok,,
inductive,split_03,3,101,0,inductive_split_03_seed_101,seen_unseen,all_pairs,positive,shared_protein_count,-0.2857599527266835,spearman,none,none,932,932,0,932,970,759,299,75,299,75,ok,,
inductive,split_03,3,101,0,inductive_split_03_seed_101,seen_unseen,all_pairs,positive,protein_jaccard,-0.2316899642355416,spearman,none,none,912,932,20,912,953,759,279,55,299,75,ok,,
inductive,split_03,3,101,0,inductive_split_03_seed_101,seen_unseen,all_pairs,positive,shared_target_count,0.0258664437388582,spearman,none,none,932,932,0,932,970,759,299,75,299,75,ok,,
inductive,split_03,3,101,0,inductive_split_03_seed_101,seen_unseen,all_pairs,positive,biological_shared_protein_count,-0.2857599527266835,spearman,none,none,932,932,0,932,970,759,299,75,299,75,ok,,
inductive,split_03,3,101,0,inductive_split_03_seed_101,seen_unseen,all_pairs,positive,protein_size_geomean,-0.4708593805246798,spearman,none,none,932,932,0,932,970,759,299,75,299,75,ok,,
inductive,split_03,3,101,0,inductive_split_03_seed_101,seen_unseen,all_pairs,negative,shared_protein_count,-0.1892167507670256,spearman,none,none,932,932,0,932,330,929,226,0,226,0,ok,,
inductive,split_03,3,101,0,inductive_split_03_seed_101,seen_unseen,all_pairs,negative,protein_jaccard,-0.1429944097750816,spearman,none,none,932,932,0,932,330,929,226,0,226,0,ok,,
inductive,split_03,3,101,0,inductive_split_03_seed_101,seen_unseen,all_pairs,negative,shared_target_count,0.1050040942012534,spearman,none,none,932,932,0,932,330,929,226,0,226,0,ok,,
inductive,split_03,3,101,0,inductive_split_03_seed_101,seen_unseen,all_pairs,negative,biological_shared_protein_count,-0.1892167507670256,spearman,none,none,932,932,0,932,330,929,226,0,226,0,ok,,
inductive,split_03,3,101,0,inductive_split_03_seed_101,seen_unseen,all_pairs,negative,protein_size_geomean,-0.2692601240595529,spearman,none,none,932,932,0,932,330,929,226,0,226,0,ok,,
inductive,split_03,3,101,0,inductive_split_03_seed_101,seen_unseen,both_have_targets,overall,shared_protein_count,0.0857114527817729,spearman,none,none,1662,1662,0,1662,943,1658,323,0,323,0,ok,,
inductive,split_03,3,101,0,inductive_split_03_seed_101,seen_unseen,both_have_targets,overall,protein_jaccard,0.133609938711136,spearman,none,none,1662,1662,0,1662,943,1658,323,0,323,0,ok,,
inductive,split_03,3,101,0,inductive_split_03_seed_101,seen_unseen,both_have_targets,overall,shared_target_count,0.3461279804267917,spearman,none,none,1662,1662,0,1662,943,1658,323,0,323,0,ok,,
inductive,split_03,3,101,0,inductive_split_03_seed_101,seen_unseen,both_have_targets,overall,biological_shared_protein_count,0.0857114527817729,spearman,none,none,1662,1662,0,1662,943,1658,323,0,323,0,ok,,
inductive,split_03,3,101,0,inductive_split_03_seed_101,seen_unseen,both_have_targets,overall,protein_size_geomean,-0.0886773568093109,spearman,none,none,1662,1662,0,1662,943,1658,323,0,323,0,ok,,
inductive,split_03,3,101,0,inductive_split_03_seed_101,seen_unseen,both_have_targets,positive,shared_protein_count,0.3155787947418753,spearman,none,none,730,730,0,730,766,729,97,0,97,0,ok,,
inductive,split_03,3,101,0,inductive_split_03_seed_101,seen_unseen,both_have_targets,positive,protein_jaccard,0.3479526690961836,spearman,none,none,730,730,0,730,766,729,97,0,97,0,ok,,
inductive,split_03,3,101,0,inductive_split_03_seed_101,seen_unseen,both_have_targets,positive,shared_target_count,0.4782677921890818,spearman,none,none,730,730,0,730,766,729,97,0,97,0,ok,,
inductive,split_03,3,101,0,inductive_split_03_seed_101,seen_unseen,both_have_targets,positive,biological_shared_protein_count,0.3155787947418753,spearman,none,none,730,730,0,730,766,729,97,0,97,0,ok,,
inductive,split_03,3,101,0,inductive_split_03_seed_101,seen_unseen,both_have_targets,positive,protein_size_geomean,0.0852453557983921,spearman,none,none,730,730,0,730,766,729,97,0,97,0,ok,,
inductive,split_03,3,101,0,inductive_split_03_seed_101,seen_unseen,both_have_targets,negative,shared_protein_count,-0.1892167507670256,spearman,none,none,932,932,0,932,330,929,226,0,226,0,ok,,
inductive,split_03,3,101,0,inductive_split_03_seed_101,seen_unseen,both_have_targets,negative,protein_jaccard,-0.1429944097750816,spearman,none,none,932,932,0,932,330,929,226,0,226,0,ok,,
inductive,split_03,3,101,0,inductive_split_03_seed_101,seen_unseen,both_have_targets,negative,shared_target_count,0.1050040942012534,spearman,none,none,932,932,0,932,330,929,226,0,226,0,ok,,
inductive,split_03,3,101,0,inductive_split_03_seed_101,seen_unseen,both_have_targets,negative,biological_shared_protein_count,-0.1892167507670256,spearman,none,none,932,932,0,932,330,929,226,0,226,0,ok,,
inductive,split_03,3,101,0,inductive_split_03_seed_101,seen_unseen,both_have_targets,negative,protein_size_geomean,-0.2692601240595529,spearman,none,none,932,932,0,932,330,929,226,0,226,0,ok,,
inductive,split_03,3,101,0,inductive_split_03_seed_101,unseen_unseen,all_pairs,overall,shared_protein_count,-0.1932994643845577,spearman,none,none,206,206,0,206,166,194,59,6,59,6,ok,,
inductive,split_03,3,101,0,inductive_split_03_seed_101,unseen_unseen,all_pairs,overall,protein_jaccard,-0.0948937487566054,spearman,none,none,202,206,4,202,160,194,55,2,59,6,ok,,
inductive,split_03,3,101,0,inductive_split_03_seed_101,unseen_unseen,all_pairs,overall,shared_target_count,0.2290993442685409,spearman,none,none,206,206,0,206,166,194,59,6,59,6,ok,,
inductive,split_03,3,101,0,inductive_split_03_seed_101,unseen_unseen,all_pairs,overall,biological_shared_protein_count,-0.1932994643845577,spearman,none,none,206,206,0,206,166,194,59,6,59,6,ok,,
inductive,split_03,3,101,0,inductive_split_03_seed_101,unseen_unseen,all_pairs,overall,protein_size_geomean,-0.4167142993886267,spearman,none,none,206,206,0,206,166,194,59,6,59,6,ok,,
inductive,split_03,3,101,0,inductive_split_03_seed_101,unseen_unseen,all_pairs,positive,shared_protein_count,-0.2543440198673882,spearman,none,none,103,103,0,103,144,91,35,6,35,6,ok,,
inductive,split_03,3,101,0,inductive_split_03_seed_101,unseen_unseen,all_pairs,positive,protein_jaccard,-0.1407969745144305,spearman,none,none,99,103,4,99,138,91,31,2,35,6,ok,,
inductive,split_03,3,101,0,inductive_split_03_seed_101,unseen_unseen,all_pairs,positive,shared_target_count,0.1494532599176229,spearman,none,none,103,103,0,103,144,91,35,6,35,6,ok,,
inductive,split_03,3,101,0,inductive_split_03_seed_101,unseen_unseen,all_pairs,positive,biological_shared_protein_count,-0.2543440198673882,spearman,none,none,103,103,0,103,144,91,35,6,35,6,ok,,
inductive,split_03,3,101,0,inductive_split_03_seed_101,unseen_unseen,all_pairs,positive,protein_size_geomean,-0.4916389612482863,spearman,none,none,103,103,0,103,144,91,35,6,35,6,ok,,
inductive,split_03,3,101,0,inductive_split_03_seed_101,unseen_unseen,all_pairs,negative,shared_protein_count,-0.2050813201912991,spearman,none,none,103,103,0,103,49,103,24,0,24,0,ok,,
inductive,split_03,3,101,0,inductive_split_03_seed_101,unseen_unseen,all_pairs,negative,protein_jaccard,-0.1439017555129208,spearman,none,none,103,103,0,103,49,103,24,0,24,0,ok,,
inductive,split_03,3,101,0,inductive_split_03_seed_101,unseen_unseen,all_pairs,negative,shared_target_count,0.1691692234240946,spearman,none,none,103,103,0,103,49,103,24,0,24,0,ok,,
inductive,split_03,3,101,0,inductive_split_03_seed_101,unseen_unseen,all_pairs,negative,biological_shared_protein_count,-0.2050813201912991,spearman,none,none,103,103,0,103,49,103,24,0,24,0,ok,,
inductive,split_03,3,101,0,inductive_split_03_seed_101,unseen_unseen,all_pairs,negative,protein_size_geomean,-0.3870535518165444,spearman,none,none,103,103,0,103,49,103,24,0,24,0,ok,,
inductive,split_03,3,101,0,inductive_split_03_seed_101,unseen_unseen,both_have_targets,overall,shared_protein_count,0.0852292690884645,spearman,none,none,183,183,0,183,130,182,36,0,36,0,ok,,
inductive,split_03,3,101,0,inductive_split_03_seed_101,unseen_unseen,both_have_targets,overall,protein_jaccard,0.1639112610002447,spearman,none,none,183,183,0,183,130,182,36,0,36,0,ok,,
inductive,split_03,3,101,0,inductive_split_03_seed_101,unseen_unseen,both_have_targets,overall,shared_target_count,0.4141394360511996,spearman,none,none,183,183,0,183,130,182,36,0,36,0,ok,,
inductive,split_03,3,101,0,inductive_split_03_seed_101,unseen_unseen,both_have_targets,overall,biological_shared_protein_count,0.0852292690884645,spearman,none,none,183,183,0,183,130,182,36,0,36,0,ok,,
inductive,split_03,3,101,0,inductive_split_03_seed_101,unseen_unseen,both_have_targets,overall,protein_size_geomean,-0.1695416900418354,spearman,none,none,183,183,0,183,130,182,36,0,36,0,ok,,
inductive,split_03,3,101,0,inductive_split_03_seed_101,unseen_unseen,both_have_targets,positive,shared_protein_count,0.3916885949110353,spearman,none,none,80,80,0,80,106,79,12,0,12,0,ok,,
inductive,split_03,3,101,0,inductive_split_03_seed_101,unseen_unseen,both_have_targets,positive,protein_jaccard,0.4698540871096998,spearman,none,none,80,80,0,80,106,79,12,0,12,0,ok,,
inductive,split_03,3,101,0,inductive_split_03_seed_101,unseen_unseen,both_have_targets,positive,shared_target_count,0.6598904032672361,spearman,none,none,80,80,0,80,106,79,12,0,12,0,ok,,
inductive,split_03,3,101,0,inductive_split_03_seed_101,unseen_unseen,both_have_targets,positive,biological_shared_protein_count,0.3916885949110353,spearman,none,none,80,80,0,80,106,79,12,0,12,0,ok,,
inductive,split_03,3,101,0,inductive_split_03_seed_101,unseen_unseen,both_have_targets,positive,protein_size_geomean,0.0672886461397812,spearman,none,none,80,80,0,80,106,79,12,0,12,0,ok,,
inductive,split_03,3,101,0,inductive_split_03_seed_101,unseen_unseen,both_have_targets,negative,shared_protein_count,-0.2050813201912991,spearman,none,none,103,103,0,103,49,103,24,0,24,0,ok,,
inductive,split_03,3,101,0,inductive_split_03_seed_101,unseen_unseen,both_have_targets,negative,protein_jaccard,-0.1439017555129208,spearman,none,none,103,103,0,103,49,103,24,0,24,0,ok,,
inductive,split_03,3,101,0,inductive_split_03_seed_101,unseen_unseen,both_have_targets,negative,shared_target_count,0.1691692234240946,spearman,none,none,103,103,0,103,49,103,24,0,24,0,ok,,
inductive,split_03,3,101,0,inductive_split_03_seed_101,unseen_unseen,both_have_targets,negative,biological_shared_protein_count,-0.2050813201912991,spearman,none,none,103,103,0,103,49,103,24,0,24,0,ok,,
inductive,split_03,3,101,0,inductive_split_03_seed_101,unseen_unseen,both_have_targets,negative,protein_size_geomean,-0.3870535518165444,spearman,none,none,103,103,0,103,49,103,24,0,24,0,ok,,
inductive,split_03,3,101,0,inductive_split_03_seed_101,seen_unseen,all_pairs,overall,shared_protein_count,0.1100514349042465,partial_spearman,n_proteins_a|n_proteins_b,endpoint_columns,1864,1864,0,1864,1139,1688,525,75,525,75,ok,3.0,1861.0
inductive,split_03,3,101,0,inductive_split_03_seed_101,seen_unseen,all_pairs,overall,shared_protein_count,0.2439967353112125,partial_spearman,n_proteins_a|n_proteins_b,unordered_minmax,1864,1864,0,1864,1139,1688,525,75,525,75,ok,3.0,1861.0
inductive,split_03,3,101,0,inductive_split_03_seed_101,seen_unseen,all_pairs,overall,biological_shared_protein_count,0.1100514349042465,partial_spearman,n_biological_proteins_a|n_biological_proteins_b,endpoint_columns,1864,1864,0,1864,1139,1688,525,75,525,75,ok,3.0,1861.0
inductive,split_03,3,101,0,inductive_split_03_seed_101,seen_unseen,all_pairs,overall,biological_shared_protein_count,0.2439967353112125,partial_spearman,n_biological_proteins_a|n_biological_proteins_b,unordered_minmax,1864,1864,0,1864,1139,1688,525,75,525,75,ok,3.0,1861.0
inductive,split_03,3,101,0,inductive_split_03_seed_101,seen_unseen,all_pairs,overall,shared_target_count,0.2860554057820825,partial_spearman,n_targets_a|n_targets_b,endpoint_columns,1864,1864,0,1864,1139,1688,525,75,525,75,ok,3.0,1861.0
inductive,split_03,3,101,0,inductive_split_03_seed_101,seen_unseen,all_pairs,overall,shared_target_count,0.3172192312388802,partial_spearman,n_targets_a|n_targets_b,unordered_minmax,1864,1864,0,1864,1139,1688,525,75,525,75,ok,3.0,1861.0
inductive,split_03,3,101,0,inductive_split_03_seed_101,seen_unseen,all_pairs,positive,shared_protein_count,0.1415957840462353,partial_spearman,n_proteins_a|n_proteins_b,endpoint_columns,932,932,0,932,970,759,299,75,299,75,ok,3.0,929.0
inductive,split_03,3,101,0,inductive_split_03_seed_101,seen_unseen,all_pairs,positive,shared_protein_count,0.3195009767500439,partial_spearman,n_proteins_a|n_proteins_b,unordered_minmax,932,932,0,932,970,759,299,75,299,75,ok,3.0,929.0
inductive,split_03,3,101,0,inductive_split_03_seed_101,seen_unseen,all_pairs,positive,biological_shared_protein_count,0.1415957840462353,partial_spearman,n_biological_proteins_a|n_biological_proteins_b,endpoint_columns,932,932,0,932,970,759,299,75,299,75,ok,3.0,929.0
inductive,split_03,3,101,0,inductive_split_03_seed_101,seen_unseen,all_pairs,positive,biological_shared_protein_count,0.3195009767500439,partial_spearman,n_biological_proteins_a|n_biological_proteins_b,unordered_minmax,932,932,0,932,970,759,299,75,299,75,ok,3.0,929.0
inductive,split_03,3,101,0,inductive_split_03_seed_101,seen_unseen,all_pairs,positive,shared_target_count,0.3026680538764766,partial_spearman,n_targets_a|n_targets_b,endpoint_columns,932,932,0,932,970,759,299,75,299,75,ok,3.0,929.0
inductive,split_03,3,101,0,inductive_split_03_seed_101,seen_unseen,all_pairs,positive,shared_target_count,0.3780660163409413,partial_spearman,n_targets_a|n_targets_b,unordered_minmax,932,932,0,932,970,759,299,75,299,75,ok,3.0,929.0
inductive,split_03,3,101,0,inductive_split_03_seed_101,seen_unseen,all_pairs,negative,shared_protein_count,-0.0259527225524649,partial_spearman,n_proteins_a|n_proteins_b,endpoint_columns,932,932,0,932,330,929,226,0,226,0,ok,3.0,929.0
inductive,split_03,3,101,0,inductive_split_03_seed_101,seen_unseen,all_pairs,negative,shared_protein_count,0.0315038554316093,partial_spearman,n_proteins_a|n_proteins_b,unordered_minmax,932,932,0,932,330,929,226,0,226,0,ok,3.0,929.0
inductive,split_03,3,101,0,inductive_split_03_seed_101,seen_unseen,all_pairs,negative,biological_shared_protein_count,-0.0259527225524649,partial_spearman,n_biological_proteins_a|n_biological_proteins_b,endpoint_columns,932,932,0,932,330,929,226,0,226,0,ok,3.0,929.0
inductive,split_03,3,101,0,inductive_split_03_seed_101,seen_unseen,all_pairs,negative,biological_shared_protein_count,0.0315038554316093,partial_spearman,n_biological_proteins_a|n_biological_proteins_b,unordered_minmax,932,932,0,932,330,929,226,0,226,0,ok,3.0,929.0
inductive,split_03,3,101,0,inductive_split_03_seed_101,seen_unseen,all_pairs,negative,shared_target_count,0.1235205088865439,partial_spearman,n_targets_a|n_targets_b,endpoint_columns,932,932,0,932,330,929,226,0,226,0,ok,3.0,929.0
inductive,split_03,3,101,0,inductive_split_03_seed_101,seen_unseen,all_pairs,negative,shared_target_count,0.1288837387956017,partial_spearman,n_targets_a|n_targets_b,unordered_minmax,932,932,0,932,330,929,226,0,226,0,ok,3.0,929.0
inductive,split_03,3,101,0,inductive_split_03_seed_101,seen_unseen,both_have_targets,overall,shared_protein_count,0.2249581918493718,partial_spearman,n_proteins_a|n_proteins_b,endpoint_columns,1662,1662,0,1662,943,1658,323,0,323,0,ok,3.0,1659.0
inductive,split_03,3,101,0,inductive_split_03_seed_101,seen_unseen,both_have_targets,overall,shared_protein_count,0.2781649618926696,partial_spearman,n_proteins_a|n_proteins_b,unordered_minmax,1662,1662,0,1662,943,1658,323,0,323,0,ok,3.0,1659.0
inductive,split_03,3,101,0,inductive_split_03_seed_101,seen_unseen,both_have_targets,overall,biological_shared_protein_count,0.2249581918493718,partial_spearman,n_biological_proteins_a|n_biological_proteins_b,endpoint_columns,1662,1662,0,1662,943,1658,323,0,323,0,ok,3.0,1659.0
inductive,split_03,3,101,0,inductive_split_03_seed_101,seen_unseen,both_have_targets,overall,biological_shared_protein_count,0.2781649618926696,partial_spearman,n_biological_proteins_a|n_biological_proteins_b,unordered_minmax,1662,1662,0,1662,943,1658,323,0,323,0,ok,3.0,1659.0
inductive,split_03,3,101,0,inductive_split_03_seed_101,seen_unseen,both_have_targets,overall,shared_target_count,0.3411190324934087,partial_spearman,n_targets_a|n_targets_b,endpoint_columns,1662,1662,0,1662,943,1658,323,0,323,0,ok,3.0,1659.0
inductive,split_03,3,101,0,inductive_split_03_seed_101,seen_unseen,both_have_targets,overall,shared_target_count,0.3429375643473097,partial_spearman,n_targets_a|n_targets_b,unordered_minmax,1662,1662,0,1662,943,1658,323,0,323,0,ok,3.0,1659.0
inductive,split_03,3,101,0,inductive_split_03_seed_101,seen_unseen,both_have_targets,positive,shared_protein_count,0.3927609903033254,partial_spearman,n_proteins_a|n_proteins_b,endpoint_columns,730,730,0,730,766,729,97,0,97,0,ok,3.0,727.0
inductive,split_03,3,101,0,inductive_split_03_seed_101,seen_unseen,both_have_targets,positive,shared_protein_count,0.4172953039111468,partial_spearman,n_proteins_a|n_proteins_b,unordered_minmax,730,730,0,730,766,729,97,0,97,0,ok,3.0,727.0
inductive,split_03,3,101,0,inductive_split_03_seed_101,seen_unseen,both_have_targets,positive,biological_shared_protein_count,0.3927609903033254,partial_spearman,n_biological_proteins_a|n_biological_proteins_b,endpoint_columns,730,730,0,730,766,729,97,0,97,0,ok,3.0,727.0
inductive,split_03,3,101,0,inductive_split_03_seed_101,seen_unseen,both_have_targets,positive,biological_shared_protein_count,0.4172953039111468,partial_spearman,n_biological_proteins_a|n_biological_proteins_b,unordered_minmax,730,730,0,730,766,729,97,0,97,0,ok,3.0,727.0
inductive,split_03,3,101,0,inductive_split_03_seed_101,seen_unseen,both_have_targets,positive,shared_target_count,0.4139713279744264,partial_spearman,n_targets_a|n_targets_b,endpoint_columns,730,730,0,730,766,729,97,0,97,0,ok,3.0,727.0
inductive,split_03,3,101,0,inductive_split_03_seed_101,seen_unseen,both_have_targets,positive,shared_target_count,0.3964610948808382,partial_spearman,n_targets_a|n_targets_b,unordered_minmax,730,730,0,730,766,729,97,0,97,0,ok,3.0,727.0
inductive,split_03,3,101,0,inductive_split_03_seed_101,seen_unseen,both_have_targets,negative,shared_protein_count,-0.0259527225524649,partial_spearman,n_proteins_a|n_proteins_b,endpoint_columns,932,932,0,932,330,929,226,0,226,0,ok,3.0,929.0
inductive,split_03,3,101,0,inductive_split_03_seed_101,seen_unseen,both_have_targets,negative,shared_protein_count,0.0315038554316093,partial_spearman,n_proteins_a|n_proteins_b,unordered_minmax,932,932,0,932,330,929,226,0,226,0,ok,3.0,929.0
inductive,split_03,3,101,0,inductive_split_03_seed_101,seen_unseen,both_have_targets,negative,biological_shared_protein_count,-0.0259527225524649,partial_spearman,n_biological_proteins_a|n_biological_proteins_b,endpoint_columns,932,932,0,932,330,929,226,0,226,0,ok,3.0,929.0
inductive,split_03,3,101,0,inductive_split_03_seed_101,seen_unseen,both_have_targets,negative,biological_shared_protein_count,0.0315038554316093,partial_spearman,n_biological_proteins_a|n_biological_proteins_b,unordered_minmax,932,932,0,932,330,929,226,0,226,0,ok,3.0,929.0
inductive,split_03,3,101,0,inductive_split_03_seed_101,seen_unseen,both_have_targets,negative,shared_target_count,0.1235205088865439,partial_spearman,n_targets_a|n_targets_b,endpoint_columns,932,932,0,932,330,929,226,0,226,0,ok,3.0,929.0
inductive,split_03,3,101,0,inductive_split_03_seed_101,seen_unseen,both_have_targets,negative,shared_target_count,0.1288837387956017,partial_spearman,n_targets_a|n_targets_b,unordered_minmax,932,932,0,932,330,929,226,0,226,0,ok,3.0,929.0
inductive,split_03,3,101,0,inductive_split_03_seed_101,unseen_unseen,all_pairs,overall,shared_protein_count,0.1381963706653859,partial_spearman,n_proteins_a|n_proteins_b,endpoint_columns,206,206,0,206,166,194,59,6,59,6,ok,3.0,203.0
inductive,split_03,3,101,0,inductive_split_03_seed_101,unseen_unseen,all_pairs,overall,shared_protein_count,0.2844284950109965,partial_spearman,n_proteins_a|n_proteins_b,unordered_minmax,206,206,0,206,166,194,59,6,59,6,ok,3.0,203.0
inductive,split_03,3,101,0,inductive_split_03_seed_101,unseen_unseen,all_pairs,overall,biological_shared_protein_count,0.1381963706653859,partial_spearman,n_biological_proteins_a|n_biological_proteins_b,endpoint_columns,206,206,0,206,166,194,59,6,59,6,ok,3.0,203.0
inductive,split_03,3,101,0,inductive_split_03_seed_101,unseen_unseen,all_pairs,overall,biological_shared_protein_count,0.2844284950109965,partial_spearman,n_biological_proteins_a|n_biological_proteins_b,unordered_minmax,206,206,0,206,166,194,59,6,59,6,ok,3.0,203.0
inductive,split_03,3,101,0,inductive_split_03_seed_101,unseen_unseen,all_pairs,overall,shared_target_count,0.291511809186155,partial_spearman,n_targets_a|n_targets_b,endpoint_columns,206,206,0,206,166,194,59,6,59,6,ok,3.0,203.0
inductive,split_03,3,101,0,inductive_split_03_seed_101,unseen_unseen,all_pairs,overall,shared_target_count,0.3384678235073765,partial_spearman,n_targets_a|n_targets_b,unordered_minmax,206,206,0,206,166,194,59,6,59,6,ok,3.0,203.0
inductive,split_03,3,101,0,inductive_split_03_seed_101,unseen_unseen,all_pairs,positive,shared_protein_count,0.1659706209336029,partial_spearman,n_proteins_a|n_proteins_b,endpoint_columns,103,103,0,103,144,91,35,6,35,6,ok,3.0,100.0
inductive,split_03,3,101,0,inductive_split_03_seed_101,unseen_unseen,all_pairs,positive,shared_protein_count,0.3501134979706125,partial_spearman,n_proteins_a|n_proteins_b,unordered_minmax,103,103,0,103,144,91,35,6,35,6,ok,3.0,100.0
inductive,split_03,3,101,0,inductive_split_03_seed_101,unseen_unseen,all_pairs,positive,biological_shared_protein_count,0.1659706209336029,partial_spearman,n_biological_proteins_a|n_biological_proteins_b,endpoint_columns,103,103,0,103,144,91,35,6,35,6,ok,3.0,100.0
inductive,split_03,3,101,0,inductive_split_03_seed_101,unseen_unseen,all_pairs,positive,biological_shared_protein_count,0.3501134979706125,partial_spearman,n_biological_proteins_a|n_biological_proteins_b,unordered_minmax,103,103,0,103,144,91,35,6,35,6,ok,3.0,100.0
inductive,split_03,3,101,0,inductive_split_03_seed_101,unseen_unseen,all_pairs,positive,shared_target_count,0.4091808581293954,partial_spearman,n_targets_a|n_targets_b,endpoint_columns,103,103,0,103,144,91,35,6,35,6,ok,3.0,100.0
inductive,split_03,3,101,0,inductive_split_03_seed_101,unseen_unseen,all_pairs,positive,shared_target_count,0.520220766429084,partial_spearman,n_targets_a|n_targets_b,unordered_minmax,103,103,0,103,144,91,35,6,35,6,ok,3.0,100.0
inductive,split_03,3,101,0,inductive_split_03_seed_101,unseen_unseen,all_pairs,negative,shared_protein_count,0.125012589089198,partial_spearman,n_proteins_a|n_proteins_b,endpoint_columns,103,103,0,103,49,103,24,0,24,0,ok,3.0,100.0
inductive,split_03,3,101,0,inductive_split_03_seed_101,unseen_unseen,all_pairs,negative,shared_protein_count,0.2197300723113712,partial_spearman,n_proteins_a|n_proteins_b,unordered_minmax,103,103,0,103,49,103,24,0,24,0,ok,3.0,100.0
inductive,split_03,3,101,0,inductive_split_03_seed_101,unseen_unseen,all_pairs,negative,biological_shared_protein_count,0.125012589089198,partial_spearman,n_biological_proteins_a|n_biological_proteins_b,endpoint_columns,103,103,0,103,49,103,24,0,24,0,ok,3.0,100.0
inductive,split_03,3,101,0,inductive_split_03_seed_101,unseen_unseen,all_pairs,negative,biological_shared_protein_count,0.2197300723113712,partial_spearman,n_biological_proteins_a|n_biological_proteins_b,unordered_minmax,103,103,0,103,49,103,24,0,24,0,ok,3.0,100.0
inductive,split_03,3,101,0,inductive_split_03_seed_101,unseen_unseen,all_pairs,negative,shared_target_count,0.1653411253449896,partial_spearman,n_targets_a|n_targets_b,endpoint_columns,103,103,0,103,49,103,24,0,24,0,ok,3.0,100.0
inductive,split_03,3,101,0,inductive_split_03_seed_101,unseen_unseen,all_pairs,negative,shared_target_count,0.1560876626451788,partial_spearman,n_targets_a|n_targets_b,unordered_minmax,103,103,0,103,49,103,24,0,24,0,ok,3.0,100.0
inductive,split_03,3,101,0,inductive_split_03_seed_101,unseen_unseen,both_have_targets,overall,shared_protein_count,0.3139730080340608,partial_spearman,n_proteins_a|n_proteins_b,endpoint_columns,183,183,0,183,130,182,36,0,36,0,ok,3.0,180.0
inductive,split_03,3,101,0,inductive_split_03_seed_101,unseen_unseen,both_have_targets,overall,shared_protein_count,0.3822840400233945,partial_spearman,n_proteins_a|n_proteins_b,unordered_minmax,183,183,0,183,130,182,36,0,36,0,ok,3.0,180.0
inductive,split_03,3,101,0,inductive_split_03_seed_101,unseen_unseen,both_have_targets,overall,biological_shared_protein_count,0.3139730080340608,partial_spearman,n_biological_proteins_a|n_biological_proteins_b,endpoint_columns,183,183,0,183,130,182,36,0,36,0,ok,3.0,180.0
inductive,split_03,3,101,0,inductive_split_03_seed_101,unseen_unseen,both_have_targets,overall,biological_shared_protein_count,0.3822840400233945,partial_spearman,n_biological_proteins_a|n_biological_proteins_b,unordered_minmax,183,183,0,183,130,182,36,0,36,0,ok,3.0,180.0
inductive,split_03,3,101,0,inductive_split_03_seed_101,unseen_unseen,both_have_targets,overall,shared_target_count,0.3681798437003938,partial_spearman,n_targets_a|n_targets_b,endpoint_columns,183,183,0,183,130,182,36,0,36,0,ok,3.0,180.0
inductive,split_03,3,101,0,inductive_split_03_seed_101,unseen_unseen,both_have_targets,overall,shared_target_count,0.3899989119646689,partial_spearman,n_targets_a|n_targets_b,unordered_minmax,183,183,0,183,130,182,36,0,36,0,ok,3.0,180.0
inductive,split_03,3,101,0,inductive_split_03_seed_101,unseen_unseen,both_have_targets,positive,shared_protein_count,0.5137795330545922,partial_spearman,n_proteins_a|n_proteins_b,endpoint_columns,80,80,0,80,106,79,12,0,12,0,ok,3.0,77.0
inductive,split_03,3,101,0,inductive_split_03_seed_101,unseen_unseen,both_have_targets,positive,shared_protein_count,0.536352036946771,partial_spearman,n_proteins_a|n_proteins_b,unordered_minmax,80,80,0,80,106,79,12,0,12,0,ok,3.0,77.0
inductive,split_03,3,101,0,inductive_split_03_seed_101,unseen_unseen,both_have_targets,positive,biological_shared_protein_count,0.5137795330545922,partial_spearman,n_biological_proteins_a|n_biological_proteins_b,endpoint_columns,80,80,0,80,106,79,12,0,12,0,ok,3.0,77.0
inductive,split_03,3,101,0,inductive_split_03_seed_101,unseen_unseen,both_have_targets,positive,biological_shared_protein_count,0.536352036946771,partial_spearman,n_biological_proteins_a|n_biological_proteins_b,unordered_minmax,80,80,0,80,106,79,12,0,12,0,ok,3.0,77.0
inductive,split_03,3,101,0,inductive_split_03_seed_101,unseen_unseen,both_have_targets,positive,shared_target_count,0.544331109023545,partial_spearman,n_targets_a|n_targets_b,endpoint_columns,80,80,0,80,106,79,12,0,12,0,ok,3.0,77.0
inductive,split_03,3,101,0,inductive_split_03_seed_101,unseen_unseen,both_have_targets,positive,shared_target_count,0.5301408209530014,partial_spearman,n_targets_a|n_targets_b,unordered_minmax,80,80,0,80,106,79,12,0,12,0,ok,3.0,77.0
inductive,split_03,3,101,0,inductive_split_03_seed_101,unseen_unseen,both_have_targets,negative,shared_protein_count,0.125012589089198,partial_spearman,n_proteins_a|n_proteins_b,endpoint_columns,103,103,0,103,49,103,24,0,24,0,ok,3.0,100.0
inductive,split_03,3,101,0,inductive_split_03_seed_101,unseen_unseen,both_have_targets,negative,shared_protein_count,0.2197300723113712,partial_spearman,n_proteins_a|n_proteins_b,unordered_minmax,103,103,0,103,49,103,24,0,24,0,ok,3.0,100.0
inductive,split_03,3,101,0,inductive_split_03_seed_101,unseen_unseen,both_have_targets,negative,biological_shared_protein_count,0.125012589089198,partial_spearman,n_biological_proteins_a|n_biological_proteins_b,endpoint_columns,103,103,0,103,49,103,24,0,24,0,ok,3.0,100.0
inductive,split_03,3,101,0,inductive_split_03_seed_101,unseen_unseen,both_have_targets,negative,biological_shared_protein_count,0.2197300723113712,partial_spearman,n_biological_proteins_a|n_biological_proteins_b,unordered_minmax,103,103,0,103,49,103,24,0,24,0,ok,3.0,100.0
inductive,split_03,3,101,0,inductive_split_03_seed_101,unseen_unseen,both_have_targets,negative,shared_target_count,0.1653411253449896,partial_spearman,n_targets_a|n_targets_b,endpoint_columns,103,103,0,103,49,103,24,0,24,0,ok,3.0,100.0
inductive,split_03,3,101,0,inductive_split_03_seed_101,unseen_unseen,both_have_targets,negative,shared_target_count,0.1560876626451788,partial_spearman,n_targets_a|n_targets_b,unordered_minmax,103,103,0,103,49,103,24,0,24,0,ok,3.0,100.0
inductive,split_03,3,101,0,inductive_split_03_seed_101,seen_unseen,all_pairs,overall,biological_shared_protein_count,0.195511403541939,partial_spearman,n_biological_proteins_a|n_biological_proteins_b|either_biological_size_zero,endpoint_columns_plus_zero,1864,1864,0,1864,1139,1688,525,75,525,75,ok,4.0,1860.0
inductive,split_03,3,101,0,inductive_split_03_seed_101,seen_unseen,all_pairs,overall,biological_shared_protein_count,0.2535461795482897,partial_spearman,n_biological_proteins_a|n_biological_proteins_b|either_biological_size_zero,unordered_minmax_plus_zero,1864,1864,0,1864,1139,1688,525,75,525,75,ok,4.0,1860.0
inductive,split_03,3,101,0,inductive_split_03_seed_101,unseen_unseen,all_pairs,overall,biological_shared_protein_count,0.2588183276132324,partial_spearman,n_biological_proteins_a|n_biological_proteins_b|either_biological_size_zero,endpoint_columns_plus_zero,206,206,0,206,166,194,59,6,59,6,ok,4.0,202.0
inductive,split_03,3,101,0,inductive_split_03_seed_101,unseen_unseen,all_pairs,overall,biological_shared_protein_count,0.3430923804658978,partial_spearman,n_biological_proteins_a|n_biological_proteins_b|either_biological_size_zero,unordered_minmax_plus_zero,206,206,0,206,166,194,59,6,59,6,ok,4.0,202.0
inductive,split_03,3,202,0,inductive_split_03_seed_202,seen_unseen,all_pairs,overall,shared_protein_count,-0.2774220179718409,spearman,none,none,1864,1864,0,1864,1139,1658,525,203,525,203,ok,,
inductive,split_03,3,202,0,inductive_split_03_seed_202,seen_unseen,all_pairs,overall,protein_jaccard,-0.2297954764868498,spearman,none,none,1844,1864,20,1844,1122,1658,505,183,525,203,ok,,
inductive,split_03,3,202,0,inductive_split_03_seed_202,seen_unseen,all_pairs,overall,shared_target_count,0.0574164234752263,spearman,none,none,1864,1864,0,1864,1139,1658,525,203,525,203,ok,,
inductive,split_03,3,202,0,inductive_split_03_seed_202,seen_unseen,all_pairs,overall,biological_shared_protein_count,-0.2774220179718409,spearman,none,none,1864,1864,0,1864,1139,1658,525,203,525,203,ok,,
inductive,split_03,3,202,0,inductive_split_03_seed_202,seen_unseen,all_pairs,overall,protein_size_geomean,-0.4067206789671808,spearman,none,none,1864,1864,0,1864,1139,1658,525,203,525,203,ok,,
inductive,split_03,3,202,0,inductive_split_03_seed_202,seen_unseen,all_pairs,positive,shared_protein_count,-0.3722325383054557,spearman,none,none,932,932,0,932,970,729,299,203,299,203,ok,,
inductive,split_03,3,202,0,inductive_split_03_seed_202,seen_unseen,all_pairs,positive,protein_jaccard,-0.3272787129868422,spearman,none,none,912,932,20,912,953,729,279,183,299,203,ok,,
inductive,split_03,3,202,0,inductive_split_03_seed_202,seen_unseen,all_pairs,positive,shared_target_count,-0.074919690606947,spearman,none,none,932,932,0,932,970,729,299,203,299,203,ok,,
inductive,split_03,3,202,0,inductive_split_03_seed_202,seen_unseen,all_pairs,positive,biological_shared_protein_count,-0.3722325383054557,spearman,none,none,932,932,0,932,970,729,299,203,299,203,ok,,
inductive,split_03,3,202,0,inductive_split_03_seed_202,seen_unseen,all_pairs,positive,protein_size_geomean,-0.5157469142242778,spearman,none,none,932,932,0,932,970,729,299,203,299,203,ok,,
inductive,split_03,3,202,0,inductive_split_03_seed_202,seen_unseen,all_pairs,negative,shared_protein_count,-0.2692672446066016,spearman,none,none,932,932,0,932,330,929,226,0,226,0,ok,,
inductive,split_03,3,202,0,inductive_split_03_seed_202,seen_unseen,all_pairs,negative,protein_jaccard,-0.2302246332674037,spearman,none,none,932,932,0,932,330,929,226,0,226,0,ok,,
inductive,split_03,3,202,0,inductive_split_03_seed_202,seen_unseen,all_pairs,negative,shared_target_count,-0.0048310077164161,spearman,none,none,932,932,0,932,330,929,226,0,226,0,ok,,
inductive,split_03,3,202,0,inductive_split_03_seed_202,seen_unseen,all_pairs,negative,biological_shared_protein_count,-0.2692672446066016,spearman,none,none,932,932,0,932,330,929,226,0,226,0,ok,,
inductive,split_03,3,202,0,inductive_split_03_seed_202,seen_unseen,all_pairs,negative,protein_size_geomean,-0.3089579247190728,spearman,none,none,932,932,0,932,330,929,226,0,226,0,ok,,
inductive,split_03,3,202,0,inductive_split_03_seed_202,seen_unseen,both_have_targets,overall,shared_protein_count,-0.0406196370292772,spearman,none,none,1662,1662,0,1662,943,1658,323,1,323,1,ok,,
inductive,split_03,3,202,0,inductive_split_03_seed_202,seen_unseen,both_have_targets,overall,protein_jaccard,-0.0018917649269031,spearman,none,none,1662,1662,0,1662,943,1658,323,1,323,1,ok,,
inductive,split_03,3,202,0,inductive_split_03_seed_202,seen_unseen,both_have_targets,overall,shared_target_count,0.2116273278827487,spearman,none,none,1662,1662,0,1662,943,1658,323,1,323,1,ok,,
inductive,split_03,3,202,0,inductive_split_03_seed_202,seen_unseen,both_have_targets,overall,biological_shared_protein_count,-0.0406196370292772,spearman,none,none,1662,1662,0,1662,943,1658,323,1,323,1,ok,,
inductive,split_03,3,202,0,inductive_split_03_seed_202,seen_unseen,both_have_targets,overall,protein_size_geomean,-0.1642050807382419,spearman,none,none,1662,1662,0,1662,943,1658,323,1,323,1,ok,,
inductive,split_03,3,202,0,inductive_split_03_seed_202,seen_unseen,both_have_targets,positive,shared_protein_count,0.1638295007392494,spearman,none,none,730,730,0,730,766,729,97,1,97,1,ok,,
inductive,split_03,3,202,0,inductive_split_03_seed_202,seen_unseen,both_have_targets,positive,protein_jaccard,0.1855800677481804,spearman,none,none,730,730,0,730,766,729,97,1,97,1,ok,,
inductive,split_03,3,202,0,inductive_split_03_seed_202,seen_unseen,both_have_targets,positive,shared_target_count,0.327400962252331,spearman,none,none,730,730,0,730,766,729,97,1,97,1,ok,,
inductive,split_03,3,202,0,inductive_split_03_seed_202,seen_unseen,both_have_targets,positive,biological_shared_protein_count,0.1638295007392494,spearman,none,none,730,730,0,730,766,729,97,1,97,1,ok,,
inductive,split_03,3,202,0,inductive_split_03_seed_202,seen_unseen,both_have_targets,positive,protein_size_geomean,-0.0030365520569722,spearman,none,none,730,730,0,730,766,729,97,1,97,1,ok,,
inductive,split_03,3,202,0,inductive_split_03_seed_202,seen_unseen,both_have_targets,negative,shared_protein_count,-0.2692672446066016,spearman,none,none,932,932,0,932,330,929,226,0,226,0,ok,,
inductive,split_03,3,202,0,inductive_split_03_seed_202,seen_unseen,both_have_targets,negative,protein_jaccard,-0.2302246332674037,spearman,none,none,932,932,0,932,330,929,226,0,226,0,ok,,
inductive,split_03,3,202,0,inductive_split_03_seed_202,seen_unseen,both_have_targets,negative,shared_target_count,-0.0048310077164161,spearman,none,none,932,932,0,932,330,929,226,0,226,0,ok,,
inductive,split_03,3,202,0,inductive_split_03_seed_202,seen_unseen,both_have_targets,negative,biological_shared_protein_count,-0.2692672446066016,spearman,none,none,932,932,0,932,330,929,226,0,226,0,ok,,
inductive,split_03,3,202,0,inductive_split_03_seed_202,seen_unseen,both_have_targets,negative,protein_size_geomean,-0.3089579247190728,spearman,none,none,932,932,0,932,330,929,226,0,226,0,ok,,
inductive,split_03,3,202,0,inductive_split_03_seed_202,unseen_unseen,all_pairs,overall,shared_protein_count,-0.32336408805082,spearman,none,none,206,206,0,206,166,183,59,23,59,23,ok,,
inductive,split_03,3,202,0,inductive_split_03_seed_202,unseen_unseen,all_pairs,overall,protein_jaccard,-0.2665508599820358,spearman,none,none,202,206,4,202,160,183,55,19,59,23,ok,,
inductive,split_03,3,202,0,inductive_split_03_seed_202,unseen_unseen,all_pairs,overall,shared_target_count,0.0606175878594796,spearman,none,none,206,206,0,206,166,183,59,23,59,23,ok,,
inductive,split_03,3,202,0,inductive_split_03_seed_202,unseen_unseen,all_pairs,overall,biological_shared_protein_count,-0.32336408805082,spearman,none,none,206,206,0,206,166,183,59,23,59,23,ok,,
inductive,split_03,3,202,0,inductive_split_03_seed_202,unseen_unseen,all_pairs,overall,protein_size_geomean,-0.4665223278415846,spearman,none,none,206,206,0,206,166,183,59,23,59,23,ok,,
inductive,split_03,3,202,0,inductive_split_03_seed_202,unseen_unseen,all_pairs,positive,shared_protein_count,-0.3874674696146685,spearman,none,none,103,103,0,103,144,80,35,23,35,23,ok,,
inductive,split_03,3,202,0,inductive_split_03_seed_202,unseen_unseen,all_pairs,positive,protein_jaccard,-0.3193769501133582,spearman,none,none,99,103,4,99,138,80,31,19,35,23,ok,,
inductive,split_03,3,202,0,inductive_split_03_seed_202,unseen_unseen,all_pairs,positive,shared_target_count,-0.018450798557005,spearman,none,none,103,103,0,103,144,80,35,23,35,23,ok,,
inductive,split_03,3,202,0,inductive_split_03_seed_202,unseen_unseen,all_pairs,positive,biological_shared_protein_count,-0.3874674696146685,spearman,none,none,103,103,0,103,144,80,35,23,35,23,ok,,
inductive,split_03,3,202,0,inductive_split_03_seed_202,unseen_unseen,all_pairs,positive,protein_size_geomean,-0.5395132136451225,spearman,none,none,103,103,0,103,144,80,35,23,35,23,ok,,
inductive,split_03,3,202,0,inductive_split_03_seed_202,unseen_unseen,all_pairs,negative,shared_protein_count,-0.2712187464299859,spearman,none,none,103,103,0,103,49,103,24,0,24,0,ok,,
inductive,split_03,3,202,0,inductive_split_03_seed_202,unseen_unseen,all_pairs,negative,protein_jaccard,-0.2487263838999205,spearman,none,none,103,103,0,103,49,103,24,0,24,0,ok,,
inductive,split_03,3,202,0,inductive_split_03_seed_202,unseen_unseen,all_pairs,negative,shared_target_count,0.0597458009338337,spearman,none,none,103,103,0,103,49,103,24,0,24,0,ok,,
inductive,split_03,3,202,0,inductive_split_03_seed_202,unseen_unseen,all_pairs,negative,biological_shared_protein_count,-0.2712187464299859,spearman,none,none,103,103,0,103,49,103,24,0,24,0,ok,,
inductive,split_03,3,202,0,inductive_split_03_seed_202,unseen_unseen,all_pairs,negative,protein_size_geomean,-0.3898321838070553,spearman,none,none,103,103,0,103,49,103,24,0,24,0,ok,,
inductive,split_03,3,202,0,inductive_split_03_seed_202,unseen_unseen,both_have_targets,overall,shared_protein_count,-0.0855203486275228,spearman,none,none,183,183,0,183,130,182,36,0,36,0,ok,,
inductive,split_03,3,202,0,inductive_split_03_seed_202,unseen_unseen,both_have_targets,overall,protein_jaccard,-0.0546059646502212,spearman,none,none,183,183,0,183,130,182,36,0,36,0,ok,,
inductive,split_03,3,202,0,inductive_split_03_seed_202,unseen_unseen,both_have_targets,overall,shared_target_count,0.2114277438717364,spearman,none,none,183,183,0,183,130,182,36,0,36,0,ok,,
inductive,split_03,3,202,0,inductive_split_03_seed_202,unseen_unseen,both_have_targets,overall,biological_shared_protein_count,-0.0855203486275228,spearman,none,none,183,183,0,183,130,182,36,0,36,0,ok,,
inductive,split_03,3,202,0,inductive_split_03_seed_202,unseen_unseen,both_have_targets,overall,protein_size_geomean,-0.2400872150799455,spearman,none,none,183,183,0,183,130,182,36,0,36,0,ok,,
inductive,split_03,3,202,0,inductive_split_03_seed_202,unseen_unseen,both_have_targets,positive,shared_protein_count,0.1629881438682365,spearman,none,none,80,80,0,80,106,79,12,0,12,0,ok,,
inductive,split_03,3,202,0,inductive_split_03_seed_202,unseen_unseen,both_have_targets,positive,protein_jaccard,0.1760954885696748,spearman,none,none,80,80,0,80,106,79,12,0,12,0,ok,,
inductive,split_03,3,202,0,inductive_split_03_seed_202,unseen_unseen,both_have_targets,positive,shared_target_count,0.410538331175326,spearman,none,none,80,80,0,80,106,79,12,0,12,0,ok,,
inductive,split_03,3,202,0,inductive_split_03_seed_202,unseen_unseen,both_have_targets,positive,biological_shared_protein_count,0.1629881438682365,spearman,none,none,80,80,0,80,106,79,12,0,12,0,ok,,
inductive,split_03,3,202,0,inductive_split_03_seed_202,unseen_unseen,both_have_targets,positive,protein_size_geomean,-0.0280711213211594,spearman,none,none,80,80,0,80,106,79,12,0,12,0,ok,,
inductive,split_03,3,202,0,inductive_split_03_seed_202,unseen_unseen,both_have_targets,negative,shared_protein_count,-0.2712187464299859,spearman,none,none,103,103,0,103,49,103,24,0,24,0,ok,,
inductive,split_03,3,202,0,inductive_split_03_seed_202,unseen_unseen,both_have_targets,negative,protein_jaccard,-0.2487263838999205,spearman,none,none,103,103,0,103,49,103,24,0,24,0,ok,,
inductive,split_03,3,202,0,inductive_split_03_seed_202,unseen_unseen,both_have_targets,negative,shared_target_count,0.0597458009338337,spearman,none,none,103,103,0,103,49,103,24,0,24,0,ok,,
inductive,split_03,3,202,0,inductive_split_03_seed_202,unseen_unseen,both_have_targets,negative,biological_shared_protein_count,-0.2712187464299859,spearman,none,none,103,103,0,103,49,103,24,0,24,0,ok,,
inductive,split_03,3,202,0,inductive_split_03_seed_202,unseen_unseen,both_have_targets,negative,protein_size_geomean,-0.3898321838070553,spearman,none,none,103,103,0,103,49,103,24,0,24,0,ok,,
inductive,split_03,3,202,0,inductive_split_03_seed_202,seen_unseen,all_pairs,overall,shared_protein_count,-0.001710092233603,partial_spearman,n_proteins_a|n_proteins_b,endpoint_columns,1864,1864,0,1864,1139,1658,525,203,525,203,ok,3.0,1861.0
inductive,split_03,3,202,0,inductive_split_03_seed_202,seen_unseen,all_pairs,overall,shared_protein_count,0.1389883475945058,partial_spearman,n_proteins_a|n_proteins_b,unordered_minmax,1864,1864,0,1864,1139,1658,525,203,525,203,ok,3.0,1861.0
inductive,split_03,3,202,0,inductive_split_03_seed_202,seen_unseen,all_pairs,overall,biological_shared_protein_count,-0.001710092233603,partial_spearman,n_biological_proteins_a|n_biological_proteins_b,endpoint_columns,1864,1864,0,1864,1139,1658,525,203,525,203,ok,3.0,1861.0
inductive,split_03,3,202,0,inductive_split_03_seed_202,seen_unseen,all_pairs,overall,biological_shared_protein_count,0.1389883475945058,partial_spearman,n_biological_proteins_a|n_biological_proteins_b,unordered_minmax,1864,1864,0,1864,1139,1658,525,203,525,203,ok,3.0,1861.0
inductive,split_03,3,202,0,inductive_split_03_seed_202,seen_unseen,all_pairs,overall,shared_target_count,0.1809396672120663,partial_spearman,n_targets_a|n_targets_b,endpoint_columns,1864,1864,0,1864,1139,1658,525,203,525,203,ok,3.0,1861.0
inductive,split_03,3,202,0,inductive_split_03_seed_202,seen_unseen,all_pairs,overall,shared_target_count,0.2253046715286177,partial_spearman,n_targets_a|n_targets_b,unordered_minmax,1864,1864,0,1864,1139,1658,525,203,525,203,ok,3.0,1861.0
inductive,split_03,3,202,0,inductive_split_03_seed_202,seen_unseen,all_pairs,positive,shared_protein_count,0.0124478247360768,partial_spearman,n_proteins_a|n_proteins_b,endpoint_columns,932,932,0,932,970,729,299,203,299,203,ok,3.0,929.0
inductive,split_03,3,202,0,inductive_split_03_seed_202,seen_unseen,all_pairs,positive,shared_protein_count,0.2128261191167155,partial_spearman,n_proteins_a|n_proteins_b,unordered_minmax,932,932,0,932,970,729,299,203,299,203,ok,3.0,929.0
inductive,split_03,3,202,0,inductive_split_03_seed_202,seen_unseen,all_pairs,positive,biological_shared_protein_count,0.0124478247360768,partial_spearman,n_biological_proteins_a|n_biological_proteins_b,endpoint_columns,932,932,0,932,970,729,299,203,299,203,ok,3.0,929.0
inductive,split_03,3,202,0,inductive_split_03_seed_202,seen_unseen,all_pairs,positive,biological_shared_protein_count,0.2128261191167155,partial_spearman,n_biological_proteins_a|n_biological_proteins_b,unordered_minmax,932,932,0,932,970,729,299,203,299,203,ok,3.0,929.0
inductive,split_03,3,202,0,inductive_split_03_seed_202,seen_unseen,all_pairs,positive,shared_target_count,0.1968842129624974,partial_spearman,n_targets_a|n_targets_b,endpoint_columns,932,932,0,932,970,729,299,203,299,203,ok,3.0,929.0
inductive,split_03,3,202,0,inductive_split_03_seed_202,seen_unseen,all_pairs,positive,shared_target_count,0.3012815465458408,partial_spearman,n_targets_a|n_targets_b,unordered_minmax,932,932,0,932,970,729,299,203,299,203,ok,3.0,929.0
inductive,split_03,3,202,0,inductive_split_03_seed_202,seen_unseen,all_pairs,negative,shared_protein_count,-0.1176002074669045,partial_spearman,n_proteins_a|n_proteins_b,endpoint_columns,932,932,0,932,330,929,226,0,226,0,ok,3.0,929.0
inductive,split_03,3,202,0,inductive_split_03_seed_202,seen_unseen,all_pairs,negative,shared_protein_count,-0.0695909016736174,partial_spearman,n_proteins_a|n_proteins_b,unordered_minmax,932,932,0,932,330,929,226,0,226,0,ok,3.0,929.0
inductive,split_03,3,202,0,inductive_split_03_seed_202,seen_unseen,all_pairs,negative,biological_shared_protein_count,-0.1176002074669045,partial_spearman,n_biological_proteins_a|n_biological_proteins_b,endpoint_columns,932,932,0,932,330,929,226,0,226,0,ok,3.0,929.0
inductive,split_03,3,202,0,inductive_split_03_seed_202,seen_unseen,all_pairs,negative,biological_shared_protein_count,-0.0695909016736174,partial_spearman,n_biological_proteins_a|n_biological_proteins_b,unordered_minmax,932,932,0,932,330,929,226,0,226,0,ok,3.0,929.0
inductive,split_03,3,202,0,inductive_split_03_seed_202,seen_unseen,all_pairs,negative,shared_target_count,0.0168090370888491,partial_spearman,n_targets_a|n_targets_b,endpoint_columns,932,932,0,932,330,929,226,0,226,0,ok,3.0,929.0
inductive,split_03,3,202,0,inductive_split_03_seed_202,seen_unseen,all_pairs,negative,shared_target_count,0.025830603448614,partial_spearman,n_targets_a|n_targets_b,unordered_minmax,932,932,0,932,330,929,226,0,226,0,ok,3.0,929.0
inductive,split_03,3,202,0,inductive_split_03_seed_202,seen_unseen,both_have_targets,overall,shared_protein_count,0.1027400703908625,partial_spearman,n_proteins_a|n_proteins_b,endpoint_columns,1662,1662,0,1662,943,1658,323,1,323,1,ok,3.0,1659.0
inductive,split_03,3,202,0,inductive_split_03_seed_202,seen_unseen,both_have_targets,overall,shared_protein_count,0.1629761290175145,partial_spearman,n_proteins_a|n_proteins_b,unordered_minmax,1662,1662,0,1662,943,1658,323,1,323,1,ok,3.0,1659.0
inductive,split_03,3,202,0,inductive_split_03_seed_202,seen_unseen,both_have_targets,overall,biological_shared_protein_count,0.1027400703908625,partial_spearman,n_biological_proteins_a|n_biological_proteins_b,endpoint_columns,1662,1662,0,1662,943,1658,323,1,323,1,ok,3.0,1659.0
inductive,split_03,3,202,0,inductive_split_03_seed_202,seen_unseen,both_have_targets,overall,biological_shared_protein_count,0.1629761290175145,partial_spearman,n_biological_proteins_a|n_biological_proteins_b,unordered_minmax,1662,1662,0,1662,943,1658,323,1,323,1,ok,3.0,1659.0
inductive,split_03,3,202,0,inductive_split_03_seed_202,seen_unseen,both_have_targets,overall,shared_target_count,0.220221841066533,partial_spearman,n_targets_a|n_targets_b,endpoint_columns,1662,1662,0,1662,943,1658,323,1,323,1,ok,3.0,1659.0
inductive,split_03,3,202,0,inductive_split_03_seed_202,seen_unseen,both_have_targets,overall,shared_target_count,0.2335651280152918,partial_spearman,n_targets_a|n_targets_b,unordered_minmax,1662,1662,0,1662,943,1658,323,1,323,1,ok,3.0,1659.0
inductive,split_03,3,202,0,inductive_split_03_seed_202,seen_unseen,both_have_targets,positive,shared_protein_count,0.2456232150014915,partial_spearman,n_proteins_a|n_proteins_b,endpoint_columns,730,730,0,730,766,729,97,1,97,1,ok,3.0,727.0
inductive,split_03,3,202,0,inductive_split_03_seed_202,seen_unseen,both_have_targets,positive,shared_protein_count,0.2900303808559619,partial_spearman,n_proteins_a|n_proteins_b,unordered_minmax,730,730,0,730,766,729,97,1,97,1,ok,3.0,727.0
inductive,split_03,3,202,0,inductive_split_03_seed_202,seen_unseen,both_have_targets,positive,biological_shared_protein_count,0.2456232150014915,partial_spearman,n_biological_proteins_a|n_biological_proteins_b,endpoint_columns,730,730,0,730,766,729,97,1,97,1,ok,3.0,727.0
inductive,split_03,3,202,0,inductive_split_03_seed_202,seen_unseen,both_have_targets,positive,biological_shared_protein_count,0.2900303808559619,partial_spearman,n_biological_proteins_a|n_biological_proteins_b,unordered_minmax,730,730,0,730,766,729,97,1,97,1,ok,3.0,727.0
inductive,split_03,3,202,0,inductive_split_03_seed_202,seen_unseen,both_have_targets,positive,shared_target_count,0.2785595638231863,partial_spearman,n_targets_a|n_targets_b,endpoint_columns,730,730,0,730,766,729,97,1,97,1,ok,3.0,727.0
inductive,split_03,3,202,0,inductive_split_03_seed_202,seen_unseen,both_have_targets,positive,shared_target_count,0.2866869005804888,partial_spearman,n_targets_a|n_targets_b,unordered_minmax,730,730,0,730,766,729,97,1,97,1,ok,3.0,727.0
inductive,split_03,3,202,0,inductive_split_03_seed_202,seen_unseen,both_have_targets,negative,shared_protein_count,-0.1176002074669045,partial_spearman,n_proteins_a|n_proteins_b,endpoint_columns,932,932,0,932,330,929,226,0,226,0,ok,3.0,929.0
inductive,split_03,3,202,0,inductive_split_03_seed_202,seen_unseen,both_have_targets,negative,shared_protein_count,-0.0695909016736174,partial_spearman,n_proteins_a|n_proteins_b,unordered_minmax,932,932,0,932,330,929,226,0,226,0,ok,3.0,929.0
inductive,split_03,3,202,0,inductive_split_03_seed_202,seen_unseen,both_have_targets,negative,biological_shared_protein_count,-0.1176002074669045,partial_spearman,n_biological_proteins_a|n_biological_proteins_b,endpoint_columns,932,932,0,932,330,929,226,0,226,0,ok,3.0,929.0
inductive,split_03,3,202,0,inductive_split_03_seed_202,seen_unseen,both_have_targets,negative,biological_shared_protein_count,-0.0695909016736174,partial_spearman,n_biological_proteins_a|n_biological_proteins_b,unordered_minmax,932,932,0,932,330,929,226,0,226,0,ok,3.0,929.0
inductive,split_03,3,202,0,inductive_split_03_seed_202,seen_unseen,both_have_targets,negative,shared_target_count,0.0168090370888491,partial_spearman,n_targets_a|n_targets_b,endpoint_columns,932,932,0,932,330,929,226,0,226,0,ok,3.0,929.0
inductive,split_03,3,202,0,inductive_split_03_seed_202,seen_unseen,both_have_targets,negative,shared_target_count,0.025830603448614,partial_spearman,n_targets_a|n_targets_b,unordered_minmax,932,932,0,932,330,929,226,0,226,0,ok,3.0,929.0
inductive,split_03,3,202,0,inductive_split_03_seed_202,unseen_unseen,all_pairs,overall,shared_protein_count,-0.0496838787908831,partial_spearman,n_proteins_a|n_proteins_b,endpoint_columns,206,206,0,206,166,183,59,23,59,23,ok,3.0,203.0
inductive,split_03,3,202,0,inductive_split_03_seed_202,unseen_unseen,all_pairs,overall,shared_protein_count,0.111995213509311,partial_spearman,n_proteins_a|n_proteins_b,unordered_minmax,206,206,0,206,166,183,59,23,59,23,ok,3.0,203.0
inductive,split_03,3,202,0,inductive_split_03_seed_202,unseen_unseen,all_pairs,overall,biological_shared_protein_count,-0.0496838787908831,partial_spearman,n_biological_proteins_a|n_biological_proteins_b,endpoint_columns,206,206,0,206,166,183,59,23,59,23,ok,3.0,203.0
inductive,split_03,3,202,0,inductive_split_03_seed_202,unseen_unseen,all_pairs,overall,biological_shared_protein_count,0.111995213509311,partial_spearman,n_biological_proteins_a|n_biological_proteins_b,unordered_minmax,206,206,0,206,166,183,59,23,59,23,ok,3.0,203.0
inductive,split_03,3,202,0,inductive_split_03_seed_202,unseen_unseen,all_pairs,overall,shared_target_count,0.1172884339049422,partial_spearman,n_targets_a|n_targets_b,endpoint_columns,206,206,0,206,166,183,59,23,59,23,ok,3.0,203.0
inductive,split_03,3,202,0,inductive_split_03_seed_202,unseen_unseen,all_pairs,overall,shared_target_count,0.1804241785951077,partial_spearman,n_targets_a|n_targets_b,unordered_minmax,206,206,0,206,166,183,59,23,59,23,ok,3.0,203.0
inductive,split_03,3,202,0,inductive_split_03_seed_202,unseen_unseen,all_pairs,positive,shared_protein_count,-0.0689019578059559,partial_spearman,n_proteins_a|n_proteins_b,endpoint_columns,103,103,0,103,144,80,35,23,35,23,ok,3.0,100.0
inductive,split_03,3,202,0,inductive_split_03_seed_202,unseen_unseen,all_pairs,positive,shared_protein_count,0.1252023511432239,partial_spearman,n_proteins_a|n_proteins_b,unordered_minmax,103,103,0,103,144,80,35,23,35,23,ok,3.0,100.0
inductive,split_03,3,202,0,inductive_split_03_seed_202,unseen_unseen,all_pairs,positive,biological_shared_protein_count,-0.0689019578059559,partial_spearman,n_biological_proteins_a|n_biological_proteins_b,endpoint_columns,103,103,0,103,144,80,35,23,35,23,ok,3.0,100.0
inductive,split_03,3,202,0,inductive_split_03_seed_202,unseen_unseen,all_pairs,positive,biological_shared_protein_count,0.1252023511432239,partial_spearman,n_biological_proteins_a|n_biological_proteins_b,unordered_minmax,103,103,0,103,144,80,35,23,35,23,ok,3.0,100.0
inductive,split_03,3,202,0,inductive_split_03_seed_202,unseen_unseen,all_pairs,positive,shared_target_count,0.2156927174246795,partial_spearman,n_targets_a|n_targets_b,endpoint_columns,103,103,0,103,144,80,35,23,35,23,ok,3.0,100.0
inductive,split_03,3,202,0,inductive_split_03_seed_202,unseen_unseen,all_pairs,positive,shared_target_count,0.3749077767536872,partial_spearman,n_targets_a|n_targets_b,unordered_minmax,103,103,0,103,144,80,35,23,35,23,ok,3.0,100.0
inductive,split_03,3,202,0,inductive_split_03_seed_202,unseen_unseen,all_pairs,negative,shared_protein_count,-0.0002096183122124,partial_spearman,n_proteins_a|n_proteins_b,endpoint_columns,103,103,0,103,49,103,24,0,24,0,ok,3.0,100.0
inductive,split_03,3,202,0,inductive_split_03_seed_202,unseen_unseen,all_pairs,negative,shared_protein_count,0.1146190985037859,partial_spearman,n_proteins_a|n_proteins_b,unordered_minmax,103,103,0,103,49,103,24,0,24,0,ok,3.0,100.0
inductive,split_03,3,202,0,inductive_split_03_seed_202,unseen_unseen,all_pairs,negative,biological_shared_protein_count,-0.0002096183122124,partial_spearman,n_biological_proteins_a|n_biological_proteins_b,endpoint_columns,103,103,0,103,49,103,24,0,24,0,ok,3.0,100.0
inductive,split_03,3,202,0,inductive_split_03_seed_202,unseen_unseen,all_pairs,negative,biological_shared_protein_count,0.1146190985037859,partial_spearman,n_biological_proteins_a|n_biological_proteins_b,unordered_minmax,103,103,0,103,49,103,24,0,24,0,ok,3.0,100.0
inductive,split_03,3,202,0,inductive_split_03_seed_202,unseen_unseen,all_pairs,negative,shared_target_count,0.0541105803254663,partial_spearman,n_targets_a|n_targets_b,endpoint_columns,103,103,0,103,49,103,24,0,24,0,ok,3.0,100.0
inductive,split_03,3,202,0,inductive_split_03_seed_202,unseen_unseen,all_pairs,negative,shared_target_count,0.0409286839451092,partial_spearman,n_targets_a|n_targets_b,unordered_minmax,103,103,0,103,49,103,24,0,24,0,ok,3.0,100.0
inductive,split_03,3,202,0,inductive_split_03_seed_202,unseen_unseen,both_have_targets,overall,shared_protein_count,0.0945806557955485,partial_spearman,n_proteins_a|n_proteins_b,endpoint_columns,183,183,0,183,130,182,36,0,36,0,ok,3.0,180.0
inductive,split_03,3,202,0,inductive_split_03_seed_202,unseen_unseen,both_have_targets,overall,shared_protein_count,0.1842341636078673,partial_spearman,n_proteins_a|n_proteins_b,unordered_minmax,183,183,0,183,130,182,36,0,36,0,ok,3.0,180.0
inductive,split_03,3,202,0,inductive_split_03_seed_202,unseen_unseen,both_have_targets,overall,biological_shared_protein_count,0.0945806557955485,partial_spearman,n_biological_proteins_a|n_biological_proteins_b,endpoint_columns,183,183,0,183,130,182,36,0,36,0,ok,3.0,180.0
inductive,split_03,3,202,0,inductive_split_03_seed_202,unseen_unseen,both_have_targets,overall,biological_shared_protein_count,0.1842341636078673,partial_spearman,n_biological_proteins_a|n_biological_proteins_b,unordered_minmax,183,183,0,183,130,182,36,0,36,0,ok,3.0,180.0
inductive,split_03,3,202,0,inductive_split_03_seed_202,unseen_unseen,both_have_targets,overall,shared_target_count,0.1590520180176609,partial_spearman,n_targets_a|n_targets_b,endpoint_columns,183,183,0,183,130,182,36,0,36,0,ok,3.0,180.0
inductive,split_03,3,202,0,inductive_split_03_seed_202,unseen_unseen,both_have_targets,overall,shared_target_count,0.2015916557460222,partial_spearman,n_targets_a|n_targets_b,unordered_minmax,183,183,0,183,130,182,36,0,36,0,ok,3.0,180.0
inductive,split_03,3,202,0,inductive_split_03_seed_202,unseen_unseen,both_have_targets,positive,shared_protein_count,0.1902606928465576,partial_spearman,n_proteins_a|n_proteins_b,endpoint_columns,80,80,0,80,106,79,12,0,12,0,ok,3.0,77.0
inductive,split_03,3,202,0,inductive_split_03_seed_202,unseen_unseen,both_have_targets,positive,shared_protein_count,0.2523372543869623,partial_spearman,n_proteins_a|n_proteins_b,unordered_minmax,80,80,0,80,106,79,12,0,12,0,ok,3.0,77.0
inductive,split_03,3,202,0,inductive_split_03_seed_202,unseen_unseen,both_have_targets,positive,biological_shared_protein_count,0.1902606928465576,partial_spearman,n_biological_proteins_a|n_biological_proteins_b,endpoint_columns,80,80,0,80,106,79,12,0,12,0,ok,3.0,77.0
inductive,split_03,3,202,0,inductive_split_03_seed_202,unseen_unseen,both_have_targets,positive,biological_shared_protein_count,0.2523372543869623,partial_spearman,n_biological_proteins_a|n_biological_proteins_b,unordered_minmax,80,80,0,80,106,79,12,0,12,0,ok,3.0,77.0
inductive,split_03,3,202,0,inductive_split_03_seed_202,unseen_unseen,both_have_targets,positive,shared_target_count,0.2487261554272657,partial_spearman,n_targets_a|n_targets_b,endpoint_columns,80,80,0,80,106,79,12,0,12,0,ok,3.0,77.0
inductive,split_03,3,202,0,inductive_split_03_seed_202,unseen_unseen,both_have_targets,positive,shared_target_count,0.3068854899178406,partial_spearman,n_targets_a|n_targets_b,unordered_minmax,80,80,0,80,106,79,12,0,12,0,ok,3.0,77.0
inductive,split_03,3,202,0,inductive_split_03_seed_202,unseen_unseen,both_have_targets,negative,shared_protein_count,-0.0002096183122124,partial_spearman,n_proteins_a|n_proteins_b,endpoint_columns,103,103,0,103,49,103,24,0,24,0,ok,3.0,100.0
inductive,split_03,3,202,0,inductive_split_03_seed_202,unseen_unseen,both_have_targets,negative,shared_protein_count,0.1146190985037859,partial_spearman,n_proteins_a|n_proteins_b,unordered_minmax,103,103,0,103,49,103,24,0,24,0,ok,3.0,100.0
inductive,split_03,3,202,0,inductive_split_03_seed_202,unseen_unseen,both_have_targets,negative,biological_shared_protein_count,-0.0002096183122124,partial_spearman,n_biological_proteins_a|n_biological_proteins_b,endpoint_columns,103,103,0,103,49,103,24,0,24,0,ok,3.0,100.0
inductive,split_03,3,202,0,inductive_split_03_seed_202,unseen_unseen,both_have_targets,negative,biological_shared_protein_count,0.1146190985037859,partial_spearman,n_biological_proteins_a|n_biological_proteins_b,unordered_minmax,103,103,0,103,49,103,24,0,24,0,ok,3.0,100.0
inductive,split_03,3,202,0,inductive_split_03_seed_202,unseen_unseen,both_have_targets,negative,shared_target_count,0.0541105803254663,partial_spearman,n_targets_a|n_targets_b,endpoint_columns,103,103,0,103,49,103,24,0,24,0,ok,3.0,100.0
inductive,split_03,3,202,0,inductive_split_03_seed_202,unseen_unseen,both_have_targets,negative,shared_target_count,0.0409286839451092,partial_spearman,n_targets_a|n_targets_b,unordered_minmax,103,103,0,103,49,103,24,0,24,0,ok,3.0,100.0
inductive,split_03,3,202,0,inductive_split_03_seed_202,seen_unseen,all_pairs,overall,biological_shared_protein_count,0.0652066905050989,partial_spearman,n_biological_proteins_a|n_biological_proteins_b|either_biological_size_zero,endpoint_columns_plus_zero,1864,1864,0,1864,1139,1658,525,203,525,203,ok,4.0,1860.0
inductive,split_03,3,202,0,inductive_split_03_seed_202,seen_unseen,all_pairs,overall,biological_shared_protein_count,0.1351819124911467,partial_spearman,n_biological_proteins_a|n_biological_proteins_b|either_biological_size_zero,unordered_minmax_plus_zero,1864,1864,0,1864,1139,1658,525,203,525,203,ok,4.0,1860.0
inductive,split_03,3,202,0,inductive_split_03_seed_202,unseen_unseen,all_pairs,overall,biological_shared_protein_count,0.0378031118767006,partial_spearman,n_biological_proteins_a|n_biological_proteins_b|either_biological_size_zero,endpoint_columns_plus_zero,206,206,0,206,166,183,59,23,59,23,ok,4.0,202.0
inductive,split_03,3,202,0,inductive_split_03_seed_202,unseen_unseen,all_pairs,overall,biological_shared_protein_count,0.1450369821594262,partial_spearman,n_biological_proteins_a|n_biological_proteins_b|either_biological_size_zero,unordered_minmax_plus_zero,206,206,0,206,166,183,59,23,59,23,ok,4.0,202.0
inductive,split_03,3,303,0,inductive_split_03_seed_303,seen_unseen,all_pairs,overall,shared_protein_count,-0.1930127975088877,spearman,none,none,1864,1864,0,1864,1139,1690,525,49,525,49,ok,,
inductive,split_03,3,303,0,inductive_split_03_seed_303,seen_unseen,all_pairs,overall,protein_jaccard,-0.1526616963821052,spearman,none,none,1844,1864,20,1844,1122,1690,505,49,525,49,ok,,
inductive,split_03,3,303,0,inductive_split_03_seed_303,seen_unseen,all_pairs,overall,shared_target_count,0.1681144159399817,spearman,none,none,1864,1864,0,1864,1139,1690,525,49,525,49,ok,,
inductive,split_03,3,303,0,inductive_split_03_seed_303,seen_unseen,all_pairs,overall,biological_shared_protein_count,-0.1930127975088877,spearman,none,none,1864,1864,0,1864,1139,1690,525,49,525,49,ok,,
inductive,split_03,3,303,0,inductive_split_03_seed_303,seen_unseen,all_pairs,overall,protein_size_geomean,-0.3490439313974446,spearman,none,none,1864,1864,0,1864,1139,1690,525,49,525,49,ok,,
inductive,split_03,3,303,0,inductive_split_03_seed_303,seen_unseen,all_pairs,positive,shared_protein_count,-0.2923801736376424,spearman,none,none,932,932,0,932,970,762,299,49,299,49,ok,,
inductive,split_03,3,303,0,inductive_split_03_seed_303,seen_unseen,all_pairs,positive,protein_jaccard,-0.2583261158779962,spearman,none,none,912,932,20,912,953,762,279,49,299,49,ok,,
inductive,split_03,3,303,0,inductive_split_03_seed_303,seen_unseen,all_pairs,positive,shared_target_count,0.0328977386177537,spearman,none,none,932,932,0,932,970,762,299,49,299,49,ok,,
inductive,split_03,3,303,0,inductive_split_03_seed_303,seen_unseen,all_pairs,positive,biological_shared_protein_count,-0.2923801736376424,spearman,none,none,932,932,0,932,970,762,299,49,299,49,ok,,
inductive,split_03,3,303,0,inductive_split_03_seed_303,seen_unseen,all_pairs,positive,protein_size_geomean,-0.4643926768433567,spearman,none,none,932,932,0,932,970,762,299,49,299,49,ok,,
inductive,split_03,3,303,0,inductive_split_03_seed_303,seen_unseen,all_pairs,negative,shared_protein_count,-0.193186311788626,spearman,none,none,932,932,0,932,330,929,226,0,226,0,ok,,
inductive,split_03,3,303,0,inductive_split_03_seed_303,seen_unseen,all_pairs,negative,protein_jaccard,-0.1589441151353066,spearman,none,none,932,932,0,932,330,929,226,0,226,0,ok,,
inductive,split_03,3,303,0,inductive_split_03_seed_303,seen_unseen,all_pairs,negative,shared_target_count,0.1059869924021572,spearman,none,none,932,932,0,932,330,929,226,0,226,0,ok,,
inductive,split_03,3,303,0,inductive_split_03_seed_303,seen_unseen,all_pairs,negative,biological_shared_protein_count,-0.193186311788626,spearman,none,none,932,932,0,932,330,929,226,0,226,0,ok,,
inductive,split_03,3,303,0,inductive_split_03_seed_303,seen_unseen,all_pairs,negative,protein_size_geomean,-0.2539743940752892,spearman,none,none,932,932,0,932,330,929,226,0,226,0,ok,,
inductive,split_03,3,303,0,inductive_split_03_seed_303,seen_unseen,both_have_targets,overall,shared_protein_count,0.0707855775710456,spearman,none,none,1662,1662,0,1662,943,1657,323,0,323,0,ok,,
inductive,split_03,3,303,0,inductive_split_03_seed_303,seen_unseen,both_have_targets,overall,protein_jaccard,0.0967768088536301,spearman,none,none,1662,1662,0,1662,943,1657,323,0,323,0,ok,,
inductive,split_03,3,303,0,inductive_split_03_seed_303,seen_unseen,both_have_targets,overall,shared_target_count,0.3453125114563699,spearman,none,none,1662,1662,0,1662,943,1657,323,0,323,0,ok,,
inductive,split_03,3,303,0,inductive_split_03_seed_303,seen_unseen,both_have_targets,overall,biological_shared_protein_count,0.0707855775710456,spearman,none,none,1662,1662,0,1662,943,1657,323,0,323,0,ok,,
inductive,split_03,3,303,0,inductive_split_03_seed_303,seen_unseen,both_have_targets,overall,protein_size_geomean,-0.0831482846476442,spearman,none,none,1662,1662,0,1662,943,1657,323,0,323,0,ok,,
inductive,split_03,3,303,0,inductive_split_03_seed_303,seen_unseen,both_have_targets,positive,shared_protein_count,0.3066334777177653,spearman,none,none,730,730,0,730,766,729,97,0,97,0,ok,,
inductive,split_03,3,303,0,inductive_split_03_seed_303,seen_unseen,both_have_targets,positive,protein_jaccard,0.3009428159890122,spearman,none,none,730,730,0,730,766,729,97,0,97,0,ok,,
inductive,split_03,3,303,0,inductive_split_03_seed_303,seen_unseen,both_have_targets,positive,shared_target_count,0.490320854256788,spearman,none,none,730,730,0,730,766,729,97,0,97,0,ok,,
inductive,split_03,3,303,0,inductive_split_03_seed_303,seen_unseen,both_have_targets,positive,biological_shared_protein_count,0.3066334777177653,spearman,none,none,730,730,0,730,766,729,97,0,97,0,ok,,
inductive,split_03,3,303,0,inductive_split_03_seed_303,seen_unseen,both_have_targets,positive,protein_size_geomean,0.0984982942317895,spearman,none,none,730,730,0,730,766,729,97,0,97,0,ok,,
inductive,split_03,3,303,0,inductive_split_03_seed_303,seen_unseen,both_have_targets,negative,shared_protein_count,-0.193186311788626,spearman,none,none,932,932,0,932,330,929,226,0,226,0,ok,,
inductive,split_03,3,303,0,inductive_split_03_seed_303,seen_unseen,both_have_targets,negative,protein_jaccard,-0.1589441151353066,spearman,none,none,932,932,0,932,330,929,226,0,226,0,ok,,
inductive,split_03,3,303,0,inductive_split_03_seed_303,seen_unseen,both_have_targets,negative,shared_target_count,0.1059869924021572,spearman,none,none,932,932,0,932,330,929,226,0,226,0,ok,,
inductive,split_03,3,303,0,inductive_split_03_seed_303,seen_unseen,both_have_targets,negative,biological_shared_protein_count,-0.193186311788626,spearman,none,none,932,932,0,932,330,929,226,0,226,0,ok,,
inductive,split_03,3,303,0,inductive_split_03_seed_303,seen_unseen,both_have_targets,negative,protein_size_geomean,-0.2539743940752892,spearman,none,none,932,932,0,932,330,929,226,0,226,0,ok,,
inductive,split_03,3,303,0,inductive_split_03_seed_303,unseen_unseen,all_pairs,overall,shared_protein_count,-0.2024545735620894,spearman,none,none,206,206,0,206,166,193,59,2,59,2,ok,,
inductive,split_03,3,303,0,inductive_split_03_seed_303,unseen_unseen,all_pairs,overall,protein_jaccard,-0.1296177322878705,spearman,none,none,202,206,4,202,160,193,55,2,59,2,ok,,
inductive,split_03,3,303,0,inductive_split_03_seed_303,unseen_unseen,all_pairs,overall,shared_target_count,0.233432925190261,spearman,none,none,206,206,0,206,166,193,59,2,59,2,ok,,
inductive,split_03,3,303,0,inductive_split_03_seed_303,unseen_unseen,all_pairs,overall,biological_shared_protein_count,-0.2024545735620894,spearman,none,none,206,206,0,206,166,193,59,2,59,2,ok,,
inductive,split_03,3,303,0,inductive_split_03_seed_303,unseen_unseen,all_pairs,overall,protein_size_geomean,-0.4180593986575977,spearman,none,none,206,206,0,206,166,193,59,2,59,2,ok,,
inductive,split_03,3,303,0,inductive_split_03_seed_303,unseen_unseen,all_pairs,positive,shared_protein_count,-0.2536994187356092,spearman,none,none,103,103,0,103,144,90,35,2,35,2,ok,,
inductive,split_03,3,303,0,inductive_split_03_seed_303,unseen_unseen,all_pairs,positive,protein_jaccard,-0.1686655175398608,spearman,none,none,99,103,4,99,138,90,31,2,35,2,ok,,
inductive,split_03,3,303,0,inductive_split_03_seed_303,unseen_unseen,all_pairs,positive,shared_target_count,0.1379894892509179,spearman,none,none,103,103,0,103,144,90,35,2,35,2,ok,,
inductive,split_03,3,303,0,inductive_split_03_seed_303,unseen_unseen,all_pairs,positive,biological_shared_protein_count,-0.2536994187356092,spearman,none,none,103,103,0,103,144,90,35,2,35,2,ok,,
inductive,split_03,3,303,0,inductive_split_03_seed_303,unseen_unseen,all_pairs,positive,protein_size_geomean,-0.4647876779132813,spearman,none,none,103,103,0,103,144,90,35,2,35,2,ok,,
inductive,split_03,3,303,0,inductive_split_03_seed_303,unseen_unseen,all_pairs,negative,shared_protein_count,-0.2114462179840021,spearman,none,none,103,103,0,103,49,103,24,0,24,0,ok,,
inductive,split_03,3,303,0,inductive_split_03_seed_303,unseen_unseen,all_pairs,negative,protein_jaccard,-0.1674552438187724,spearman,none,none,103,103,0,103,49,103,24,0,24,0,ok,,
inductive,split_03,3,303,0,inductive_split_03_seed_303,unseen_unseen,all_pairs,negative,shared_target_count,0.2149522282956803,spearman,none,none,103,103,0,103,49,103,24,0,24,0,ok,,
inductive,split_03,3,303,0,inductive_split_03_seed_303,unseen_unseen,all_pairs,negative,biological_shared_protein_count,-0.2114462179840021,spearman,none,none,103,103,0,103,49,103,24,0,24,0,ok,,
inductive,split_03,3,303,0,inductive_split_03_seed_303,unseen_unseen,all_pairs,negative,protein_size_geomean,-0.3988490093572904,spearman,none,none,103,103,0,103,49,103,24,0,24,0,ok,,
inductive,split_03,3,303,0,inductive_split_03_seed_303,unseen_unseen,both_have_targets,overall,shared_protein_count,0.0773838888093856,spearman,none,none,183,183,0,183,130,182,36,0,36,0,ok,,
inductive,split_03,3,303,0,inductive_split_03_seed_303,unseen_unseen,both_have_targets,overall,protein_jaccard,0.1217270451884919,spearman,none,none,183,183,0,183,130,182,36,0,36,0,ok,,
inductive,split_03,3,303,0,inductive_split_03_seed_303,unseen_unseen,both_have_targets,overall,shared_target_count,0.4206092860202308,spearman,none,none,183,183,0,183,130,182,36,0,36,0,ok,,
inductive,split_03,3,303,0,inductive_split_03_seed_303,unseen_unseen,both_have_targets,overall,biological_shared_protein_count,0.0773838888093856,spearman,none,none,183,183,0,183,130,182,36,0,36,0,ok,,
inductive,split_03,3,303,0,inductive_split_03_seed_303,unseen_unseen,both_have_targets,overall,protein_size_geomean,-0.1714606567761555,spearman,none,none,183,183,0,183,130,182,36,0,36,0,ok,,
inductive,split_03,3,303,0,inductive_split_03_seed_303,unseen_unseen,both_have_targets,positive,shared_protein_count,0.4095150559238771,spearman,none,none,80,80,0,80,106,79,12,0,12,0,ok,,
inductive,split_03,3,303,0,inductive_split_03_seed_303,unseen_unseen,both_have_targets,positive,protein_jaccard,0.431380527802891,spearman,none,none,80,80,0,80,106,79,12,0,12,0,ok,,
inductive,split_03,3,303,0,inductive_split_03_seed_303,unseen_unseen,both_have_targets,positive,shared_target_count,0.6433397961027136,spearman,none,none,80,80,0,80,106,79,12,0,12,0,ok,,
inductive,split_03,3,303,0,inductive_split_03_seed_303,unseen_unseen,both_have_targets,positive,biological_shared_protein_count,0.4095150559238771,spearman,none,none,80,80,0,80,106,79,12,0,12,0,ok,,
inductive,split_03,3,303,0,inductive_split_03_seed_303,unseen_unseen,both_have_targets,positive,protein_size_geomean,0.1242513390921131,spearman,none,none,80,80,0,80,106,79,12,0,12,0,ok,,
inductive,split_03,3,303,0,inductive_split_03_seed_303,unseen_unseen,both_have_targets,negative,shared_protein_count,-0.2114462179840021,spearman,none,none,103,103,0,103,49,103,24,0,24,0,ok,,
inductive,split_03,3,303,0,inductive_split_03_seed_303,unseen_unseen,both_have_targets,negative,protein_jaccard,-0.1674552438187724,spearman,none,none,103,103,0,103,49,103,24,0,24,0,ok,,
inductive,split_03,3,303,0,inductive_split_03_seed_303,unseen_unseen,both_have_targets,negative,shared_target_count,0.2149522282956803,spearman,none,none,103,103,0,103,49,103,24,0,24,0,ok,,
inductive,split_03,3,303,0,inductive_split_03_seed_303,unseen_unseen,both_have_targets,negative,biological_shared_protein_count,-0.2114462179840021,spearman,none,none,103,103,0,103,49,103,24,0,24,0,ok,,
inductive,split_03,3,303,0,inductive_split_03_seed_303,unseen_unseen,both_have_targets,negative,protein_size_geomean,-0.3988490093572904,spearman,none,none,103,103,0,103,49,103,24,0,24,0,ok,,
inductive,split_03,3,303,0,inductive_split_03_seed_303,seen_unseen,all_pairs,overall,shared_protein_count,0.055787141263348,partial_spearman,n_proteins_a|n_proteins_b,endpoint_columns,1864,1864,0,1864,1139,1690,525,49,525,49,ok,3.0,1861.0
inductive,split_03,3,303,0,inductive_split_03_seed_303,seen_unseen,all_pairs,overall,shared_protein_count,0.220643970067638,partial_spearman,n_proteins_a|n_proteins_b,unordered_minmax,1864,1864,0,1864,1139,1690,525,49,525,49,ok,3.0,1861.0
inductive,split_03,3,303,0,inductive_split_03_seed_303,seen_unseen,all_pairs,overall,biological_shared_protein_count,0.055787141263348,partial_spearman,n_biological_proteins_a|n_biological_proteins_b,endpoint_columns,1864,1864,0,1864,1139,1690,525,49,525,49,ok,3.0,1861.0
inductive,split_03,3,303,0,inductive_split_03_seed_303,seen_unseen,all_pairs,overall,biological_shared_protein_count,0.220643970067638,partial_spearman,n_biological_proteins_a|n_biological_proteins_b,unordered_minmax,1864,1864,0,1864,1139,1690,525,49,525,49,ok,3.0,1861.0
inductive,split_03,3,303,0,inductive_split_03_seed_303,seen_unseen,all_pairs,overall,shared_target_count,0.2384617824817354,partial_spearman,n_targets_a|n_targets_b,endpoint_columns,1864,1864,0,1864,1139,1690,525,49,525,49,ok,3.0,1861.0
inductive,split_03,3,303,0,inductive_split_03_seed_303,seen_unseen,all_pairs,overall,shared_target_count,0.2943831736889244,partial_spearman,n_targets_a|n_targets_b,unordered_minmax,1864,1864,0,1864,1139,1690,525,49,525,49,ok,3.0,1861.0
inductive,split_03,3,303,0,inductive_split_03_seed_303,seen_unseen,all_pairs,positive,shared_protein_count,0.0801300328077087,partial_spearman,n_proteins_a|n_proteins_b,endpoint_columns,932,932,0,932,970,762,299,49,299,49,ok,3.0,929.0
inductive,split_03,3,303,0,inductive_split_03_seed_303,seen_unseen,all_pairs,positive,shared_protein_count,0.3153247729418999,partial_spearman,n_proteins_a|n_proteins_b,unordered_minmax,932,932,0,932,970,762,299,49,299,49,ok,3.0,929.0
inductive,split_03,3,303,0,inductive_split_03_seed_303,seen_unseen,all_pairs,positive,biological_shared_protein_count,0.0801300328077087,partial_spearman,n_biological_proteins_a|n_biological_proteins_b,endpoint_columns,932,932,0,932,970,762,299,49,299,49,ok,3.0,929.0
inductive,split_03,3,303,0,inductive_split_03_seed_303,seen_unseen,all_pairs,positive,biological_shared_protein_count,0.3153247729418999,partial_spearman,n_biological_proteins_a|n_biological_proteins_b,unordered_minmax,932,932,0,932,970,762,299,49,299,49,ok,3.0,929.0
inductive,split_03,3,303,0,inductive_split_03_seed_303,seen_unseen,all_pairs,positive,shared_target_count,0.2464397893847153,partial_spearman,n_targets_a|n_targets_b,endpoint_columns,932,932,0,932,970,762,299,49,299,49,ok,3.0,929.0
inductive,split_03,3,303,0,inductive_split_03_seed_303,seen_unseen,all_pairs,positive,shared_target_count,0.3701392705243191,partial_spearman,n_targets_a|n_targets_b,unordered_minmax,932,932,0,932,970,762,299,49,299,49,ok,3.0,929.0
inductive,split_03,3,303,0,inductive_split_03_seed_303,seen_unseen,all_pairs,negative,shared_protein_count,-0.0755248445071824,partial_spearman,n_proteins_a|n_proteins_b,endpoint_columns,932,932,0,932,330,929,226,0,226,0,ok,3.0,929.0
inductive,split_03,3,303,0,inductive_split_03_seed_303,seen_unseen,all_pairs,negative,shared_protein_count,-0.0022924211289374,partial_spearman,n_proteins_a|n_proteins_b,unordered_minmax,932,932,0,932,330,929,226,0,226,0,ok,3.0,929.0
inductive,split_03,3,303,0,inductive_split_03_seed_303,seen_unseen,all_pairs,negative,biological_shared_protein_count,-0.0755248445071824,partial_spearman,n_biological_proteins_a|n_biological_proteins_b,endpoint_columns,932,932,0,932,330,929,226,0,226,0,ok,3.0,929.0
inductive,split_03,3,303,0,inductive_split_03_seed_303,seen_unseen,all_pairs,negative,biological_shared_protein_count,-0.0022924211289374,partial_spearman,n_biological_proteins_a|n_biological_proteins_b,unordered_minmax,932,932,0,932,330,929,226,0,226,0,ok,3.0,929.0
inductive,split_03,3,303,0,inductive_split_03_seed_303,seen_unseen,all_pairs,negative,shared_target_count,0.0880849050702105,partial_spearman,n_targets_a|n_targets_b,endpoint_columns,932,932,0,932,330,929,226,0,226,0,ok,3.0,929.0
inductive,split_03,3,303,0,inductive_split_03_seed_303,seen_unseen,all_pairs,negative,shared_target_count,0.1043940418118519,partial_spearman,n_targets_a|n_targets_b,unordered_minmax,932,932,0,932,330,929,226,0,226,0,ok,3.0,929.0
inductive,split_03,3,303,0,inductive_split_03_seed_303,seen_unseen,both_have_targets,overall,shared_protein_count,0.1658818602778459,partial_spearman,n_proteins_a|n_proteins_b,endpoint_columns,1662,1662,0,1662,943,1657,323,0,323,0,ok,3.0,1659.0
inductive,split_03,3,303,0,inductive_split_03_seed_303,seen_unseen,both_have_targets,overall,shared_protein_count,0.2485336619793901,partial_spearman,n_proteins_a|n_proteins_b,unordered_minmax,1662,1662,0,1662,943,1657,323,0,323,0,ok,3.0,1659.0
inductive,split_03,3,303,0,inductive_split_03_seed_303,seen_unseen,both_have_targets,overall,biological_shared_protein_count,0.1658818602778459,partial_spearman,n_biological_proteins_a|n_biological_proteins_b,endpoint_columns,1662,1662,0,1662,943,1657,323,0,323,0,ok,3.0,1659.0
inductive,split_03,3,303,0,inductive_split_03_seed_303,seen_unseen,both_have_targets,overall,biological_shared_protein_count,0.2485336619793901,partial_spearman,n_biological_proteins_a|n_biological_proteins_b,unordered_minmax,1662,1662,0,1662,943,1657,323,0,323,0,ok,3.0,1659.0
inductive,split_03,3,303,0,inductive_split_03_seed_303,seen_unseen,both_have_targets,overall,shared_target_count,0.294135436430931,partial_spearman,n_targets_a|n_targets_b,endpoint_columns,1662,1662,0,1662,943,1657,323,0,323,0,ok,3.0,1659.0
inductive,split_03,3,303,0,inductive_split_03_seed_303,seen_unseen,both_have_targets,overall,shared_target_count,0.3168998754372724,partial_spearman,n_targets_a|n_targets_b,unordered_minmax,1662,1662,0,1662,943,1657,323,0,323,0,ok,3.0,1659.0
inductive,split_03,3,303,0,inductive_split_03_seed_303,seen_unseen,both_have_targets,positive,shared_protein_count,0.335158707828248,partial_spearman,n_proteins_a|n_proteins_b,endpoint_columns,730,730,0,730,766,729,97,0,97,0,ok,3.0,727.0
inductive,split_03,3,303,0,inductive_split_03_seed_303,seen_unseen,both_have_targets,positive,shared_protein_count,0.4122475869279152,partial_spearman,n_proteins_a|n_proteins_b,unordered_minmax,730,730,0,730,766,729,97,0,97,0,ok,3.0,727.0
inductive,split_03,3,303,0,inductive_split_03_seed_303,seen_unseen,both_have_targets,positive,biological_shared_protein_count,0.335158707828248,partial_spearman,n_biological_proteins_a|n_biological_proteins_b,endpoint_columns,730,730,0,730,766,729,97,0,97,0,ok,3.0,727.0
inductive,split_03,3,303,0,inductive_split_03_seed_303,seen_unseen,both_have_targets,positive,biological_shared_protein_count,0.4122475869279152,partial_spearman,n_biological_proteins_a|n_biological_proteins_b,unordered_minmax,730,730,0,730,766,729,97,0,97,0,ok,3.0,727.0
inductive,split_03,3,303,0,inductive_split_03_seed_303,seen_unseen,both_have_targets,positive,shared_target_count,0.3617241886761321,partial_spearman,n_targets_a|n_targets_b,endpoint_columns,730,730,0,730,766,729,97,0,97,0,ok,3.0,727.0
inductive,split_03,3,303,0,inductive_split_03_seed_303,seen_unseen,both_have_targets,positive,shared_target_count,0.3825297351679075,partial_spearman,n_targets_a|n_targets_b,unordered_minmax,730,730,0,730,766,729,97,0,97,0,ok,3.0,727.0
inductive,split_03,3,303,0,inductive_split_03_seed_303,seen_unseen,both_have_targets,negative,shared_protein_count,-0.0755248445071824,partial_spearman,n_proteins_a|n_proteins_b,endpoint_columns,932,932,0,932,330,929,226,0,226,0,ok,3.0,929.0
inductive,split_03,3,303,0,inductive_split_03_seed_303,seen_unseen,both_have_targets,negative,shared_protein_count,-0.0022924211289374,partial_spearman,n_proteins_a|n_proteins_b,unordered_minmax,932,932,0,932,330,929,226,0,226,0,ok,3.0,929.0
inductive,split_03,3,303,0,inductive_split_03_seed_303,seen_unseen,both_have_targets,negative,biological_shared_protein_count,-0.0755248445071824,partial_spearman,n_biological_proteins_a|n_biological_proteins_b,endpoint_columns,932,932,0,932,330,929,226,0,226,0,ok,3.0,929.0
inductive,split_03,3,303,0,inductive_split_03_seed_303,seen_unseen,both_have_targets,negative,biological_shared_protein_count,-0.0022924211289374,partial_spearman,n_biological_proteins_a|n_biological_proteins_b,unordered_minmax,932,932,0,932,330,929,226,0,226,0,ok,3.0,929.0
inductive,split_03,3,303,0,inductive_split_03_seed_303,seen_unseen,both_have_targets,negative,shared_target_count,0.0880849050702105,partial_spearman,n_targets_a|n_targets_b,endpoint_columns,932,932,0,932,330,929,226,0,226,0,ok,3.0,929.0
inductive,split_03,3,303,0,inductive_split_03_seed_303,seen_unseen,both_have_targets,negative,shared_target_count,0.1043940418118519,partial_spearman,n_targets_a|n_targets_b,unordered_minmax,932,932,0,932,330,929,226,0,226,0,ok,3.0,929.0
inductive,split_03,3,303,0,inductive_split_03_seed_303,unseen_unseen,all_pairs,overall,shared_protein_count,0.0858604193506223,partial_spearman,n_proteins_a|n_proteins_b,endpoint_columns,206,206,0,206,166,193,59,2,59,2,ok,3.0,203.0
inductive,split_03,3,303,0,inductive_split_03_seed_303,unseen_unseen,all_pairs,overall,shared_protein_count,0.2897842325258141,partial_spearman,n_proteins_a|n_proteins_b,unordered_minmax,206,206,0,206,166,193,59,2,59,2,ok,3.0,203.0
inductive,split_03,3,303,0,inductive_split_03_seed_303,unseen_unseen,all_pairs,overall,biological_shared_protein_count,0.0858604193506223,partial_spearman,n_biological_proteins_a|n_biological_proteins_b,endpoint_columns,206,206,0,206,166,193,59,2,59,2,ok,3.0,203.0
inductive,split_03,3,303,0,inductive_split_03_seed_303,unseen_unseen,all_pairs,overall,biological_shared_protein_count,0.2897842325258141,partial_spearman,n_biological_proteins_a|n_biological_proteins_b,unordered_minmax,206,206,0,206,166,193,59,2,59,2,ok,3.0,203.0
inductive,split_03,3,303,0,inductive_split_03_seed_303,unseen_unseen,all_pairs,overall,shared_target_count,0.2708128361984675,partial_spearman,n_targets_a|n_targets_b,endpoint_columns,206,206,0,206,166,193,59,2,59,2,ok,3.0,203.0
inductive,split_03,3,303,0,inductive_split_03_seed_303,unseen_unseen,all_pairs,overall,shared_target_count,0.3482496847449422,partial_spearman,n_targets_a|n_targets_b,unordered_minmax,206,206,0,206,166,193,59,2,59,2,ok,3.0,203.0
inductive,split_03,3,303,0,inductive_split_03_seed_303,unseen_unseen,all_pairs,positive,shared_protein_count,0.0724318299359667,partial_spearman,n_proteins_a|n_proteins_b,endpoint_columns,103,103,0,103,144,90,35,2,35,2,ok,3.0,100.0
inductive,split_03,3,303,0,inductive_split_03_seed_303,unseen_unseen,all_pairs,positive,shared_protein_count,0.3229412262513902,partial_spearman,n_proteins_a|n_proteins_b,unordered_minmax,103,103,0,103,144,90,35,2,35,2,ok,3.0,100.0
inductive,split_03,3,303,0,inductive_split_03_seed_303,unseen_unseen,all_pairs,positive,biological_shared_protein_count,0.0724318299359667,partial_spearman,n_biological_proteins_a|n_biological_proteins_b,endpoint_columns,103,103,0,103,144,90,35,2,35,2,ok,3.0,100.0
inductive,split_03,3,303,0,inductive_split_03_seed_303,unseen_unseen,all_pairs,positive,biological_shared_protein_count,0.3229412262513902,partial_spearman,n_biological_proteins_a|n_biological_proteins_b,unordered_minmax,103,103,0,103,144,90,35,2,35,2,ok,3.0,100.0
inductive,split_03,3,303,0,inductive_split_03_seed_303,unseen_unseen,all_pairs,positive,shared_target_count,0.3253527102455055,partial_spearman,n_targets_a|n_targets_b,endpoint_columns,103,103,0,103,144,90,35,2,35,2,ok,3.0,100.0
inductive,split_03,3,303,0,inductive_split_03_seed_303,unseen_unseen,all_pairs,positive,shared_target_count,0.502136902683168,partial_spearman,n_targets_a|n_targets_b,unordered_minmax,103,103,0,103,144,90,35,2,35,2,ok,3.0,100.0
inductive,split_03,3,303,0,inductive_split_03_seed_303,unseen_unseen,all_pairs,negative,shared_protein_count,0.1068526571185062,partial_spearman,n_proteins_a|n_proteins_b,endpoint_columns,103,103,0,103,49,103,24,0,24,0,ok,3.0,100.0
inductive,split_03,3,303,0,inductive_split_03_seed_303,unseen_unseen,all_pairs,negative,shared_protein_count,0.227628214137585,partial_spearman,n_proteins_a|n_proteins_b,unordered_minmax,103,103,0,103,49,103,24,0,24,0,ok,3.0,100.0
inductive,split_03,3,303,0,inductive_split_03_seed_303,unseen_unseen,all_pairs,negative,biological_shared_protein_count,0.1068526571185062,partial_spearman,n_biological_proteins_a|n_biological_proteins_b,endpoint_columns,103,103,0,103,49,103,24,0,24,0,ok,3.0,100.0
inductive,split_03,3,303,0,inductive_split_03_seed_303,unseen_unseen,all_pairs,negative,biological_shared_protein_count,0.227628214137585,partial_spearman,n_biological_proteins_a|n_biological_proteins_b,unordered_minmax,103,103,0,103,49,103,24,0,24,0,ok,3.0,100.0
inductive,split_03,3,303,0,inductive_split_03_seed_303,unseen_unseen,all_pairs,negative,shared_target_count,0.2005859418535339,partial_spearman,n_targets_a|n_targets_b,endpoint_columns,103,103,0,103,49,103,24,0,24,0,ok,3.0,100.0
inductive,split_03,3,303,0,inductive_split_03_seed_303,unseen_unseen,all_pairs,negative,shared_target_count,0.1896029424145918,partial_spearman,n_targets_a|n_targets_b,unordered_minmax,103,103,0,103,49,103,24,0,24,0,ok,3.0,100.0
inductive,split_03,3,303,0,inductive_split_03_seed_303,unseen_unseen,both_have_targets,overall,shared_protein_count,0.2744948192752605,partial_spearman,n_proteins_a|n_proteins_b,endpoint_columns,183,183,0,183,130,182,36,0,36,0,ok,3.0,180.0
inductive,split_03,3,303,0,inductive_split_03_seed_303,unseen_unseen,both_have_targets,overall,shared_protein_count,0.3806766142990356,partial_spearman,n_proteins_a|n_proteins_b,unordered_minmax,183,183,0,183,130,182,36,0,36,0,ok,3.0,180.0
inductive,split_03,3,303,0,inductive_split_03_seed_303,unseen_unseen,both_have_targets,overall,biological_shared_protein_count,0.2744948192752605,partial_spearman,n_biological_proteins_a|n_biological_proteins_b,endpoint_columns,183,183,0,183,130,182,36,0,36,0,ok,3.0,180.0
inductive,split_03,3,303,0,inductive_split_03_seed_303,unseen_unseen,both_have_targets,overall,biological_shared_protein_count,0.3806766142990356,partial_spearman,n_biological_proteins_a|n_biological_proteins_b,unordered_minmax,183,183,0,183,130,182,36,0,36,0,ok,3.0,180.0
inductive,split_03,3,303,0,inductive_split_03_seed_303,unseen_unseen,both_have_targets,overall,shared_target_count,0.3565188463316972,partial_spearman,n_targets_a|n_targets_b,endpoint_columns,183,183,0,183,130,182,36,0,36,0,ok,3.0,180.0
inductive,split_03,3,303,0,inductive_split_03_seed_303,unseen_unseen,both_have_targets,overall,shared_target_count,0.4000842632365069,partial_spearman,n_targets_a|n_targets_b,unordered_minmax,183,183,0,183,130,182,36,0,36,0,ok,3.0,180.0
inductive,split_03,3,303,0,inductive_split_03_seed_303,unseen_unseen,both_have_targets,positive,shared_protein_count,0.4323421804349477,partial_spearman,n_proteins_a|n_proteins_b,endpoint_columns,80,80,0,80,106,79,12,0,12,0,ok,3.0,77.0
inductive,split_03,3,303,0,inductive_split_03_seed_303,unseen_unseen,both_have_targets,positive,shared_protein_count,0.5020112311478231,partial_spearman,n_proteins_a|n_proteins_b,unordered_minmax,80,80,0,80,106,79,12,0,12,0,ok,3.0,77.0
inductive,split_03,3,303,0,inductive_split_03_seed_303,unseen_unseen,both_have_targets,positive,biological_shared_protein_count,0.4323421804349477,partial_spearman,n_biological_proteins_a|n_biological_proteins_b,endpoint_columns,80,80,0,80,106,79,12,0,12,0,ok,3.0,77.0
inductive,split_03,3,303,0,inductive_split_03_seed_303,unseen_unseen,both_have_targets,positive,biological_shared_protein_count,0.5020112311478231,partial_spearman,n_biological_proteins_a|n_biological_proteins_b,unordered_minmax,80,80,0,80,106,79,12,0,12,0,ok,3.0,77.0
inductive,split_03,3,303,0,inductive_split_03_seed_303,unseen_unseen,both_have_targets,positive,shared_target_count,0.4731951186480975,partial_spearman,n_targets_a|n_targets_b,endpoint_columns,80,80,0,80,106,79,12,0,12,0,ok,3.0,77.0
inductive,split_03,3,303,0,inductive_split_03_seed_303,unseen_unseen,both_have_targets,positive,shared_target_count,0.4969786012216354,partial_spearman,n_targets_a|n_targets_b,unordered_minmax,80,80,0,80,106,79,12,0,12,0,ok,3.0,77.0
inductive,split_03,3,303,0,inductive_split_03_seed_303,unseen_unseen,both_have_targets,negative,shared_protein_count,0.1068526571185062,partial_spearman,n_proteins_a|n_proteins_b,endpoint_columns,103,103,0,103,49,103,24,0,24,0,ok,3.0,100.0
inductive,split_03,3,303,0,inductive_split_03_seed_303,unseen_unseen,both_have_targets,negative,shared_protein_count,0.227628214137585,partial_spearman,n_proteins_a|n_proteins_b,unordered_minmax,103,103,0,103,49,103,24,0,24,0,ok,3.0,100.0
inductive,split_03,3,303,0,inductive_split_03_seed_303,unseen_unseen,both_have_targets,negative,biological_shared_protein_count,0.1068526571185062,partial_spearman,n_biological_proteins_a|n_biological_proteins_b,endpoint_columns,103,103,0,103,49,103,24,0,24,0,ok,3.0,100.0
inductive,split_03,3,303,0,inductive_split_03_seed_303,unseen_unseen,both_have_targets,negative,biological_shared_protein_count,0.227628214137585,partial_spearman,n_biological_proteins_a|n_biological_proteins_b,unordered_minmax,103,103,0,103,49,103,24,0,24,0,ok,3.0,100.0
inductive,split_03,3,303,0,inductive_split_03_seed_303,unseen_unseen,both_have_targets,negative,shared_target_count,0.2005859418535339,partial_spearman,n_targets_a|n_targets_b,endpoint_columns,103,103,0,103,49,103,24,0,24,0,ok,3.0,100.0
inductive,split_03,3,303,0,inductive_split_03_seed_303,unseen_unseen,both_have_targets,negative,shared_target_count,0.1896029424145918,partial_spearman,n_targets_a|n_targets_b,unordered_minmax,103,103,0,103,49,103,24,0,24,0,ok,3.0,100.0
inductive,split_03,3,303,0,inductive_split_03_seed_303,seen_unseen,all_pairs,overall,biological_shared_protein_count,0.1355117095333761,partial_spearman,n_biological_proteins_a|n_biological_proteins_b|either_biological_size_zero,endpoint_columns_plus_zero,1864,1864,0,1864,1139,1690,525,49,525,49,ok,4.0,1860.0
inductive,split_03,3,303,0,inductive_split_03_seed_303,seen_unseen,all_pairs,overall,biological_shared_protein_count,0.2266274280213403,partial_spearman,n_biological_proteins_a|n_biological_proteins_b|either_biological_size_zero,unordered_minmax_plus_zero,1864,1864,0,1864,1139,1690,525,49,525,49,ok,4.0,1860.0
inductive,split_03,3,303,0,inductive_split_03_seed_303,unseen_unseen,all_pairs,overall,biological_shared_protein_count,0.2037027714427814,partial_spearman,n_biological_proteins_a|n_biological_proteins_b|either_biological_size_zero,endpoint_columns_plus_zero,206,206,0,206,166,193,59,2,59,2,ok,4.0,202.0
inductive,split_03,3,303,0,inductive_split_03_seed_303,unseen_unseen,all_pairs,overall,biological_shared_protein_count,0.3409024536909587,partial_spearman,n_biological_proteins_a|n_biological_proteins_b|either_biological_size_zero,unordered_minmax_plus_zero,206,206,0,206,166,193,59,2,59,2,ok,4.0,202.0
inductive,split_04,4,101,0,inductive_split_04_seed_101,seen_unseen,all_pairs,overall,shared_protein_count,-0.0254656073009968,spearman,none,none,1738,1738,0,1738,1066,1507,422,229,422,229,ok,,
inductive,split_04,4,101,0,inductive_split_04_seed_101,seen_unseen,all_pairs,overall,protein_jaccard,-0.0399800428790939,spearman,none,none,1717,1738,21,1717,1051,1507,401,208,422,229,ok,,
inductive,split_04,4,101,0,inductive_split_04_seed_101,seen_unseen,all_pairs,overall,shared_target_count,0.1877521413819461,spearman,none,none,1738,1738,0,1738,1066,1507,422,229,422,229,ok,,
inductive,split_04,4,101,0,inductive_split_04_seed_101,seen_unseen,all_pairs,overall,biological_shared_protein_count,-0.0254656073009968,spearman,none,none,1738,1738,0,1738,1066,1507,422,229,422,229,ok,,
inductive,split_04,4,101,0,inductive_split_04_seed_101,seen_unseen,all_pairs,overall,protein_size_geomean,-0.1477136847971076,spearman,none,none,1738,1738,0,1738,1066,1507,422,229,422,229,ok,,
inductive,split_04,4,101,0,inductive_split_04_seed_101,seen_unseen,all_pairs,positive,shared_protein_count,-0.3798752892986575,spearman,none,none,869,869,0,869,928,640,282,229,282,229,ok,,
inductive,split_04,4,101,0,inductive_split_04_seed_101,seen_unseen,all_pairs,positive,protein_jaccard,-0.3388002980465913,spearman,none,none,848,869,21,848,913,640,261,208,282,229,ok,,
inductive,split_04,4,101,0,inductive_split_04_seed_101,seen_unseen,all_pairs,positive,shared_target_count,-0.062294378522699,spearman,none,none,869,869,0,869,928,640,282,229,282,229,ok,,
inductive,split_04,4,101,0,inductive_split_04_seed_101,seen_unseen,all_pairs,positive,biological_shared_protein_count,-0.3798752892986575,spearman,none,none,869,869,0,869,928,640,282,229,282,229,ok,,
inductive,split_04,4,101,0,inductive_split_04_seed_101,seen_unseen,all_pairs,positive,protein_size_geomean,-0.5152562783488142,spearman,none,none,869,869,0,869,928,640,282,229,282,229,ok,,
inductive,split_04,4,101,0,inductive_split_04_seed_101,seen_unseen,all_pairs,negative,shared_protein_count,0.3672878755144523,spearman,none,none,869,869,0,869,272,868,140,0,140,0,ok,,
inductive,split_04,4,101,0,inductive_split_04_seed_101,seen_unseen,all_pairs,negative,protein_jaccard,0.209901673761938,spearman,none,none,869,869,0,869,272,868,140,0,140,0,ok,,
inductive,split_04,4,101,0,inductive_split_04_seed_101,seen_unseen,all_pairs,negative,shared_target_count,0.201177319265492,spearman,none,none,869,869,0,869,272,868,140,0,140,0,ok,,
inductive,split_04,4,101,0,inductive_split_04_seed_101,seen_unseen,all_pairs,negative,biological_shared_protein_count,0.3672878755144523,spearman,none,none,869,869,0,869,272,868,140,0,140,0,ok,,
inductive,split_04,4,101,0,inductive_split_04_seed_101,seen_unseen,all_pairs,negative,protein_size_geomean,0.390546072976985,spearman,none,none,869,869,0,869,272,868,140,0,140,0,ok,,
inductive,split_04,4,101,0,inductive_split_04_seed_101,seen_unseen,both_have_targets,overall,shared_protein_count,0.3946470481684337,spearman,none,none,1512,1512,0,1512,863,1507,196,3,196,3,ok,,
inductive,split_04,4,101,0,inductive_split_04_seed_101,seen_unseen,both_have_targets,overall,protein_jaccard,0.3298213894790889,spearman,none,none,1512,1512,0,1512,863,1507,196,3,196,3,ok,,
inductive,split_04,4,101,0,inductive_split_04_seed_101,seen_unseen,both_have_targets,overall,shared_target_count,0.4158420181809571,spearman,none,none,1512,1512,0,1512,863,1507,196,3,196,3,ok,,
inductive,split_04,4,101,0,inductive_split_04_seed_101,seen_unseen,both_have_targets,overall,biological_shared_protein_count,0.3946470481684337,spearman,none,none,1512,1512,0,1512,863,1507,196,3,196,3,ok,,
inductive,split_04,4,101,0,inductive_split_04_seed_101,seen_unseen,both_have_targets,overall,protein_size_geomean,0.2901038652547018,spearman,none,none,1512,1512,0,1512,863,1507,196,3,196,3,ok,,
inductive,split_04,4,101,0,inductive_split_04_seed_101,seen_unseen,both_have_targets,positive,shared_protein_count,0.3673986438210386,spearman,none,none,643,643,0,643,717,640,56,3,56,3,ok,,
inductive,split_04,4,101,0,inductive_split_04_seed_101,seen_unseen,both_have_targets,positive,protein_jaccard,0.3752945902475161,spearman,none,none,643,643,0,643,717,640,56,3,56,3,ok,,
inductive,split_04,4,101,0,inductive_split_04_seed_101,seen_unseen,both_have_targets,positive,shared_target_count,0.4979995710849808,spearman,none,none,643,643,0,643,717,640,56,3,56,3,ok,,
inductive,split_04,4,101,0,inductive_split_04_seed_101,seen_unseen,both_have_targets,positive,biological_shared_protein_count,0.3673986438210386,spearman,none,none,643,643,0,643,717,640,56,3,56,3,ok,,
inductive,split_04,4,101,0,inductive_split_04_seed_101,seen_unseen,both_have_targets,positive,protein_size_geomean,0.1665585612530582,spearman,none,none,643,643,0,643,717,640,56,3,56,3,ok,,
inductive,split_04,4,101,0,inductive_split_04_seed_101,seen_unseen,both_have_targets,negative,shared_protein_count,0.3672878755144523,spearman,none,none,869,869,0,869,272,868,140,0,140,0,ok,,
inductive,split_04,4,101,0,inductive_split_04_seed_101,seen_unseen,both_have_targets,negative,protein_jaccard,0.209901673761938,spearman,none,none,869,869,0,869,272,868,140,0,140,0,ok,,
inductive,split_04,4,101,0,inductive_split_04_seed_101,seen_unseen,both_have_targets,negative,shared_target_count,0.201177319265492,spearman,none,none,869,869,0,869,272,868,140,0,140,0,ok,,
inductive,split_04,4,101,0,inductive_split_04_seed_101,seen_unseen,both_have_targets,negative,biological_shared_protein_count,0.3672878755144523,spearman,none,none,869,869,0,869,272,868,140,0,140,0,ok,,
inductive,split_04,4,101,0,inductive_split_04_seed_101,seen_unseen,both_have_targets,negative,protein_size_geomean,0.390546072976985,spearman,none,none,869,869,0,869,272,868,140,0,140,0,ok,,
inductive,split_04,4,101,0,inductive_split_04_seed_101,unseen_unseen,all_pairs,overall,shared_protein_count,0.1001721702782482,spearman,none,none,132,132,0,132,130,117,31,16,31,16,ok,,
inductive,split_04,4,101,0,inductive_split_04_seed_101,unseen_unseen,all_pairs,overall,protein_jaccard,0.046176925970074,spearman,none,none,130,132,2,130,127,117,29,14,31,16,ok,,
inductive,split_04,4,101,0,inductive_split_04_seed_101,unseen_unseen,all_pairs,overall,shared_target_count,0.2331760983203244,spearman,none,none,132,132,0,132,130,117,31,16,31,16,ok,,
inductive,split_04,4,101,0,inductive_split_04_seed_101,unseen_unseen,all_pairs,overall,biological_shared_protein_count,0.1001721702782482,spearman,none,none,132,132,0,132,130,117,31,16,31,16,ok,,
inductive,split_04,4,101,0,inductive_split_04_seed_101,unseen_unseen,all_pairs,overall,protein_size_geomean,0.0147768316842033,spearman,none,none,132,132,0,132,130,117,31,16,31,16,ok,,
inductive,split_04,4,101,0,inductive_split_04_seed_101,unseen_unseen,all_pairs,positive,shared_protein_count,-0.3175269151942314,spearman,none,none,66,66,0,66,110,51,21,16,21,16,ok,,
inductive,split_04,4,101,0,inductive_split_04_seed_101,unseen_unseen,all_pairs,positive,protein_jaccard,-0.2561033124092471,spearman,none,none,64,66,2,64,107,51,19,14,21,16,ok,,
inductive,split_04,4,101,0,inductive_split_04_seed_101,unseen_unseen,all_pairs,positive,shared_target_count,0.0996876092558994,spearman,none,none,66,66,0,66,110,51,21,16,21,16,ok,,
inductive,split_04,4,101,0,inductive_split_04_seed_101,unseen_unseen,all_pairs,positive,biological_shared_protein_count,-0.3175269151942314,spearman,none,none,66,66,0,66,110,51,21,16,21,16,ok,,
inductive,split_04,4,101,0,inductive_split_04_seed_101,unseen_unseen,all_pairs,positive,protein_size_geomean,-0.5026363155108523,spearman,none,none,66,66,0,66,110,51,21,16,21,16,ok,,
inductive,split_04,4,101,0,inductive_split_04_seed_101,unseen_unseen,all_pairs,negative,shared_protein_count,0.6276011355300743,spearman,none,none,66,66,0,66,32,66,10,0,10,0,ok,,
inductive,split_04,4,101,0,inductive_split_04_seed_101,unseen_unseen,all_pairs,negative,protein_jaccard,0.3331282075581495,spearman,none,none,66,66,0,66,32,66,10,0,10,0,ok,,
inductive,split_04,4,101,0,inductive_split_04_seed_101,unseen_unseen,all_pairs,negative,shared_target_count,0.1088770804295197,spearman,none,none,66,66,0,66,32,66,10,0,10,0,ok,,
inductive,split_04,4,101,0,inductive_split_04_seed_101,unseen_unseen,all_pairs,negative,biological_shared_protein_count,0.6276011355300743,spearman,none,none,66,66,0,66,32,66,10,0,10,0,ok,,
inductive,split_04,4,101,0,inductive_split_04_seed_101,unseen_unseen,all_pairs,negative,protein_size_geomean,0.7101763907734058,spearman,none,none,66,66,0,66,32,66,10,0,10,0,ok,,
inductive,split_04,4,101,0,inductive_split_04_seed_101,unseen_unseen,both_have_targets,overall,shared_protein_count,0.5372429123945249,spearman,none,none,116,116,0,116,107,116,15,0,15,0,ok,,
inductive,split_04,4,101,0,inductive_split_04_seed_101,unseen_unseen,both_have_targets,overall,protein_jaccard,0.4006698496962627,spearman,none,none,116,116,0,116,107,116,15,0,15,0,ok,,
inductive,split_04,4,101,0,inductive_split_04_seed_101,unseen_unseen,both_have_targets,overall,shared_target_count,0.4157704788702382,spearman,none,none,116,116,0,116,107,116,15,0,15,0,ok,,
inductive,split_04,4,101,0,inductive_split_04_seed_101,unseen_unseen,both_have_targets,overall,biological_shared_protein_count,0.5372429123945249,spearman,none,none,116,116,0,116,107,116,15,0,15,0,ok,,
inductive,split_04,4,101,0,inductive_split_04_seed_101,unseen_unseen,both_have_targets,overall,protein_size_geomean,0.4926382962364972,spearman,none,none,116,116,0,116,107,116,15,0,15,0,ok,,
inductive,split_04,4,101,0,inductive_split_04_seed_101,unseen_unseen,both_have_targets,positive,shared_protein_count,0.4122469427410735,spearman,none,none,50,50,0,50,86,50,5,0,5,0,ok,,
inductive,split_04,4,101,0,inductive_split_04_seed_101,unseen_unseen,both_have_targets,positive,protein_jaccard,0.4271439359139287,spearman,none,none,50,50,0,50,86,50,5,0,5,0,ok,,
inductive,split_04,4,101,0,inductive_split_04_seed_101,unseen_unseen,both_have_targets,positive,shared_target_count,0.602031467614279,spearman,none,none,50,50,0,50,86,50,5,0,5,0,ok,,
inductive,split_04,4,101,0,inductive_split_04_seed_101,unseen_unseen,both_have_targets,positive,biological_shared_protein_count,0.4122469427410735,spearman,none,none,50,50,0,50,86,50,5,0,5,0,ok,,
inductive,split_04,4,101,0,inductive_split_04_seed_101,unseen_unseen,both_have_targets,positive,protein_size_geomean,0.127875150060024,spearman,none,none,50,50,0,50,86,50,5,0,5,0,ok,,
inductive,split_04,4,101,0,inductive_split_04_seed_101,unseen_unseen,both_have_targets,negative,shared_protein_count,0.6276011355300743,spearman,none,none,66,66,0,66,32,66,10,0,10,0,ok,,
inductive,split_04,4,101,0,inductive_split_04_seed_101,unseen_unseen,both_have_targets,negative,protein_jaccard,0.3331282075581495,spearman,none,none,66,66,0,66,32,66,10,0,10,0,ok,,
inductive,split_04,4,101,0,inductive_split_04_seed_101,unseen_unseen,both_have_targets,negative,shared_target_count,0.1088770804295197,spearman,none,none,66,66,0,66,32,66,10,0,10,0,ok,,
inductive,split_04,4,101,0,inductive_split_04_seed_101,unseen_unseen,both_have_targets,negative,biological_shared_protein_count,0.6276011355300743,spearman,none,none,66,66,0,66,32,66,10,0,10,0,ok,,
inductive,split_04,4,101,0,inductive_split_04_seed_101,unseen_unseen,both_have_targets,negative,protein_size_geomean,0.7101763907734058,spearman,none,none,66,66,0,66,32,66,10,0,10,0,ok,,
inductive,split_04,4,101,0,inductive_split_04_seed_101,seen_unseen,all_pairs,overall,shared_protein_count,0.0595417047098466,partial_spearman,n_proteins_a|n_proteins_b,endpoint_columns,1738,1738,0,1738,1066,1507,422,229,422,229,ok,3.0,1735.0
inductive,split_04,4,101,0,inductive_split_04_seed_101,seen_unseen,all_pairs,overall,shared_protein_count,0.2165605467347804,partial_spearman,n_proteins_a|n_proteins_b,unordered_minmax,1738,1738,0,1738,1066,1507,422,229,422,229,ok,3.0,1735.0
inductive,split_04,4,101,0,inductive_split_04_seed_101,seen_unseen,all_pairs,overall,biological_shared_protein_count,0.0595417047098466,partial_spearman,n_biological_proteins_a|n_biological_proteins_b,endpoint_columns,1738,1738,0,1738,1066,1507,422,229,422,229,ok,3.0,1735.0
inductive,split_04,4,101,0,inductive_split_04_seed_101,seen_unseen,all_pairs,overall,biological_shared_protein_count,0.2165605467347804,partial_spearman,n_biological_proteins_a|n_biological_proteins_b,unordered_minmax,1738,1738,0,1738,1066,1507,422,229,422,229,ok,3.0,1735.0
inductive,split_04,4,101,0,inductive_split_04_seed_101,seen_unseen,all_pairs,overall,shared_target_count,0.3332881665622845,partial_spearman,n_targets_a|n_targets_b,endpoint_columns,1738,1738,0,1738,1066,1507,422,229,422,229,ok,3.0,1735.0
inductive,split_04,4,101,0,inductive_split_04_seed_101,seen_unseen,all_pairs,overall,shared_target_count,0.376732954736429,partial_spearman,n_targets_a|n_targets_b,unordered_minmax,1738,1738,0,1738,1066,1507,422,229,422,229,ok,3.0,1735.0
inductive,split_04,4,101,0,inductive_split_04_seed_101,seen_unseen,all_pairs,positive,shared_protein_count,-0.0824648614386796,partial_spearman,n_proteins_a|n_proteins_b,endpoint_columns,869,869,0,869,928,640,282,229,282,229,ok,3.0,866.0
inductive,split_04,4,101,0,inductive_split_04_seed_101,seen_unseen,all_pairs,positive,shared_protein_count,0.2099566427590611,partial_spearman,n_proteins_a|n_proteins_b,unordered_minmax,869,869,0,869,928,640,282,229,282,229,ok,3.0,866.0
inductive,split_04,4,101,0,inductive_split_04_seed_101,seen_unseen,all_pairs,positive,biological_shared_protein_count,-0.0824648614386796,partial_spearman,n_biological_proteins_a|n_biological_proteins_b,endpoint_columns,869,869,0,869,928,640,282,229,282,229,ok,3.0,866.0
inductive,split_04,4,101,0,inductive_split_04_seed_101,seen_unseen,all_pairs,positive,biological_shared_protein_count,0.2099566427590611,partial_spearman,n_biological_proteins_a|n_biological_proteins_b,unordered_minmax,869,869,0,869,928,640,282,229,282,229,ok,3.0,866.0
inductive,split_04,4,101,0,inductive_split_04_seed_101,seen_unseen,all_pairs,positive,shared_target_count,0.2913740160482748,partial_spearman,n_targets_a|n_targets_b,endpoint_columns,869,869,0,869,928,640,282,229,282,229,ok,3.0,866.0
inductive,split_04,4,101,0,inductive_split_04_seed_101,seen_unseen,all_pairs,positive,shared_target_count,0.4303587466487189,partial_spearman,n_targets_a|n_targets_b,unordered_minmax,869,869,0,869,928,640,282,229,282,229,ok,3.0,866.0
inductive,split_04,4,101,0,inductive_split_04_seed_101,seen_unseen,all_pairs,negative,shared_protein_count,0.1027441040551788,partial_spearman,n_proteins_a|n_proteins_b,endpoint_columns,869,869,0,869,272,868,140,0,140,0,ok,3.0,866.0
inductive,split_04,4,101,0,inductive_split_04_seed_101,seen_unseen,all_pairs,negative,shared_protein_count,0.0706878526031081,partial_spearman,n_proteins_a|n_proteins_b,unordered_minmax,869,869,0,869,272,868,140,0,140,0,ok,3.0,866.0
inductive,split_04,4,101,0,inductive_split_04_seed_101,seen_unseen,all_pairs,negative,biological_shared_protein_count,0.1027441040551788,partial_spearman,n_biological_proteins_a|n_biological_proteins_b,endpoint_columns,869,869,0,869,272,868,140,0,140,0,ok,3.0,866.0
inductive,split_04,4,101,0,inductive_split_04_seed_101,seen_unseen,all_pairs,negative,biological_shared_protein_count,0.0706878526031081,partial_spearman,n_biological_proteins_a|n_biological_proteins_b,unordered_minmax,869,869,0,869,272,868,140,0,140,0,ok,3.0,866.0
inductive,split_04,4,101,0,inductive_split_04_seed_101,seen_unseen,all_pairs,negative,shared_target_count,0.2174048318391925,partial_spearman,n_targets_a|n_targets_b,endpoint_columns,869,869,0,869,272,868,140,0,140,0,ok,3.0,866.0
inductive,split_04,4,101,0,inductive_split_04_seed_101,seen_unseen,all_pairs,negative,shared_target_count,0.1893790293813392,partial_spearman,n_targets_a|n_targets_b,unordered_minmax,869,869,0,869,272,868,140,0,140,0,ok,3.0,866.0
inductive,split_04,4,101,0,inductive_split_04_seed_101,seen_unseen,both_have_targets,overall,shared_protein_count,0.3027376887008403,partial_spearman,n_proteins_a|n_proteins_b,endpoint_columns,1512,1512,0,1512,863,1507,196,3,196,3,ok,3.0,1509.0
inductive,split_04,4,101,0,inductive_split_04_seed_101,seen_unseen,both_have_targets,overall,shared_protein_count,0.3114795985086801,partial_spearman,n_proteins_a|n_proteins_b,unordered_minmax,1512,1512,0,1512,863,1507,196,3,196,3,ok,3.0,1509.0
inductive,split_04,4,101,0,inductive_split_04_seed_101,seen_unseen,both_have_targets,overall,biological_shared_protein_count,0.3027376887008403,partial_spearman,n_biological_proteins_a|n_biological_proteins_b,endpoint_columns,1512,1512,0,1512,863,1507,196,3,196,3,ok,3.0,1509.0
inductive,split_04,4,101,0,inductive_split_04_seed_101,seen_unseen,both_have_targets,overall,biological_shared_protein_count,0.3114795985086801,partial_spearman,n_biological_proteins_a|n_biological_proteins_b,unordered_minmax,1512,1512,0,1512,863,1507,196,3,196,3,ok,3.0,1509.0
inductive,split_04,4,101,0,inductive_split_04_seed_101,seen_unseen,both_have_targets,overall,shared_target_count,0.4115914900868294,partial_spearman,n_targets_a|n_targets_b,endpoint_columns,1512,1512,0,1512,863,1507,196,3,196,3,ok,3.0,1509.0
inductive,split_04,4,101,0,inductive_split_04_seed_101,seen_unseen,both_have_targets,overall,shared_target_count,0.3971786438311941,partial_spearman,n_targets_a|n_targets_b,unordered_minmax,1512,1512,0,1512,863,1507,196,3,196,3,ok,3.0,1509.0
inductive,split_04,4,101,0,inductive_split_04_seed_101,seen_unseen,both_have_targets,positive,shared_protein_count,0.3903125116300384,partial_spearman,n_proteins_a|n_proteins_b,endpoint_columns,643,643,0,643,717,640,56,3,56,3,ok,3.0,640.0
inductive,split_04,4,101,0,inductive_split_04_seed_101,seen_unseen,both_have_targets,positive,shared_protein_count,0.4179140051129439,partial_spearman,n_proteins_a|n_proteins_b,unordered_minmax,643,643,0,643,717,640,56,3,56,3,ok,3.0,640.0
inductive,split_04,4,101,0,inductive_split_04_seed_101,seen_unseen,both_have_targets,positive,biological_shared_protein_count,0.3903125116300384,partial_spearman,n_biological_proteins_a|n_biological_proteins_b,endpoint_columns,643,643,0,643,717,640,56,3,56,3,ok,3.0,640.0
inductive,split_04,4,101,0,inductive_split_04_seed_101,seen_unseen,both_have_targets,positive,biological_shared_protein_count,0.4179140051129439,partial_spearman,n_biological_proteins_a|n_biological_proteins_b,unordered_minmax,643,643,0,643,717,640,56,3,56,3,ok,3.0,640.0
inductive,split_04,4,101,0,inductive_split_04_seed_101,seen_unseen,both_have_targets,positive,shared_target_count,0.468308004698872,partial_spearman,n_targets_a|n_targets_b,endpoint_columns,643,643,0,643,717,640,56,3,56,3,ok,3.0,640.0
inductive,split_04,4,101,0,inductive_split_04_seed_101,seen_unseen,both_have_targets,positive,shared_target_count,0.462442146858079,partial_spearman,n_targets_a|n_targets_b,unordered_minmax,643,643,0,643,717,640,56,3,56,3,ok,3.0,640.0
inductive,split_04,4,101,0,inductive_split_04_seed_101,seen_unseen,both_have_targets,negative,shared_protein_count,0.1027441040551788,partial_spearman,n_proteins_a|n_proteins_b,endpoint_columns,869,869,0,869,272,868,140,0,140,0,ok,3.0,866.0
inductive,split_04,4,101,0,inductive_split_04_seed_101,seen_unseen,both_have_targets,negative,shared_protein_count,0.0706878526031081,partial_spearman,n_proteins_a|n_proteins_b,unordered_minmax,869,869,0,869,272,868,140,0,140,0,ok,3.0,866.0
inductive,split_04,4,101,0,inductive_split_04_seed_101,seen_unseen,both_have_targets,negative,biological_shared_protein_count,0.1027441040551788,partial_spearman,n_biological_proteins_a|n_biological_proteins_b,endpoint_columns,869,869,0,869,272,868,140,0,140,0,ok,3.0,866.0
inductive,split_04,4,101,0,inductive_split_04_seed_101,seen_unseen,both_have_targets,negative,biological_shared_protein_count,0.0706878526031081,partial_spearman,n_biological_proteins_a|n_biological_proteins_b,unordered_minmax,869,869,0,869,272,868,140,0,140,0,ok,3.0,866.0
inductive,split_04,4,101,0,inductive_split_04_seed_101,seen_unseen,both_have_targets,negative,shared_target_count,0.2174048318391925,partial_spearman,n_targets_a|n_targets_b,endpoint_columns,869,869,0,869,272,868,140,0,140,0,ok,3.0,866.0
inductive,split_04,4,101,0,inductive_split_04_seed_101,seen_unseen,both_have_targets,negative,shared_target_count,0.1893790293813392,partial_spearman,n_targets_a|n_targets_b,unordered_minmax,869,869,0,869,272,868,140,0,140,0,ok,3.0,866.0
inductive,split_04,4,101,0,inductive_split_04_seed_101,unseen_unseen,all_pairs,overall,shared_protein_count,0.0398655280744136,partial_spearman,n_proteins_a|n_proteins_b,endpoint_columns,132,132,0,132,130,117,31,16,31,16,ok,3.0,129.0
inductive,split_04,4,101,0,inductive_split_04_seed_101,unseen_unseen,all_pairs,overall,shared_protein_count,0.1955417449492727,partial_spearman,n_proteins_a|n_proteins_b,unordered_minmax,132,132,0,132,130,117,31,16,31,16,ok,3.0,129.0
inductive,split_04,4,101,0,inductive_split_04_seed_101,unseen_unseen,all_pairs,overall,biological_shared_protein_count,0.0398655280744136,partial_spearman,n_biological_proteins_a|n_biological_proteins_b,endpoint_columns,132,132,0,132,130,117,31,16,31,16,ok,3.0,129.0
inductive,split_04,4,101,0,inductive_split_04_seed_101,unseen_unseen,all_pairs,overall,biological_shared_protein_count,0.1955417449492727,partial_spearman,n_biological_proteins_a|n_biological_proteins_b,unordered_minmax,132,132,0,132,130,117,31,16,31,16,ok,3.0,129.0
inductive,split_04,4,101,0,inductive_split_04_seed_101,unseen_unseen,all_pairs,overall,shared_target_count,0.3415397345144332,partial_spearman,n_targets_a|n_targets_b,endpoint_columns,132,132,0,132,130,117,31,16,31,16,ok,3.0,129.0
inductive,split_04,4,101,0,inductive_split_04_seed_101,unseen_unseen,all_pairs,overall,shared_target_count,0.3613931441862536,partial_spearman,n_targets_a|n_targets_b,unordered_minmax,132,132,0,132,130,117,31,16,31,16,ok,3.0,129.0
inductive,split_04,4,101,0,inductive_split_04_seed_101,unseen_unseen,all_pairs,positive,shared_protein_count,0.0648475474579389,partial_spearman,n_proteins_a|n_proteins_b,endpoint_columns,66,66,0,66,110,51,21,16,21,16,ok,3.0,63.0
inductive,split_04,4,101,0,inductive_split_04_seed_101,unseen_unseen,all_pairs,positive,shared_protein_count,0.2828219606388421,partial_spearman,n_proteins_a|n_proteins_b,unordered_minmax,66,66,0,66,110,51,21,16,21,16,ok,3.0,63.0
inductive,split_04,4,101,0,inductive_split_04_seed_101,unseen_unseen,all_pairs,positive,biological_shared_protein_count,0.0648475474579389,partial_spearman,n_biological_proteins_a|n_biological_proteins_b,endpoint_columns,66,66,0,66,110,51,21,16,21,16,ok,3.0,63.0
inductive,split_04,4,101,0,inductive_split_04_seed_101,unseen_unseen,all_pairs,positive,biological_shared_protein_count,0.2828219606388421,partial_spearman,n_biological_proteins_a|n_biological_proteins_b,unordered_minmax,66,66,0,66,110,51,21,16,21,16,ok,3.0,63.0
inductive,split_04,4,101,0,inductive_split_04_seed_101,unseen_unseen,all_pairs,positive,shared_target_count,0.4196860510811757,partial_spearman,n_targets_a|n_targets_b,endpoint_columns,66,66,0,66,110,51,21,16,21,16,ok,3.0,63.0
inductive,split_04,4,101,0,inductive_split_04_seed_101,unseen_unseen,all_pairs,positive,shared_target_count,0.4703703705397726,partial_spearman,n_targets_a|n_targets_b,unordered_minmax,66,66,0,66,110,51,21,16,21,16,ok,3.0,63.0
inductive,split_04,4,101,0,inductive_split_04_seed_101,unseen_unseen,all_pairs,negative,shared_protein_count,0.0045884769139807,partial_spearman,n_proteins_a|n_proteins_b,endpoint_columns,66,66,0,66,32,66,10,0,10,0,ok,3.0,63.0
inductive,split_04,4,101,0,inductive_split_04_seed_101,unseen_unseen,all_pairs,negative,shared_protein_count,-0.0012814797745162,partial_spearman,n_proteins_a|n_proteins_b,unordered_minmax,66,66,0,66,32,66,10,0,10,0,ok,3.0,63.0
inductive,split_04,4,101,0,inductive_split_04_seed_101,unseen_unseen,all_pairs,negative,biological_shared_protein_count,0.0045884769139807,partial_spearman,n_biological_proteins_a|n_biological_proteins_b,endpoint_columns,66,66,0,66,32,66,10,0,10,0,ok,3.0,63.0
inductive,split_04,4,101,0,inductive_split_04_seed_101,unseen_unseen,all_pairs,negative,biological_shared_protein_count,-0.0012814797745162,partial_spearman,n_biological_proteins_a|n_biological_proteins_b,unordered_minmax,66,66,0,66,32,66,10,0,10,0,ok,3.0,63.0
inductive,split_04,4,101,0,inductive_split_04_seed_101,unseen_unseen,all_pairs,negative,shared_target_count,0.0898928326132501,partial_spearman,n_targets_a|n_targets_b,endpoint_columns,66,66,0,66,32,66,10,0,10,0,ok,3.0,63.0
inductive,split_04,4,101,0,inductive_split_04_seed_101,unseen_unseen,all_pairs,negative,shared_target_count,0.052206190051387,partial_spearman,n_targets_a|n_targets_b,unordered_minmax,66,66,0,66,32,66,10,0,10,0,ok,3.0,63.0
inductive,split_04,4,101,0,inductive_split_04_seed_101,unseen_unseen,both_have_targets,overall,shared_protein_count,0.2215129303104138,partial_spearman,n_proteins_a|n_proteins_b,endpoint_columns,116,116,0,116,107,116,15,0,15,0,ok,3.0,113.0
inductive,split_04,4,101,0,inductive_split_04_seed_101,unseen_unseen,both_have_targets,overall,shared_protein_count,0.2536168321744741,partial_spearman,n_proteins_a|n_proteins_b,unordered_minmax,116,116,0,116,107,116,15,0,15,0,ok,3.0,113.0
inductive,split_04,4,101,0,inductive_split_04_seed_101,unseen_unseen,both_have_targets,overall,biological_shared_protein_count,0.2215129303104138,partial_spearman,n_biological_proteins_a|n_biological_proteins_b,endpoint_columns,116,116,0,116,107,116,15,0,15,0,ok,3.0,113.0
inductive,split_04,4,101,0,inductive_split_04_seed_101,unseen_unseen,both_have_targets,overall,biological_shared_protein_count,0.2536168321744741,partial_spearman,n_biological_proteins_a|n_biological_proteins_b,unordered_minmax,116,116,0,116,107,116,15,0,15,0,ok,3.0,113.0
inductive,split_04,4,101,0,inductive_split_04_seed_101,unseen_unseen,both_have_targets,overall,shared_target_count,0.4093075085205584,partial_spearman,n_targets_a|n_targets_b,endpoint_columns,116,116,0,116,107,116,15,0,15,0,ok,3.0,113.0
inductive,split_04,4,101,0,inductive_split_04_seed_101,unseen_unseen,both_have_targets,overall,shared_target_count,0.3749378938634233,partial_spearman,n_targets_a|n_targets_b,unordered_minmax,116,116,0,116,107,116,15,0,15,0,ok,3.0,113.0
inductive,split_04,4,101,0,inductive_split_04_seed_101,unseen_unseen,both_have_targets,positive,shared_protein_count,0.4597577490807653,partial_spearman,n_proteins_a|n_proteins_b,endpoint_columns,50,50,0,50,86,50,5,0,5,0,ok,3.0,47.0
inductive,split_04,4,101,0,inductive_split_04_seed_101,unseen_unseen,both_have_targets,positive,shared_protein_count,0.4768460300883426,partial_spearman,n_proteins_a|n_proteins_b,unordered_minmax,50,50,0,50,86,50,5,0,5,0,ok,3.0,47.0
inductive,split_04,4,101,0,inductive_split_04_seed_101,unseen_unseen,both_have_targets,positive,biological_shared_protein_count,0.4597577490807653,partial_spearman,n_biological_proteins_a|n_biological_proteins_b,endpoint_columns,50,50,0,50,86,50,5,0,5,0,ok,3.0,47.0
inductive,split_04,4,101,0,inductive_split_04_seed_101,unseen_unseen,both_have_targets,positive,biological_shared_protein_count,0.4768460300883426,partial_spearman,n_biological_proteins_a|n_biological_proteins_b,unordered_minmax,50,50,0,50,86,50,5,0,5,0,ok,3.0,47.0
inductive,split_04,4,101,0,inductive_split_04_seed_101,unseen_unseen,both_have_targets,positive,shared_target_count,0.6277619035144985,partial_spearman,n_targets_a|n_targets_b,endpoint_columns,50,50,0,50,86,50,5,0,5,0,ok,3.0,47.0
inductive,split_04,4,101,0,inductive_split_04_seed_101,unseen_unseen,both_have_targets,positive,shared_target_count,0.6010697526158296,partial_spearman,n_targets_a|n_targets_b,unordered_minmax,50,50,0,50,86,50,5,0,5,0,ok,3.0,47.0
inductive,split_04,4,101,0,inductive_split_04_seed_101,unseen_unseen,both_have_targets,negative,shared_protein_count,0.0045884769139807,partial_spearman,n_proteins_a|n_proteins_b,endpoint_columns,66,66,0,66,32,66,10,0,10,0,ok,3.0,63.0
inductive,split_04,4,101,0,inductive_split_04_seed_101,unseen_unseen,both_have_targets,negative,shared_protein_count,-0.0012814797745162,partial_spearman,n_proteins_a|n_proteins_b,unordered_minmax,66,66,0,66,32,66,10,0,10,0,ok,3.0,63.0
inductive,split_04,4,101,0,inductive_split_04_seed_101,unseen_unseen,both_have_targets,negative,biological_shared_protein_count,0.0045884769139807,partial_spearman,n_biological_proteins_a|n_biological_proteins_b,endpoint_columns,66,66,0,66,32,66,10,0,10,0,ok,3.0,63.0
inductive,split_04,4,101,0,inductive_split_04_seed_101,unseen_unseen,both_have_targets,negative,biological_shared_protein_count,-0.0012814797745162,partial_spearman,n_biological_proteins_a|n_biological_proteins_b,unordered_minmax,66,66,0,66,32,66,10,0,10,0,ok,3.0,63.0
inductive,split_04,4,101,0,inductive_split_04_seed_101,unseen_unseen,both_have_targets,negative,shared_target_count,0.0898928326132501,partial_spearman,n_targets_a|n_targets_b,endpoint_columns,66,66,0,66,32,66,10,0,10,0,ok,3.0,63.0
inductive,split_04,4,101,0,inductive_split_04_seed_101,unseen_unseen,both_have_targets,negative,shared_target_count,0.052206190051387,partial_spearman,n_targets_a|n_targets_b,unordered_minmax,66,66,0,66,32,66,10,0,10,0,ok,3.0,63.0
inductive,split_04,4,101,0,inductive_split_04_seed_101,seen_unseen,all_pairs,overall,biological_shared_protein_count,0.3011862525285452,partial_spearman,n_biological_proteins_a|n_biological_proteins_b|either_biological_size_zero,endpoint_columns_plus_zero,1738,1738,0,1738,1066,1507,422,229,422,229,ok,4.0,1734.0
inductive,split_04,4,101,0,inductive_split_04_seed_101,seen_unseen,all_pairs,overall,biological_shared_protein_count,0.3081987843255571,partial_spearman,n_biological_proteins_a|n_biological_proteins_b|either_biological_size_zero,unordered_minmax_plus_zero,1738,1738,0,1738,1066,1507,422,229,422,229,ok,4.0,1734.0
inductive,split_04,4,101,0,inductive_split_04_seed_101,unseen_unseen,all_pairs,overall,biological_shared_protein_count,0.2735279812437447,partial_spearman,n_biological_proteins_a|n_biological_proteins_b|either_biological_size_zero,endpoint_columns_plus_zero,132,132,0,132,130,117,31,16,31,16,ok,4.0,128.0
inductive,split_04,4,101,0,inductive_split_04_seed_101,unseen_unseen,all_pairs,overall,biological_shared_protein_count,0.2499977910734343,partial_spearman,n_biological_proteins_a|n_biological_proteins_b|either_biological_size_zero,unordered_minmax_plus_zero,132,132,0,132,130,117,31,16,31,16,ok,4.0,128.0
inductive,split_04,4,202,0,inductive_split_04_seed_202,seen_unseen,all_pairs,overall,shared_protein_count,-0.1310771194630031,spearman,none,none,1738,1738,0,1738,1066,1515,422,219,422,219,ok,,
inductive,split_04,4,202,0,inductive_split_04_seed_202,seen_unseen,all_pairs,overall,protein_jaccard,-0.1198754265317718,spearman,none,none,1717,1738,21,1717,1051,1515,401,198,422,219,ok,,
inductive,split_04,4,202,0,inductive_split_04_seed_202,seen_unseen,all_pairs,overall,shared_target_count,0.1223723900262774,spearman,none,none,1738,1738,0,1738,1066,1515,422,219,422,219,ok,,
inductive,split_04,4,202,0,inductive_split_04_seed_202,seen_unseen,all_pairs,overall,biological_shared_protein_count,-0.1310771194630031,spearman,none,none,1738,1738,0,1738,1066,1515,422,219,422,219,ok,,
inductive,split_04,4,202,0,inductive_split_04_seed_202,seen_unseen,all_pairs,overall,protein_size_geomean,-0.2423523440631138,spearman,none,none,1738,1738,0,1738,1066,1515,422,219,422,219,ok,,
inductive,split_04,4,202,0,inductive_split_04_seed_202,seen_unseen,all_pairs,positive,shared_protein_count,-0.4378661717372852,spearman,none,none,869,869,0,869,928,646,282,219,282,219,ok,,
inductive,split_04,4,202,0,inductive_split_04_seed_202,seen_unseen,all_pairs,positive,protein_jaccard,-0.3895456783807285,spearman,none,none,848,869,21,848,913,646,261,198,282,219,ok,,
inductive,split_04,4,202,0,inductive_split_04_seed_202,seen_unseen,all_pairs,positive,shared_target_count,-0.1148419988228341,spearman,none,none,869,869,0,869,928,646,282,219,282,219,ok,,
inductive,split_04,4,202,0,inductive_split_04_seed_202,seen_unseen,all_pairs,positive,biological_shared_protein_count,-0.4378661717372852,spearman,none,none,869,869,0,869,928,646,282,219,282,219,ok,,
inductive,split_04,4,202,0,inductive_split_04_seed_202,seen_unseen,all_pairs,positive,protein_size_geomean,-0.5647880244290676,spearman,none,none,869,869,0,869,928,646,282,219,282,219,ok,,
inductive,split_04,4,202,0,inductive_split_04_seed_202,seen_unseen,all_pairs,negative,shared_protein_count,0.178903538893501,spearman,none,none,869,869,0,869,272,869,140,0,140,0,ok,,
inductive,split_04,4,202,0,inductive_split_04_seed_202,seen_unseen,all_pairs,negative,protein_jaccard,0.045853314213292,spearman,none,none,869,869,0,869,272,869,140,0,140,0,ok,,
inductive,split_04,4,202,0,inductive_split_04_seed_202,seen_unseen,all_pairs,negative,shared_target_count,0.0400751597989701,spearman,none,none,869,869,0,869,272,869,140,0,140,0,ok,,
inductive,split_04,4,202,0,inductive_split_04_seed_202,seen_unseen,all_pairs,negative,biological_shared_protein_count,0.178903538893501,spearman,none,none,869,869,0,869,272,869,140,0,140,0,ok,,
inductive,split_04,4,202,0,inductive_split_04_seed_202,seen_unseen,all_pairs,negative,protein_size_geomean,0.2391688933731638,spearman,none,none,869,869,0,869,272,869,140,0,140,0,ok,,
inductive,split_04,4,202,0,inductive_split_04_seed_202,seen_unseen,both_have_targets,overall,shared_protein_count,0.24373018441869,spearman,none,none,1512,1512,0,1512,863,1511,196,0,196,0,ok,,
inductive,split_04,4,202,0,inductive_split_04_seed_202,seen_unseen,both_have_targets,overall,protein_jaccard,0.2207099235632048,spearman,none,none,1512,1512,0,1512,863,1511,196,0,196,0,ok,,
inductive,split_04,4,202,0,inductive_split_04_seed_202,seen_unseen,both_have_targets,overall,shared_target_count,0.333943984122789,spearman,none,none,1512,1512,0,1512,863,1511,196,0,196,0,ok,,
inductive,split_04,4,202,0,inductive_split_04_seed_202,seen_unseen,both_have_targets,overall,biological_shared_protein_count,0.24373018441869,spearman,none,none,1512,1512,0,1512,863,1511,196,0,196,0,ok,,
inductive,split_04,4,202,0,inductive_split_04_seed_202,seen_unseen,both_have_targets,overall,protein_size_geomean,0.1481302226886081,spearman,none,none,1512,1512,0,1512,863,1511,196,0,196,0,ok,,
inductive,split_04,4,202,0,inductive_split_04_seed_202,seen_unseen,both_have_targets,positive,shared_protein_count,0.2428570003113442,spearman,none,none,643,643,0,643,717,642,56,0,56,0,ok,,
inductive,split_04,4,202,0,inductive_split_04_seed_202,seen_unseen,both_have_targets,positive,protein_jaccard,0.272493468647778,spearman,none,none,643,643,0,643,717,642,56,0,56,0,ok,,
inductive,split_04,4,202,0,inductive_split_04_seed_202,seen_unseen,both_have_targets,positive,shared_target_count,0.4078101740255851,spearman,none,none,643,643,0,643,717,642,56,0,56,0,ok,,
inductive,split_04,4,202,0,inductive_split_04_seed_202,seen_unseen,both_have_targets,positive,biological_shared_protein_count,0.2428570003113442,spearman,none,none,643,643,0,643,717,642,56,0,56,0,ok,,
inductive,split_04,4,202,0,inductive_split_04_seed_202,seen_unseen,both_have_targets,positive,protein_size_geomean,0.0542966943171944,spearman,none,none,643,643,0,643,717,642,56,0,56,0,ok,,
inductive,split_04,4,202,0,inductive_split_04_seed_202,seen_unseen,both_have_targets,negative,shared_protein_count,0.178903538893501,spearman,none,none,869,869,0,869,272,869,140,0,140,0,ok,,
inductive,split_04,4,202,0,inductive_split_04_seed_202,seen_unseen,both_have_targets,negative,protein_jaccard,0.045853314213292,spearman,none,none,869,869,0,869,272,869,140,0,140,0,ok,,
inductive,split_04,4,202,0,inductive_split_04_seed_202,seen_unseen,both_have_targets,negative,shared_target_count,0.0400751597989701,spearman,none,none,869,869,0,869,272,869,140,0,140,0,ok,,
inductive,split_04,4,202,0,inductive_split_04_seed_202,seen_unseen,both_have_targets,negative,biological_shared_protein_count,0.178903538893501,spearman,none,none,869,869,0,869,272,869,140,0,140,0,ok,,
inductive,split_04,4,202,0,inductive_split_04_seed_202,seen_unseen,both_have_targets,negative,protein_size_geomean,0.2391688933731638,spearman,none,none,869,869,0,869,272,869,140,0,140,0,ok,,
inductive,split_04,4,202,0,inductive_split_04_seed_202,unseen_unseen,all_pairs,overall,shared_protein_count,0.0087791162784855,spearman,none,none,132,132,0,132,130,117,31,15,31,15,ok,,
inductive,split_04,4,202,0,inductive_split_04_seed_202,unseen_unseen,all_pairs,overall,protein_jaccard,0.0033935301566949,spearman,none,none,130,132,2,130,127,117,29,13,31,15,ok,,
inductive,split_04,4,202,0,inductive_split_04_seed_202,unseen_unseen,all_pairs,overall,shared_target_count,0.2117195213331671,spearman,none,none,132,132,0,132,130,117,31,15,31,15,ok,,
inductive,split_04,4,202,0,inductive_split_04_seed_202,unseen_unseen,all_pairs,overall,biological_shared_protein_count,0.0087791162784855,spearman,none,none,132,132,0,132,130,117,31,15,31,15,ok,,
inductive,split_04,4,202,0,inductive_split_04_seed_202,unseen_unseen,all_pairs,overall,protein_size_geomean,-0.1021334763726922,spearman,none,none,132,132,0,132,130,117,31,15,31,15,ok,,
inductive,split_04,4,202,0,inductive_split_04_seed_202,unseen_unseen,all_pairs,positive,shared_protein_count,-0.3365331291146315,spearman,none,none,66,66,0,66,110,51,21,15,21,15,ok,,
inductive,split_04,4,202,0,inductive_split_04_seed_202,unseen_unseen,all_pairs,positive,protein_jaccard,-0.2745671239747628,spearman,none,none,64,66,2,64,107,51,19,13,21,15,ok,,
inductive,split_04,4,202,0,inductive_split_04_seed_202,unseen_unseen,all_pairs,positive,shared_target_count,0.0491863361132358,spearman,none,none,66,66,0,66,110,51,21,15,21,15,ok,,
inductive,split_04,4,202,0,inductive_split_04_seed_202,unseen_unseen,all_pairs,positive,biological_shared_protein_count,-0.3365331291146315,spearman,none,none,66,66,0,66,110,51,21,15,21,15,ok,,
inductive,split_04,4,202,0,inductive_split_04_seed_202,unseen_unseen,all_pairs,positive,protein_size_geomean,-0.5238507250936176,spearman,none,none,66,66,0,66,110,51,21,15,21,15,ok,,
inductive,split_04,4,202,0,inductive_split_04_seed_202,unseen_unseen,all_pairs,negative,shared_protein_count,0.4764910322940044,spearman,none,none,66,66,0,66,32,66,10,0,10,0,ok,,
inductive,split_04,4,202,0,inductive_split_04_seed_202,unseen_unseen,all_pairs,negative,protein_jaccard,0.2454705937182296,spearman,none,none,66,66,0,66,32,66,10,0,10,0,ok,,
inductive,split_04,4,202,0,inductive_split_04_seed_202,unseen_unseen,all_pairs,negative,shared_target_count,0.1306524965154236,spearman,none,none,66,66,0,66,32,66,10,0,10,0,ok,,
inductive,split_04,4,202,0,inductive_split_04_seed_202,unseen_unseen,all_pairs,negative,biological_shared_protein_count,0.4764910322940044,spearman,none,none,66,66,0,66,32,66,10,0,10,0,ok,,
inductive,split_04,4,202,0,inductive_split_04_seed_202,unseen_unseen,all_pairs,negative,protein_size_geomean,0.5337021187767457,spearman,none,none,66,66,0,66,32,66,10,0,10,0,ok,,
inductive,split_04,4,202,0,inductive_split_04_seed_202,unseen_unseen,both_have_targets,overall,shared_protein_count,0.4021243537891674,spearman,none,none,116,116,0,116,107,116,15,1,15,1,ok,,
inductive,split_04,4,202,0,inductive_split_04_seed_202,unseen_unseen,both_have_targets,overall,protein_jaccard,0.3396038146291219,spearman,none,none,116,116,0,116,107,116,15,1,15,1,ok,,
inductive,split_04,4,202,0,inductive_split_04_seed_202,unseen_unseen,both_have_targets,overall,shared_target_count,0.3840330792607987,spearman,none,none,116,116,0,116,107,116,15,1,15,1,ok,,
inductive,split_04,4,202,0,inductive_split_04_seed_202,unseen_unseen,both_have_targets,overall,biological_shared_protein_count,0.4021243537891674,spearman,none,none,116,116,0,116,107,116,15,1,15,1,ok,,
inductive,split_04,4,202,0,inductive_split_04_seed_202,unseen_unseen,both_have_targets,overall,protein_size_geomean,0.3165340406719717,spearman,none,none,116,116,0,116,107,116,15,1,15,1,ok,,
inductive,split_04,4,202,0,inductive_split_04_seed_202,unseen_unseen,both_have_targets,positive,shared_protein_count,0.3299609725915202,spearman,none,none,50,50,0,50,86,50,5,1,5,1,ok,,
inductive,split_04,4,202,0,inductive_split_04_seed_202,unseen_unseen,both_have_targets,positive,protein_jaccard,0.3585395561495501,spearman,none,none,50,50,0,50,86,50,5,1,5,1,ok,,
inductive,split_04,4,202,0,inductive_split_04_seed_202,unseen_unseen,both_have_targets,positive,shared_target_count,0.5011669871374244,spearman,none,none,50,50,0,50,86,50,5,1,5,1,ok,,
inductive,split_04,4,202,0,inductive_split_04_seed_202,unseen_unseen,both_have_targets,positive,biological_shared_protein_count,0.3299609725915202,spearman,none,none,50,50,0,50,86,50,5,1,5,1,ok,,
inductive,split_04,4,202,0,inductive_split_04_seed_202,unseen_unseen,both_have_targets,positive,protein_size_geomean,0.0519087635054021,spearman,none,none,50,50,0,50,86,50,5,1,5,1,ok,,
inductive,split_04,4,202,0,inductive_split_04_seed_202,unseen_unseen,both_have_targets,negative,shared_protein_count,0.4764910322940044,spearman,none,none,66,66,0,66,32,66,10,0,10,0,ok,,
inductive,split_04,4,202,0,inductive_split_04_seed_202,unseen_unseen,both_have_targets,negative,protein_jaccard,0.2454705937182296,spearman,none,none,66,66,0,66,32,66,10,0,10,0,ok,,
inductive,split_04,4,202,0,inductive_split_04_seed_202,unseen_unseen,both_have_targets,negative,shared_target_count,0.1306524965154236,spearman,none,none,66,66,0,66,32,66,10,0,10,0,ok,,
inductive,split_04,4,202,0,inductive_split_04_seed_202,unseen_unseen,both_have_targets,negative,biological_shared_protein_count,0.4764910322940044,spearman,none,none,66,66,0,66,32,66,10,0,10,0,ok,,
inductive,split_04,4,202,0,inductive_split_04_seed_202,unseen_unseen,both_have_targets,negative,protein_size_geomean,0.5337021187767457,spearman,none,none,66,66,0,66,32,66,10,0,10,0,ok,,
inductive,split_04,4,202,0,inductive_split_04_seed_202,seen_unseen,all_pairs,overall,shared_protein_count,0.0126936683046596,partial_spearman,n_proteins_a|n_proteins_b,endpoint_columns,1738,1738,0,1738,1066,1515,422,219,422,219,ok,3.0,1735.0
inductive,split_04,4,202,0,inductive_split_04_seed_202,seen_unseen,all_pairs,overall,shared_protein_count,0.1611243541654556,partial_spearman,n_proteins_a|n_proteins_b,unordered_minmax,1738,1738,0,1738,1066,1515,422,219,422,219,ok,3.0,1735.0
inductive,split_04,4,202,0,inductive_split_04_seed_202,seen_unseen,all_pairs,overall,biological_shared_protein_count,0.0126936683046596,partial_spearman,n_biological_proteins_a|n_biological_proteins_b,endpoint_columns,1738,1738,0,1738,1066,1515,422,219,422,219,ok,3.0,1735.0
inductive,split_04,4,202,0,inductive_split_04_seed_202,seen_unseen,all_pairs,overall,biological_shared_protein_count,0.1611243541654556,partial_spearman,n_biological_proteins_a|n_biological_proteins_b,unordered_minmax,1738,1738,0,1738,1066,1515,422,219,422,219,ok,3.0,1735.0
inductive,split_04,4,202,0,inductive_split_04_seed_202,seen_unseen,all_pairs,overall,shared_target_count,0.2620520596320129,partial_spearman,n_targets_a|n_targets_b,endpoint_columns,1738,1738,0,1738,1066,1515,422,219,422,219,ok,3.0,1735.0
inductive,split_04,4,202,0,inductive_split_04_seed_202,seen_unseen,all_pairs,overall,shared_target_count,0.2957071703465103,partial_spearman,n_targets_a|n_targets_b,unordered_minmax,1738,1738,0,1738,1066,1515,422,219,422,219,ok,3.0,1735.0
inductive,split_04,4,202,0,inductive_split_04_seed_202,seen_unseen,all_pairs,positive,shared_protein_count,-0.1181986019628793,partial_spearman,n_proteins_a|n_proteins_b,endpoint_columns,869,869,0,869,928,646,282,219,282,219,ok,3.0,866.0
inductive,split_04,4,202,0,inductive_split_04_seed_202,seen_unseen,all_pairs,positive,shared_protein_count,0.1700672197782956,partial_spearman,n_proteins_a|n_proteins_b,unordered_minmax,869,869,0,869,928,646,282,219,282,219,ok,3.0,866.0
inductive,split_04,4,202,0,inductive_split_04_seed_202,seen_unseen,all_pairs,positive,biological_shared_protein_count,-0.1181986019628793,partial_spearman,n_biological_proteins_a|n_biological_proteins_b,endpoint_columns,869,869,0,869,928,646,282,219,282,219,ok,3.0,866.0
inductive,split_04,4,202,0,inductive_split_04_seed_202,seen_unseen,all_pairs,positive,biological_shared_protein_count,0.1700672197782956,partial_spearman,n_biological_proteins_a|n_biological_proteins_b,unordered_minmax,869,869,0,869,928,646,282,219,282,219,ok,3.0,866.0
inductive,split_04,4,202,0,inductive_split_04_seed_202,seen_unseen,all_pairs,positive,shared_target_count,0.2313799496386848,partial_spearman,n_targets_a|n_targets_b,endpoint_columns,869,869,0,869,928,646,282,219,282,219,ok,3.0,866.0
inductive,split_04,4,202,0,inductive_split_04_seed_202,seen_unseen,all_pairs,positive,shared_target_count,0.3566152441067179,partial_spearman,n_targets_a|n_targets_b,unordered_minmax,869,869,0,869,928,646,282,219,282,219,ok,3.0,866.0
inductive,split_04,4,202,0,inductive_split_04_seed_202,seen_unseen,all_pairs,negative,shared_protein_count,-0.0241380882711967,partial_spearman,n_proteins_a|n_proteins_b,endpoint_columns,869,869,0,869,272,869,140,0,140,0,ok,3.0,866.0
inductive,split_04,4,202,0,inductive_split_04_seed_202,seen_unseen,all_pairs,negative,shared_protein_count,-0.0555739829875024,partial_spearman,n_proteins_a|n_proteins_b,unordered_minmax,869,869,0,869,272,869,140,0,140,0,ok,3.0,866.0
inductive,split_04,4,202,0,inductive_split_04_seed_202,seen_unseen,all_pairs,negative,biological_shared_protein_count,-0.0241380882711967,partial_spearman,n_biological_proteins_a|n_biological_proteins_b,endpoint_columns,869,869,0,869,272,869,140,0,140,0,ok,3.0,866.0
inductive,split_04,4,202,0,inductive_split_04_seed_202,seen_unseen,all_pairs,negative,biological_shared_protein_count,-0.0555739829875024,partial_spearman,n_biological_proteins_a|n_biological_proteins_b,unordered_minmax,869,869,0,869,272,869,140,0,140,0,ok,3.0,866.0
inductive,split_04,4,202,0,inductive_split_04_seed_202,seen_unseen,all_pairs,negative,shared_target_count,0.0672483806690179,partial_spearman,n_targets_a|n_targets_b,endpoint_columns,869,869,0,869,272,869,140,0,140,0,ok,3.0,866.0
inductive,split_04,4,202,0,inductive_split_04_seed_202,seen_unseen,all_pairs,negative,shared_target_count,0.0280263409912647,partial_spearman,n_targets_a|n_targets_b,unordered_minmax,869,869,0,869,272,869,140,0,140,0,ok,3.0,866.0
inductive,split_04,4,202,0,inductive_split_04_seed_202,seen_unseen,both_have_targets,overall,shared_protein_count,0.2273502603564087,partial_spearman,n_proteins_a|n_proteins_b,endpoint_columns,1512,1512,0,1512,863,1511,196,0,196,0,ok,3.0,1509.0
inductive,split_04,4,202,0,inductive_split_04_seed_202,seen_unseen,both_have_targets,overall,shared_protein_count,0.2323559834040875,partial_spearman,n_proteins_a|n_proteins_b,unordered_minmax,1512,1512,0,1512,863,1511,196,0,196,0,ok,3.0,1509.0
inductive,split_04,4,202,0,inductive_split_04_seed_202,seen_unseen,both_have_targets,overall,biological_shared_protein_count,0.2273502603564087,partial_spearman,n_biological_proteins_a|n_biological_proteins_b,endpoint_columns,1512,1512,0,1512,863,1511,196,0,196,0,ok,3.0,1509.0
inductive,split_04,4,202,0,inductive_split_04_seed_202,seen_unseen,both_have_targets,overall,biological_shared_protein_count,0.2323559834040875,partial_spearman,n_biological_proteins_a|n_biological_proteins_b,unordered_minmax,1512,1512,0,1512,863,1511,196,0,196,0,ok,3.0,1509.0
inductive,split_04,4,202,0,inductive_split_04_seed_202,seen_unseen,both_have_targets,overall,shared_target_count,0.3268669628627115,partial_spearman,n_targets_a|n_targets_b,endpoint_columns,1512,1512,0,1512,863,1511,196,0,196,0,ok,3.0,1509.0
inductive,split_04,4,202,0,inductive_split_04_seed_202,seen_unseen,both_have_targets,overall,shared_target_count,0.3034325153359152,partial_spearman,n_targets_a|n_targets_b,unordered_minmax,1512,1512,0,1512,863,1511,196,0,196,0,ok,3.0,1509.0
inductive,split_04,4,202,0,inductive_split_04_seed_202,seen_unseen,both_have_targets,positive,shared_protein_count,0.3177167825709015,partial_spearman,n_proteins_a|n_proteins_b,endpoint_columns,643,643,0,643,717,642,56,0,56,0,ok,3.0,640.0
inductive,split_04,4,202,0,inductive_split_04_seed_202,seen_unseen,both_have_targets,positive,shared_protein_count,0.3439562907477677,partial_spearman,n_proteins_a|n_proteins_b,unordered_minmax,643,643,0,643,717,642,56,0,56,0,ok,3.0,640.0
inductive,split_04,4,202,0,inductive_split_04_seed_202,seen_unseen,both_have_targets,positive,biological_shared_protein_count,0.3177167825709015,partial_spearman,n_biological_proteins_a|n_biological_proteins_b,endpoint_columns,643,643,0,643,717,642,56,0,56,0,ok,3.0,640.0
inductive,split_04,4,202,0,inductive_split_04_seed_202,seen_unseen,both_have_targets,positive,biological_shared_protein_count,0.3439562907477677,partial_spearman,n_biological_proteins_a|n_biological_proteins_b,unordered_minmax,643,643,0,643,717,642,56,0,56,0,ok,3.0,640.0
inductive,split_04,4,202,0,inductive_split_04_seed_202,seen_unseen,both_have_targets,positive,shared_target_count,0.3789896442201255,partial_spearman,n_targets_a|n_targets_b,endpoint_columns,643,643,0,643,717,642,56,0,56,0,ok,3.0,640.0
inductive,split_04,4,202,0,inductive_split_04_seed_202,seen_unseen,both_have_targets,positive,shared_target_count,0.36192765146975,partial_spearman,n_targets_a|n_targets_b,unordered_minmax,643,643,0,643,717,642,56,0,56,0,ok,3.0,640.0
inductive,split_04,4,202,0,inductive_split_04_seed_202,seen_unseen,both_have_targets,negative,shared_protein_count,-0.0241380882711967,partial_spearman,n_proteins_a|n_proteins_b,endpoint_columns,869,869,0,869,272,869,140,0,140,0,ok,3.0,866.0
inductive,split_04,4,202,0,inductive_split_04_seed_202,seen_unseen,both_have_targets,negative,shared_protein_count,-0.0555739829875024,partial_spearman,n_proteins_a|n_proteins_b,unordered_minmax,869,869,0,869,272,869,140,0,140,0,ok,3.0,866.0
inductive,split_04,4,202,0,inductive_split_04_seed_202,seen_unseen,both_have_targets,negative,biological_shared_protein_count,-0.0241380882711967,partial_spearman,n_biological_proteins_a|n_biological_proteins_b,endpoint_columns,869,869,0,869,272,869,140,0,140,0,ok,3.0,866.0
inductive,split_04,4,202,0,inductive_split_04_seed_202,seen_unseen,both_have_targets,negative,biological_shared_protein_count,-0.0555739829875024,partial_spearman,n_biological_proteins_a|n_biological_proteins_b,unordered_minmax,869,869,0,869,272,869,140,0,140,0,ok,3.0,866.0
inductive,split_04,4,202,0,inductive_split_04_seed_202,seen_unseen,both_have_targets,negative,shared_target_count,0.0672483806690179,partial_spearman,n_targets_a|n_targets_b,endpoint_columns,869,869,0,869,272,869,140,0,140,0,ok,3.0,866.0
inductive,split_04,4,202,0,inductive_split_04_seed_202,seen_unseen,both_have_targets,negative,shared_target_count,0.0280263409912647,partial_spearman,n_targets_a|n_targets_b,unordered_minmax,869,869,0,869,272,869,140,0,140,0,ok,3.0,866.0
inductive,split_04,4,202,0,inductive_split_04_seed_202,unseen_unseen,all_pairs,overall,shared_protein_count,0.0567888947212927,partial_spearman,n_proteins_a|n_proteins_b,endpoint_columns,132,132,0,132,130,117,31,15,31,15,ok,3.0,129.0
inductive,split_04,4,202,0,inductive_split_04_seed_202,unseen_unseen,all_pairs,overall,shared_protein_count,0.197232793896886,partial_spearman,n_proteins_a|n_proteins_b,unordered_minmax,132,132,0,132,130,117,31,15,31,15,ok,3.0,129.0
inductive,split_04,4,202,0,inductive_split_04_seed_202,unseen_unseen,all_pairs,overall,biological_shared_protein_count,0.0567888947212927,partial_spearman,n_biological_proteins_a|n_biological_proteins_b,endpoint_columns,132,132,0,132,130,117,31,15,31,15,ok,3.0,129.0
inductive,split_04,4,202,0,inductive_split_04_seed_202,unseen_unseen,all_pairs,overall,biological_shared_protein_count,0.197232793896886,partial_spearman,n_biological_proteins_a|n_biological_proteins_b,unordered_minmax,132,132,0,132,130,117,31,15,31,15,ok,3.0,129.0
inductive,split_04,4,202,0,inductive_split_04_seed_202,unseen_unseen,all_pairs,overall,shared_target_count,0.3169121044268227,partial_spearman,n_targets_a|n_targets_b,endpoint_columns,132,132,0,132,130,117,31,15,31,15,ok,3.0,129.0
inductive,split_04,4,202,0,inductive_split_04_seed_202,unseen_unseen,all_pairs,overall,shared_target_count,0.3245282454381306,partial_spearman,n_targets_a|n_targets_b,unordered_minmax,132,132,0,132,130,117,31,15,31,15,ok,3.0,129.0
inductive,split_04,4,202,0,inductive_split_04_seed_202,unseen_unseen,all_pairs,positive,shared_protein_count,0.0793704937842344,partial_spearman,n_proteins_a|n_proteins_b,endpoint_columns,66,66,0,66,110,51,21,15,21,15,ok,3.0,63.0
inductive,split_04,4,202,0,inductive_split_04_seed_202,unseen_unseen,all_pairs,positive,shared_protein_count,0.3007440893902543,partial_spearman,n_proteins_a|n_proteins_b,unordered_minmax,66,66,0,66,110,51,21,15,21,15,ok,3.0,63.0
inductive,split_04,4,202,0,inductive_split_04_seed_202,unseen_unseen,all_pairs,positive,biological_shared_protein_count,0.0793704937842344,partial_spearman,n_biological_proteins_a|n_biological_proteins_b,endpoint_columns,66,66,0,66,110,51,21,15,21,15,ok,3.0,63.0
inductive,split_04,4,202,0,inductive_split_04_seed_202,unseen_unseen,all_pairs,positive,biological_shared_protein_count,0.3007440893902543,partial_spearman,n_biological_proteins_a|n_biological_proteins_b,unordered_minmax,66,66,0,66,110,51,21,15,21,15,ok,3.0,63.0
inductive,split_04,4,202,0,inductive_split_04_seed_202,unseen_unseen,all_pairs,positive,shared_target_count,0.3192722742563547,partial_spearman,n_targets_a|n_targets_b,endpoint_columns,66,66,0,66,110,51,21,15,21,15,ok,3.0,63.0
inductive,split_04,4,202,0,inductive_split_04_seed_202,unseen_unseen,all_pairs,positive,shared_target_count,0.3520492756510241,partial_spearman,n_targets_a|n_targets_b,unordered_minmax,66,66,0,66,110,51,21,15,21,15,ok,3.0,63.0
inductive,split_04,4,202,0,inductive_split_04_seed_202,unseen_unseen,all_pairs,negative,shared_protein_count,-0.0238818756237598,partial_spearman,n_proteins_a|n_proteins_b,endpoint_columns,66,66,0,66,32,66,10,0,10,0,ok,3.0,63.0
inductive,split_04,4,202,0,inductive_split_04_seed_202,unseen_unseen,all_pairs,negative,shared_protein_count,-0.0055855206772022,partial_spearman,n_proteins_a|n_proteins_b,unordered_minmax,66,66,0,66,32,66,10,0,10,0,ok,3.0,63.0
inductive,split_04,4,202,0,inductive_split_04_seed_202,unseen_unseen,all_pairs,negative,biological_shared_protein_count,-0.0238818756237598,partial_spearman,n_biological_proteins_a|n_biological_proteins_b,endpoint_columns,66,66,0,66,32,66,10,0,10,0,ok,3.0,63.0
inductive,split_04,4,202,0,inductive_split_04_seed_202,unseen_unseen,all_pairs,negative,biological_shared_protein_count,-0.0055855206772022,partial_spearman,n_biological_proteins_a|n_biological_proteins_b,unordered_minmax,66,66,0,66,32,66,10,0,10,0,ok,3.0,63.0
inductive,split_04,4,202,0,inductive_split_04_seed_202,unseen_unseen,all_pairs,negative,shared_target_count,0.1536080908508239,partial_spearman,n_targets_a|n_targets_b,endpoint_columns,66,66,0,66,32,66,10,0,10,0,ok,3.0,63.0
inductive,split_04,4,202,0,inductive_split_04_seed_202,unseen_unseen,all_pairs,negative,shared_target_count,0.0915667594758,partial_spearman,n_targets_a|n_targets_b,unordered_minmax,66,66,0,66,32,66,10,0,10,0,ok,3.0,63.0
inductive,split_04,4,202,0,inductive_split_04_seed_202,unseen_unseen,both_have_targets,overall,shared_protein_count,0.2222351400804939,partial_spearman,n_proteins_a|n_proteins_b,endpoint_columns,116,116,0,116,107,116,15,1,15,1,ok,3.0,113.0
inductive,split_04,4,202,0,inductive_split_04_seed_202,unseen_unseen,both_have_targets,overall,shared_protein_count,0.2311045685976182,partial_spearman,n_proteins_a|n_proteins_b,unordered_minmax,116,116,0,116,107,116,15,1,15,1,ok,3.0,113.0
inductive,split_04,4,202,0,inductive_split_04_seed_202,unseen_unseen,both_have_targets,overall,biological_shared_protein_count,0.2222351400804939,partial_spearman,n_biological_proteins_a|n_biological_proteins_b,endpoint_columns,116,116,0,116,107,116,15,1,15,1,ok,3.0,113.0
inductive,split_04,4,202,0,inductive_split_04_seed_202,unseen_unseen,both_have_targets,overall,biological_shared_protein_count,0.2311045685976182,partial_spearman,n_biological_proteins_a|n_biological_proteins_b,unordered_minmax,116,116,0,116,107,116,15,1,15,1,ok,3.0,113.0
inductive,split_04,4,202,0,inductive_split_04_seed_202,unseen_unseen,both_have_targets,overall,shared_target_count,0.3716400235561131,partial_spearman,n_targets_a|n_targets_b,endpoint_columns,116,116,0,116,107,116,15,1,15,1,ok,3.0,113.0
inductive,split_04,4,202,0,inductive_split_04_seed_202,unseen_unseen,both_have_targets,overall,shared_target_count,0.3288590016711699,partial_spearman,n_targets_a|n_targets_b,unordered_minmax,116,116,0,116,107,116,15,1,15,1,ok,3.0,113.0
inductive,split_04,4,202,0,inductive_split_04_seed_202,unseen_unseen,both_have_targets,positive,shared_protein_count,0.4233291715396379,partial_spearman,n_proteins_a|n_proteins_b,endpoint_columns,50,50,0,50,86,50,5,1,5,1,ok,3.0,47.0
inductive,split_04,4,202,0,inductive_split_04_seed_202,unseen_unseen,both_have_targets,positive,shared_protein_count,0.4241853236676656,partial_spearman,n_proteins_a|n_proteins_b,unordered_minmax,50,50,0,50,86,50,5,1,5,1,ok,3.0,47.0
inductive,split_04,4,202,0,inductive_split_04_seed_202,unseen_unseen,both_have_targets,positive,biological_shared_protein_count,0.4233291715396379,partial_spearman,n_biological_proteins_a|n_biological_proteins_b,endpoint_columns,50,50,0,50,86,50,5,1,5,1,ok,3.0,47.0
inductive,split_04,4,202,0,inductive_split_04_seed_202,unseen_unseen,both_have_targets,positive,biological_shared_protein_count,0.4241853236676656,partial_spearman,n_biological_proteins_a|n_biological_proteins_b,unordered_minmax,50,50,0,50,86,50,5,1,5,1,ok,3.0,47.0
inductive,split_04,4,202,0,inductive_split_04_seed_202,unseen_unseen,both_have_targets,positive,shared_target_count,0.4690167870926695,partial_spearman,n_targets_a|n_targets_b,endpoint_columns,50,50,0,50,86,50,5,1,5,1,ok,3.0,47.0
inductive,split_04,4,202,0,inductive_split_04_seed_202,unseen_unseen,both_have_targets,positive,shared_target_count,0.4332226281875985,partial_spearman,n_targets_a|n_targets_b,unordered_minmax,50,50,0,50,86,50,5,1,5,1,ok,3.0,47.0
inductive,split_04,4,202,0,inductive_split_04_seed_202,unseen_unseen,both_have_targets,negative,shared_protein_count,-0.0238818756237598,partial_spearman,n_proteins_a|n_proteins_b,endpoint_columns,66,66,0,66,32,66,10,0,10,0,ok,3.0,63.0
inductive,split_04,4,202,0,inductive_split_04_seed_202,unseen_unseen,both_have_targets,negative,shared_protein_count,-0.0055855206772022,partial_spearman,n_proteins_a|n_proteins_b,unordered_minmax,66,66,0,66,32,66,10,0,10,0,ok,3.0,63.0
inductive,split_04,4,202,0,inductive_split_04_seed_202,unseen_unseen,both_have_targets,negative,biological_shared_protein_count,-0.0238818756237598,partial_spearman,n_biological_proteins_a|n_biological_proteins_b,endpoint_columns,66,66,0,66,32,66,10,0,10,0,ok,3.0,63.0
inductive,split_04,4,202,0,inductive_split_04_seed_202,unseen_unseen,both_have_targets,negative,biological_shared_protein_count,-0.0055855206772022,partial_spearman,n_biological_proteins_a|n_biological_proteins_b,unordered_minmax,66,66,0,66,32,66,10,0,10,0,ok,3.0,63.0
inductive,split_04,4,202,0,inductive_split_04_seed_202,unseen_unseen,both_have_targets,negative,shared_target_count,0.1536080908508239,partial_spearman,n_targets_a|n_targets_b,endpoint_columns,66,66,0,66,32,66,10,0,10,0,ok,3.0,63.0
inductive,split_04,4,202,0,inductive_split_04_seed_202,unseen_unseen,both_have_targets,negative,shared_target_count,0.0915667594758,partial_spearman,n_targets_a|n_targets_b,unordered_minmax,66,66,0,66,32,66,10,0,10,0,ok,3.0,63.0
inductive,split_04,4,202,0,inductive_split_04_seed_202,seen_unseen,all_pairs,overall,biological_shared_protein_count,0.2173676959243079,partial_spearman,n_biological_proteins_a|n_biological_proteins_b|either_biological_size_zero,endpoint_columns_plus_zero,1738,1738,0,1738,1066,1515,422,219,422,219,ok,4.0,1734.0
inductive,split_04,4,202,0,inductive_split_04_seed_202,seen_unseen,all_pairs,overall,biological_shared_protein_count,0.2268859300716816,partial_spearman,n_biological_proteins_a|n_biological_proteins_b|either_biological_size_zero,unordered_minmax_plus_zero,1738,1738,0,1738,1066,1515,422,219,422,219,ok,4.0,1734.0
inductive,split_04,4,202,0,inductive_split_04_seed_202,unseen_unseen,all_pairs,overall,biological_shared_protein_count,0.2523835285281779,partial_spearman,n_biological_proteins_a|n_biological_proteins_b|either_biological_size_zero,endpoint_columns_plus_zero,132,132,0,132,130,117,31,15,31,15,ok,4.0,128.0
inductive,split_04,4,202,0,inductive_split_04_seed_202,unseen_unseen,all_pairs,overall,biological_shared_protein_count,0.2341056625809347,partial_spearman,n_biological_proteins_a|n_biological_proteins_b|either_biological_size_zero,unordered_minmax_plus_zero,132,132,0,132,130,117,31,15,31,15,ok,4.0,128.0
inductive,split_04,4,303,0,inductive_split_04_seed_303,seen_unseen,all_pairs,overall,shared_protein_count,-0.0666852714052276,spearman,none,none,1738,1738,0,1738,1066,1512,422,226,422,226,ok,,
inductive,split_04,4,303,0,inductive_split_04_seed_303,seen_unseen,all_pairs,overall,protein_jaccard,-0.0565479365083331,spearman,none,none,1717,1738,21,1717,1051,1512,401,205,422,226,ok,,
inductive,split_04,4,303,0,inductive_split_04_seed_303,seen_unseen,all_pairs,overall,shared_target_count,0.2053410556360977,spearman,none,none,1738,1738,0,1738,1066,1512,422,226,422,226,ok,,
inductive,split_04,4,303,0,inductive_split_04_seed_303,seen_unseen,all_pairs,overall,biological_shared_protein_count,-0.0666852714052276,spearman,none,none,1738,1738,0,1738,1066,1512,422,226,422,226,ok,,
inductive,split_04,4,303,0,inductive_split_04_seed_303,seen_unseen,all_pairs,overall,protein_size_geomean,-0.1994966295918732,spearman,none,none,1738,1738,0,1738,1066,1512,422,226,422,226,ok,,
inductive,split_04,4,303,0,inductive_split_04_seed_303,seen_unseen,all_pairs,positive,shared_protein_count,-0.3717084794671543,spearman,none,none,869,869,0,869,928,643,282,226,282,226,ok,,
inductive,split_04,4,303,0,inductive_split_04_seed_303,seen_unseen,all_pairs,positive,protein_jaccard,-0.34153791844311,spearman,none,none,848,869,21,848,913,643,261,205,282,226,ok,,
inductive,split_04,4,303,0,inductive_split_04_seed_303,seen_unseen,all_pairs,positive,shared_target_count,-0.0443337466062442,spearman,none,none,869,869,0,869,928,643,282,226,282,226,ok,,
inductive,split_04,4,303,0,inductive_split_04_seed_303,seen_unseen,all_pairs,positive,biological_shared_protein_count,-0.3717084794671543,spearman,none,none,869,869,0,869,928,643,282,226,282,226,ok,,
inductive,split_04,4,303,0,inductive_split_04_seed_303,seen_unseen,all_pairs,positive,protein_size_geomean,-0.5057062286854599,spearman,none,none,869,869,0,869,928,643,282,226,282,226,ok,,
inductive,split_04,4,303,0,inductive_split_04_seed_303,seen_unseen,all_pairs,negative,shared_protein_count,0.2387807264972368,spearman,none,none,869,869,0,869,272,869,140,0,140,0,ok,,
inductive,split_04,4,303,0,inductive_split_04_seed_303,seen_unseen,all_pairs,negative,protein_jaccard,0.1245179640103401,spearman,none,none,869,869,0,869,272,869,140,0,140,0,ok,,
inductive,split_04,4,303,0,inductive_split_04_seed_303,seen_unseen,all_pairs,negative,shared_target_count,0.1594744492860356,spearman,none,none,869,869,0,869,272,869,140,0,140,0,ok,,
inductive,split_04,4,303,0,inductive_split_04_seed_303,seen_unseen,all_pairs,negative,biological_shared_protein_count,0.2387807264972368,spearman,none,none,869,869,0,869,272,869,140,0,140,0,ok,,
inductive,split_04,4,303,0,inductive_split_04_seed_303,seen_unseen,all_pairs,negative,protein_size_geomean,0.2588081537577147,spearman,none,none,869,869,0,869,272,869,140,0,140,0,ok,,
inductive,split_04,4,303,0,inductive_split_04_seed_303,seen_unseen,both_have_targets,overall,shared_protein_count,0.335739977458899,spearman,none,none,1512,1512,0,1512,863,1511,196,0,196,0,ok,,
inductive,split_04,4,303,0,inductive_split_04_seed_303,seen_unseen,both_have_targets,overall,protein_jaccard,0.3082436870897733,spearman,none,none,1512,1512,0,1512,863,1511,196,0,196,0,ok,,
inductive,split_04,4,303,0,inductive_split_04_seed_303,seen_unseen,both_have_targets,overall,shared_target_count,0.4384429675559558,spearman,none,none,1512,1512,0,1512,863,1511,196,0,196,0,ok,,
inductive,split_04,4,303,0,inductive_split_04_seed_303,seen_unseen,both_have_targets,overall,biological_shared_protein_count,0.335739977458899,spearman,none,none,1512,1512,0,1512,863,1511,196,0,196,0,ok,,
inductive,split_04,4,303,0,inductive_split_04_seed_303,seen_unseen,both_have_targets,overall,protein_size_geomean,0.2131129365883943,spearman,none,none,1512,1512,0,1512,863,1511,196,0,196,0,ok,,
inductive,split_04,4,303,0,inductive_split_04_seed_303,seen_unseen,both_have_targets,positive,shared_protein_count,0.3922656504075062,spearman,none,none,643,643,0,643,717,642,56,0,56,0,ok,,
inductive,split_04,4,303,0,inductive_split_04_seed_303,seen_unseen,both_have_targets,positive,protein_jaccard,0.3712759430059957,spearman,none,none,643,643,0,643,717,642,56,0,56,0,ok,,
inductive,split_04,4,303,0,inductive_split_04_seed_303,seen_unseen,both_have_targets,positive,shared_target_count,0.5279696774182672,spearman,none,none,643,643,0,643,717,642,56,0,56,0,ok,,
inductive,split_04,4,303,0,inductive_split_04_seed_303,seen_unseen,both_have_targets,positive,biological_shared_protein_count,0.3922656504075062,spearman,none,none,643,643,0,643,717,642,56,0,56,0,ok,,
inductive,split_04,4,303,0,inductive_split_04_seed_303,seen_unseen,both_have_targets,positive,protein_size_geomean,0.198684767618588,spearman,none,none,643,643,0,643,717,642,56,0,56,0,ok,,
inductive,split_04,4,303,0,inductive_split_04_seed_303,seen_unseen,both_have_targets,negative,shared_protein_count,0.2387807264972368,spearman,none,none,869,869,0,869,272,869,140,0,140,0,ok,,
inductive,split_04,4,303,0,inductive_split_04_seed_303,seen_unseen,both_have_targets,negative,protein_jaccard,0.1245179640103401,spearman,none,none,869,869,0,869,272,869,140,0,140,0,ok,,
inductive,split_04,4,303,0,inductive_split_04_seed_303,seen_unseen,both_have_targets,negative,shared_target_count,0.1594744492860356,spearman,none,none,869,869,0,869,272,869,140,0,140,0,ok,,
inductive,split_04,4,303,0,inductive_split_04_seed_303,seen_unseen,both_have_targets,negative,biological_shared_protein_count,0.2387807264972368,spearman,none,none,869,869,0,869,272,869,140,0,140,0,ok,,
inductive,split_04,4,303,0,inductive_split_04_seed_303,seen_unseen,both_have_targets,negative,protein_size_geomean,0.2588081537577147,spearman,none,none,869,869,0,869,272,869,140,0,140,0,ok,,
inductive,split_04,4,303,0,inductive_split_04_seed_303,unseen_unseen,all_pairs,overall,shared_protein_count,0.0714688331158439,spearman,none,none,132,132,0,132,130,116,31,17,31,17,ok,,
inductive,split_04,4,303,0,inductive_split_04_seed_303,unseen_unseen,all_pairs,overall,protein_jaccard,0.0317372808320132,spearman,none,none,130,132,2,130,127,116,29,15,31,17,ok,,
inductive,split_04,4,303,0,inductive_split_04_seed_303,unseen_unseen,all_pairs,overall,shared_target_count,0.2562260987868522,spearman,none,none,132,132,0,132,130,116,31,17,31,17,ok,,
inductive,split_04,4,303,0,inductive_split_04_seed_303,unseen_unseen,all_pairs,overall,biological_shared_protein_count,0.0714688331158439,spearman,none,none,132,132,0,132,130,116,31,17,31,17,ok,,
inductive,split_04,4,303,0,inductive_split_04_seed_303,unseen_unseen,all_pairs,overall,protein_size_geomean,-0.0130908256502668,spearman,none,none,132,132,0,132,130,116,31,17,31,17,ok,,
inductive,split_04,4,303,0,inductive_split_04_seed_303,unseen_unseen,all_pairs,positive,shared_protein_count,-0.2745738872536256,spearman,none,none,66,66,0,66,110,50,21,17,21,17,ok,,
inductive,split_04,4,303,0,inductive_split_04_seed_303,unseen_unseen,all_pairs,positive,protein_jaccard,-0.2308715075783625,spearman,none,none,64,66,2,64,107,50,19,15,21,17,ok,,
inductive,split_04,4,303,0,inductive_split_04_seed_303,unseen_unseen,all_pairs,positive,shared_target_count,0.1235835705683084,spearman,none,none,66,66,0,66,110,50,21,17,21,17,ok,,
inductive,split_04,4,303,0,inductive_split_04_seed_303,unseen_unseen,all_pairs,positive,biological_shared_protein_count,-0.2745738872536256,spearman,none,none,66,66,0,66,110,50,21,17,21,17,ok,,
inductive,split_04,4,303,0,inductive_split_04_seed_303,unseen_unseen,all_pairs,positive,protein_size_geomean,-0.4573026787225115,spearman,none,none,66,66,0,66,110,50,21,17,21,17,ok,,
inductive,split_04,4,303,0,inductive_split_04_seed_303,unseen_unseen,all_pairs,negative,shared_protein_count,0.5386229164821169,spearman,none,none,66,66,0,66,32,66,10,0,10,0,ok,,
inductive,split_04,4,303,0,inductive_split_04_seed_303,unseen_unseen,all_pairs,negative,protein_jaccard,0.2457633433827714,spearman,none,none,66,66,0,66,32,66,10,0,10,0,ok,,
inductive,split_04,4,303,0,inductive_split_04_seed_303,unseen_unseen,all_pairs,negative,shared_target_count,0.0999994107944973,spearman,none,none,66,66,0,66,32,66,10,0,10,0,ok,,
inductive,split_04,4,303,0,inductive_split_04_seed_303,unseen_unseen,all_pairs,negative,biological_shared_protein_count,0.5386229164821169,spearman,none,none,66,66,0,66,32,66,10,0,10,0,ok,,
inductive,split_04,4,303,0,inductive_split_04_seed_303,unseen_unseen,all_pairs,negative,protein_size_geomean,0.653981839056466,spearman,none,none,66,66,0,66,32,66,10,0,10,0,ok,,
inductive,split_04,4,303,0,inductive_split_04_seed_303,unseen_unseen,both_have_targets,overall,shared_protein_count,0.4902250586347494,spearman,none,none,116,116,0,116,107,116,15,1,15,1,ok,,
inductive,split_04,4,303,0,inductive_split_04_seed_303,unseen_unseen,both_have_targets,overall,protein_jaccard,0.3761326024320775,spearman,none,none,116,116,0,116,107,116,15,1,15,1,ok,,
inductive,split_04,4,303,0,inductive_split_04_seed_303,unseen_unseen,both_have_targets,overall,shared_target_count,0.4398951201680447,spearman,none,none,116,116,0,116,107,116,15,1,15,1,ok,,
inductive,split_04,4,303,0,inductive_split_04_seed_303,unseen_unseen,both_have_targets,overall,biological_shared_protein_count,0.4902250586347494,spearman,none,none,116,116,0,116,107,116,15,1,15,1,ok,,
inductive,split_04,4,303,0,inductive_split_04_seed_303,unseen_unseen,both_have_targets,overall,protein_size_geomean,0.4479913889209241,spearman,none,none,116,116,0,116,107,116,15,1,15,1,ok,,
inductive,split_04,4,303,0,inductive_split_04_seed_303,unseen_unseen,both_have_targets,positive,shared_protein_count,0.4685782260443891,spearman,none,none,50,50,0,50,86,50,5,1,5,1,ok,,
inductive,split_04,4,303,0,inductive_split_04_seed_303,unseen_unseen,both_have_targets,positive,protein_jaccard,0.4474177792336541,spearman,none,none,50,50,0,50,86,50,5,1,5,1,ok,,
inductive,split_04,4,303,0,inductive_split_04_seed_303,unseen_unseen,both_have_targets,positive,shared_target_count,0.622269648163033,spearman,none,none,50,50,0,50,86,50,5,1,5,1,ok,,
inductive,split_04,4,303,0,inductive_split_04_seed_303,unseen_unseen,both_have_targets,positive,biological_shared_protein_count,0.4685782260443891,spearman,none,none,50,50,0,50,86,50,5,1,5,1,ok,,
inductive,split_04,4,303,0,inductive_split_04_seed_303,unseen_unseen,both_have_targets,positive,protein_size_geomean,0.2087394957983193,spearman,none,none,50,50,0,50,86,50,5,1,5,1,ok,,
inductive,split_04,4,303,0,inductive_split_04_seed_303,unseen_unseen,both_have_targets,negative,shared_protein_count,0.5386229164821169,spearman,none,none,66,66,0,66,32,66,10,0,10,0,ok,,
inductive,split_04,4,303,0,inductive_split_04_seed_303,unseen_unseen,both_have_targets,negative,protein_jaccard,0.2457633433827714,spearman,none,none,66,66,0,66,32,66,10,0,10,0,ok,,
inductive,split_04,4,303,0,inductive_split_04_seed_303,unseen_unseen,both_have_targets,negative,shared_target_count,0.0999994107944973,spearman,none,none,66,66,0,66,32,66,10,0,10,0,ok,,
inductive,split_04,4,303,0,inductive_split_04_seed_303,unseen_unseen,both_have_targets,negative,biological_shared_protein_count,0.5386229164821169,spearman,none,none,66,66,0,66,32,66,10,0,10,0,ok,,
inductive,split_04,4,303,0,inductive_split_04_seed_303,unseen_unseen,both_have_targets,negative,protein_size_geomean,0.653981839056466,spearman,none,none,66,66,0,66,32,66,10,0,10,0,ok,,
inductive,split_04,4,303,0,inductive_split_04_seed_303,seen_unseen,all_pairs,overall,shared_protein_count,0.0578022470095981,partial_spearman,n_proteins_a|n_proteins_b,endpoint_columns,1738,1738,0,1738,1066,1512,422,226,422,226,ok,3.0,1735.0
inductive,split_04,4,303,0,inductive_split_04_seed_303,seen_unseen,all_pairs,overall,shared_protein_count,0.2231962284260986,partial_spearman,n_proteins_a|n_proteins_b,unordered_minmax,1738,1738,0,1738,1066,1512,422,226,422,226,ok,3.0,1735.0
inductive,split_04,4,303,0,inductive_split_04_seed_303,seen_unseen,all_pairs,overall,biological_shared_protein_count,0.0578022470095981,partial_spearman,n_biological_proteins_a|n_biological_proteins_b,endpoint_columns,1738,1738,0,1738,1066,1512,422,226,422,226,ok,3.0,1735.0
inductive,split_04,4,303,0,inductive_split_04_seed_303,seen_unseen,all_pairs,overall,biological_shared_protein_count,0.2231962284260986,partial_spearman,n_biological_proteins_a|n_biological_proteins_b,unordered_minmax,1738,1738,0,1738,1066,1512,422,226,422,226,ok,3.0,1735.0
inductive,split_04,4,303,0,inductive_split_04_seed_303,seen_unseen,all_pairs,overall,shared_target_count,0.3333507325943384,partial_spearman,n_targets_a|n_targets_b,endpoint_columns,1738,1738,0,1738,1066,1512,422,226,422,226,ok,3.0,1735.0
inductive,split_04,4,303,0,inductive_split_04_seed_303,seen_unseen,all_pairs,overall,shared_target_count,0.3832826256376933,partial_spearman,n_targets_a|n_targets_b,unordered_minmax,1738,1738,0,1738,1066,1512,422,226,422,226,ok,3.0,1735.0
inductive,split_04,4,303,0,inductive_split_04_seed_303,seen_unseen,all_pairs,positive,shared_protein_count,-0.0839649928811068,partial_spearman,n_proteins_a|n_proteins_b,endpoint_columns,869,869,0,869,928,643,282,226,282,226,ok,3.0,866.0
inductive,split_04,4,303,0,inductive_split_04_seed_303,seen_unseen,all_pairs,positive,shared_protein_count,0.2184958876060636,partial_spearman,n_proteins_a|n_proteins_b,unordered_minmax,869,869,0,869,928,643,282,226,282,226,ok,3.0,866.0
inductive,split_04,4,303,0,inductive_split_04_seed_303,seen_unseen,all_pairs,positive,biological_shared_protein_count,-0.0839649928811068,partial_spearman,n_biological_proteins_a|n_biological_proteins_b,endpoint_columns,869,869,0,869,928,643,282,226,282,226,ok,3.0,866.0
inductive,split_04,4,303,0,inductive_split_04_seed_303,seen_unseen,all_pairs,positive,biological_shared_protein_count,0.2184958876060636,partial_spearman,n_biological_proteins_a|n_biological_proteins_b,unordered_minmax,869,869,0,869,928,643,282,226,282,226,ok,3.0,866.0
inductive,split_04,4,303,0,inductive_split_04_seed_303,seen_unseen,all_pairs,positive,shared_target_count,0.2839870136046653,partial_spearman,n_targets_a|n_targets_b,endpoint_columns,869,869,0,869,928,643,282,226,282,226,ok,3.0,866.0
inductive,split_04,4,303,0,inductive_split_04_seed_303,seen_unseen,all_pairs,positive,shared_target_count,0.4324366053066255,partial_spearman,n_targets_a|n_targets_b,unordered_minmax,869,869,0,869,928,643,282,226,282,226,ok,3.0,866.0
inductive,split_04,4,303,0,inductive_split_04_seed_303,seen_unseen,all_pairs,negative,shared_protein_count,0.0384700177751365,partial_spearman,n_proteins_a|n_proteins_b,endpoint_columns,869,869,0,869,272,869,140,0,140,0,ok,3.0,866.0
inductive,split_04,4,303,0,inductive_split_04_seed_303,seen_unseen,all_pairs,negative,shared_protein_count,0.0374472983281882,partial_spearman,n_proteins_a|n_proteins_b,unordered_minmax,869,869,0,869,272,869,140,0,140,0,ok,3.0,866.0
inductive,split_04,4,303,0,inductive_split_04_seed_303,seen_unseen,all_pairs,negative,biological_shared_protein_count,0.0384700177751365,partial_spearman,n_biological_proteins_a|n_biological_proteins_b,endpoint_columns,869,869,0,869,272,869,140,0,140,0,ok,3.0,866.0
inductive,split_04,4,303,0,inductive_split_04_seed_303,seen_unseen,all_pairs,negative,biological_shared_protein_count,0.0374472983281882,partial_spearman,n_biological_proteins_a|n_biological_proteins_b,unordered_minmax,869,869,0,869,272,869,140,0,140,0,ok,3.0,866.0
inductive,split_04,4,303,0,inductive_split_04_seed_303,seen_unseen,all_pairs,negative,shared_target_count,0.1748521446346572,partial_spearman,n_targets_a|n_targets_b,endpoint_columns,869,869,0,869,272,869,140,0,140,0,ok,3.0,866.0
inductive,split_04,4,303,0,inductive_split_04_seed_303,seen_unseen,all_pairs,negative,shared_target_count,0.152334692289245,partial_spearman,n_targets_a|n_targets_b,unordered_minmax,869,869,0,869,272,869,140,0,140,0,ok,3.0,866.0
inductive,split_04,4,303,0,inductive_split_04_seed_303,seen_unseen,both_have_targets,overall,shared_protein_count,0.2909547157388183,partial_spearman,n_proteins_a|n_proteins_b,endpoint_columns,1512,1512,0,1512,863,1511,196,0,196,0,ok,3.0,1509.0
inductive,split_04,4,303,0,inductive_split_04_seed_303,seen_unseen,both_have_targets,overall,shared_protein_count,0.3120952730169872,partial_spearman,n_proteins_a|n_proteins_b,unordered_minmax,1512,1512,0,1512,863,1511,196,0,196,0,ok,3.0,1509.0
inductive,split_04,4,303,0,inductive_split_04_seed_303,seen_unseen,both_have_targets,overall,biological_shared_protein_count,0.2909547157388183,partial_spearman,n_biological_proteins_a|n_biological_proteins_b,endpoint_columns,1512,1512,0,1512,863,1511,196,0,196,0,ok,3.0,1509.0
inductive,split_04,4,303,0,inductive_split_04_seed_303,seen_unseen,both_have_targets,overall,biological_shared_protein_count,0.3120952730169872,partial_spearman,n_biological_proteins_a|n_biological_proteins_b,unordered_minmax,1512,1512,0,1512,863,1511,196,0,196,0,ok,3.0,1509.0
inductive,split_04,4,303,0,inductive_split_04_seed_303,seen_unseen,both_have_targets,overall,shared_target_count,0.4146390924440687,partial_spearman,n_targets_a|n_targets_b,endpoint_columns,1512,1512,0,1512,863,1511,196,0,196,0,ok,3.0,1509.0
inductive,split_04,4,303,0,inductive_split_04_seed_303,seen_unseen,both_have_targets,overall,shared_target_count,0.4056884404125419,partial_spearman,n_targets_a|n_targets_b,unordered_minmax,1512,1512,0,1512,863,1511,196,0,196,0,ok,3.0,1509.0
inductive,split_04,4,303,0,inductive_split_04_seed_303,seen_unseen,both_have_targets,positive,shared_protein_count,0.3896722879062383,partial_spearman,n_proteins_a|n_proteins_b,endpoint_columns,643,643,0,643,717,642,56,0,56,0,ok,3.0,640.0
inductive,split_04,4,303,0,inductive_split_04_seed_303,seen_unseen,both_have_targets,positive,shared_protein_count,0.4229762496877651,partial_spearman,n_proteins_a|n_proteins_b,unordered_minmax,643,643,0,643,717,642,56,0,56,0,ok,3.0,640.0
inductive,split_04,4,303,0,inductive_split_04_seed_303,seen_unseen,both_have_targets,positive,biological_shared_protein_count,0.3896722879062383,partial_spearman,n_biological_proteins_a|n_biological_proteins_b,endpoint_columns,643,643,0,643,717,642,56,0,56,0,ok,3.0,640.0
inductive,split_04,4,303,0,inductive_split_04_seed_303,seen_unseen,both_have_targets,positive,biological_shared_protein_count,0.4229762496877651,partial_spearman,n_biological_proteins_a|n_biological_proteins_b,unordered_minmax,643,643,0,643,717,642,56,0,56,0,ok,3.0,640.0
inductive,split_04,4,303,0,inductive_split_04_seed_303,seen_unseen,both_have_targets,positive,shared_target_count,0.4610975179571465,partial_spearman,n_targets_a|n_targets_b,endpoint_columns,643,643,0,643,717,642,56,0,56,0,ok,3.0,640.0
inductive,split_04,4,303,0,inductive_split_04_seed_303,seen_unseen,both_have_targets,positive,shared_target_count,0.4618984915996321,partial_spearman,n_targets_a|n_targets_b,unordered_minmax,643,643,0,643,717,642,56,0,56,0,ok,3.0,640.0
inductive,split_04,4,303,0,inductive_split_04_seed_303,seen_unseen,both_have_targets,negative,shared_protein_count,0.0384700177751365,partial_spearman,n_proteins_a|n_proteins_b,endpoint_columns,869,869,0,869,272,869,140,0,140,0,ok,3.0,866.0
inductive,split_04,4,303,0,inductive_split_04_seed_303,seen_unseen,both_have_targets,negative,shared_protein_count,0.0374472983281882,partial_spearman,n_proteins_a|n_proteins_b,unordered_minmax,869,869,0,869,272,869,140,0,140,0,ok,3.0,866.0
inductive,split_04,4,303,0,inductive_split_04_seed_303,seen_unseen,both_have_targets,negative,biological_shared_protein_count,0.0384700177751365,partial_spearman,n_biological_proteins_a|n_biological_proteins_b,endpoint_columns,869,869,0,869,272,869,140,0,140,0,ok,3.0,866.0
inductive,split_04,4,303,0,inductive_split_04_seed_303,seen_unseen,both_have_targets,negative,biological_shared_protein_count,0.0374472983281882,partial_spearman,n_biological_proteins_a|n_biological_proteins_b,unordered_minmax,869,869,0,869,272,869,140,0,140,0,ok,3.0,866.0
inductive,split_04,4,303,0,inductive_split_04_seed_303,seen_unseen,both_have_targets,negative,shared_target_count,0.1748521446346572,partial_spearman,n_targets_a|n_targets_b,endpoint_columns,869,869,0,869,272,869,140,0,140,0,ok,3.0,866.0
inductive,split_04,4,303,0,inductive_split_04_seed_303,seen_unseen,both_have_targets,negative,shared_target_count,0.152334692289245,partial_spearman,n_targets_a|n_targets_b,unordered_minmax,869,869,0,869,272,869,140,0,140,0,ok,3.0,866.0
inductive,split_04,4,303,0,inductive_split_04_seed_303,unseen_unseen,all_pairs,overall,shared_protein_count,0.0322999338463964,partial_spearman,n_proteins_a|n_proteins_b,endpoint_columns,132,132,0,132,130,116,31,17,31,17,ok,3.0,129.0
inductive,split_04,4,303,0,inductive_split_04_seed_303,unseen_unseen,all_pairs,overall,shared_protein_count,0.1909777243165825,partial_spearman,n_proteins_a|n_proteins_b,unordered_minmax,132,132,0,132,130,116,31,17,31,17,ok,3.0,129.0
inductive,split_04,4,303,0,inductive_split_04_seed_303,unseen_unseen,all_pairs,overall,biological_shared_protein_count,0.0322999338463964,partial_spearman,n_biological_proteins_a|n_biological_proteins_b,endpoint_columns,132,132,0,132,130,116,31,17,31,17,ok,3.0,129.0
inductive,split_04,4,303,0,inductive_split_04_seed_303,unseen_unseen,all_pairs,overall,biological_shared_protein_count,0.1909777243165825,partial_spearman,n_biological_proteins_a|n_biological_proteins_b,unordered_minmax,132,132,0,132,130,116,31,17,31,17,ok,3.0,129.0
inductive,split_04,4,303,0,inductive_split_04_seed_303,unseen_unseen,all_pairs,overall,shared_target_count,0.3319558782165109,partial_spearman,n_targets_a|n_targets_b,endpoint_columns,132,132,0,132,130,116,31,17,31,17,ok,3.0,129.0
inductive,split_04,4,303,0,inductive_split_04_seed_303,unseen_unseen,all_pairs,overall,shared_target_count,0.3577285851684847,partial_spearman,n_targets_a|n_targets_b,unordered_minmax,132,132,0,132,130,116,31,17,31,17,ok,3.0,129.0
inductive,split_04,4,303,0,inductive_split_04_seed_303,unseen_unseen,all_pairs,positive,shared_protein_count,0.0695893481710397,partial_spearman,n_proteins_a|n_proteins_b,endpoint_columns,66,66,0,66,110,50,21,17,21,17,ok,3.0,63.0
inductive,split_04,4,303,0,inductive_split_04_seed_303,unseen_unseen,all_pairs,positive,shared_protein_count,0.313172878576265,partial_spearman,n_proteins_a|n_proteins_b,unordered_minmax,66,66,0,66,110,50,21,17,21,17,ok,3.0,63.0
inductive,split_04,4,303,0,inductive_split_04_seed_303,unseen_unseen,all_pairs,positive,biological_shared_protein_count,0.0695893481710397,partial_spearman,n_biological_proteins_a|n_biological_proteins_b,endpoint_columns,66,66,0,66,110,50,21,17,21,17,ok,3.0,63.0
inductive,split_04,4,303,0,inductive_split_04_seed_303,unseen_unseen,all_pairs,positive,biological_shared_protein_count,0.313172878576265,partial_spearman,n_biological_proteins_a|n_biological_proteins_b,unordered_minmax,66,66,0,66,110,50,21,17,21,17,ok,3.0,63.0
inductive,split_04,4,303,0,inductive_split_04_seed_303,unseen_unseen,all_pairs,positive,shared_target_count,0.3765882222252141,partial_spearman,n_targets_a|n_targets_b,endpoint_columns,66,66,0,66,110,50,21,17,21,17,ok,3.0,63.0
inductive,split_04,4,303,0,inductive_split_04_seed_303,unseen_unseen,all_pairs,positive,shared_target_count,0.4264238501624728,partial_spearman,n_targets_a|n_targets_b,unordered_minmax,66,66,0,66,110,50,21,17,21,17,ok,3.0,63.0
inductive,split_04,4,303,0,inductive_split_04_seed_303,unseen_unseen,all_pairs,negative,shared_protein_count,-0.1133324304229923,partial_spearman,n_proteins_a|n_proteins_b,endpoint_columns,66,66,0,66,32,66,10,0,10,0,ok,3.0,63.0
inductive,split_04,4,303,0,inductive_split_04_seed_303,unseen_unseen,all_pairs,negative,shared_protein_count,-0.1003039904384533,partial_spearman,n_proteins_a|n_proteins_b,unordered_minmax,66,66,0,66,32,66,10,0,10,0,ok,3.0,63.0
inductive,split_04,4,303,0,inductive_split_04_seed_303,unseen_unseen,all_pairs,negative,biological_shared_protein_count,-0.1133324304229923,partial_spearman,n_biological_proteins_a|n_biological_proteins_b,endpoint_columns,66,66,0,66,32,66,10,0,10,0,ok,3.0,63.0
inductive,split_04,4,303,0,inductive_split_04_seed_303,unseen_unseen,all_pairs,negative,biological_shared_protein_count,-0.1003039904384533,partial_spearman,n_biological_proteins_a|n_biological_proteins_b,unordered_minmax,66,66,0,66,32,66,10,0,10,0,ok,3.0,63.0
inductive,split_04,4,303,0,inductive_split_04_seed_303,unseen_unseen,all_pairs,negative,shared_target_count,0.0908629127607951,partial_spearman,n_targets_a|n_targets_b,endpoint_columns,66,66,0,66,32,66,10,0,10,0,ok,3.0,63.0
inductive,split_04,4,303,0,inductive_split_04_seed_303,unseen_unseen,all_pairs,negative,shared_target_count,0.0655905142861669,partial_spearman,n_targets_a|n_targets_b,unordered_minmax,66,66,0,66,32,66,10,0,10,0,ok,3.0,63.0
inductive,split_04,4,303,0,inductive_split_04_seed_303,unseen_unseen,both_have_targets,overall,shared_protein_count,0.2018990682541792,partial_spearman,n_proteins_a|n_proteins_b,endpoint_columns,116,116,0,116,107,116,15,1,15,1,ok,3.0,113.0
inductive,split_04,4,303,0,inductive_split_04_seed_303,unseen_unseen,both_have_targets,overall,shared_protein_count,0.2313012271416353,partial_spearman,n_proteins_a|n_proteins_b,unordered_minmax,116,116,0,116,107,116,15,1,15,1,ok,3.0,113.0
inductive,split_04,4,303,0,inductive_split_04_seed_303,unseen_unseen,both_have_targets,overall,biological_shared_protein_count,0.2018990682541792,partial_spearman,n_biological_proteins_a|n_biological_proteins_b,endpoint_columns,116,116,0,116,107,116,15,1,15,1,ok,3.0,113.0
inductive,split_04,4,303,0,inductive_split_04_seed_303,unseen_unseen,both_have_targets,overall,biological_shared_protein_count,0.2313012271416353,partial_spearman,n_biological_proteins_a|n_biological_proteins_b,unordered_minmax,116,116,0,116,107,116,15,1,15,1,ok,3.0,113.0
inductive,split_04,4,303,0,inductive_split_04_seed_303,unseen_unseen,both_have_targets,overall,shared_target_count,0.3989513338556746,partial_spearman,n_targets_a|n_targets_b,endpoint_columns,116,116,0,116,107,116,15,1,15,1,ok,3.0,113.0
inductive,split_04,4,303,0,inductive_split_04_seed_303,unseen_unseen,both_have_targets,overall,shared_target_count,0.371114674690843,partial_spearman,n_targets_a|n_targets_b,unordered_minmax,116,116,0,116,107,116,15,1,15,1,ok,3.0,113.0
inductive,split_04,4,303,0,inductive_split_04_seed_303,unseen_unseen,both_have_targets,positive,shared_protein_count,0.4467601594227122,partial_spearman,n_proteins_a|n_proteins_b,endpoint_columns,50,50,0,50,86,50,5,1,5,1,ok,3.0,47.0
inductive,split_04,4,303,0,inductive_split_04_seed_303,unseen_unseen,both_have_targets,positive,shared_protein_count,0.4805470632034574,partial_spearman,n_proteins_a|n_proteins_b,unordered_minmax,50,50,0,50,86,50,5,1,5,1,ok,3.0,47.0
inductive,split_04,4,303,0,inductive_split_04_seed_303,unseen_unseen,both_have_targets,positive,biological_shared_protein_count,0.4467601594227122,partial_spearman,n_biological_proteins_a|n_biological_proteins_b,endpoint_columns,50,50,0,50,86,50,5,1,5,1,ok,3.0,47.0
inductive,split_04,4,303,0,inductive_split_04_seed_303,unseen_unseen,both_have_targets,positive,biological_shared_protein_count,0.4805470632034574,partial_spearman,n_biological_proteins_a|n_biological_proteins_b,unordered_minmax,50,50,0,50,86,50,5,1,5,1,ok,3.0,47.0
inductive,split_04,4,303,0,inductive_split_04_seed_303,unseen_unseen,both_have_targets,positive,shared_target_count,0.5774019272369361,partial_spearman,n_targets_a|n_targets_b,endpoint_columns,50,50,0,50,86,50,5,1,5,1,ok,3.0,47.0
inductive,split_04,4,303,0,inductive_split_04_seed_303,unseen_unseen,both_have_targets,positive,shared_target_count,0.5579413655509979,partial_spearman,n_targets_a|n_targets_b,unordered_minmax,50,50,0,50,86,50,5,1,5,1,ok,3.0,47.0
inductive,split_04,4,303,0,inductive_split_04_seed_303,unseen_unseen,both_have_targets,negative,shared_protein_count,-0.1133324304229923,partial_spearman,n_proteins_a|n_proteins_b,endpoint_columns,66,66,0,66,32,66,10,0,10,0,ok,3.0,63.0
inductive,split_04,4,303,0,inductive_split_04_seed_303,unseen_unseen,both_have_targets,negative,shared_protein_count,-0.1003039904384533,partial_spearman,n_proteins_a|n_proteins_b,unordered_minmax,66,66,0,66,32,66,10,0,10,0,ok,3.0,63.0
inductive,split_04,4,303,0,inductive_split_04_seed_303,unseen_unseen,both_have_targets,negative,biological_shared_protein_count,-0.1133324304229923,partial_spearman,n_biological_proteins_a|n_biological_proteins_b,endpoint_columns,66,66,0,66,32,66,10,0,10,0,ok,3.0,63.0
inductive,split_04,4,303,0,inductive_split_04_seed_303,unseen_unseen,both_have_targets,negative,biological_shared_protein_count,-0.1003039904384533,partial_spearman,n_biological_proteins_a|n_biological_proteins_b,unordered_minmax,66,66,0,66,32,66,10,0,10,0,ok,3.0,63.0
inductive,split_04,4,303,0,inductive_split_04_seed_303,unseen_unseen,both_have_targets,negative,shared_target_count,0.0908629127607951,partial_spearman,n_targets_a|n_targets_b,endpoint_columns,66,66,0,66,32,66,10,0,10,0,ok,3.0,63.0
inductive,split_04,4,303,0,inductive_split_04_seed_303,unseen_unseen,both_have_targets,negative,shared_target_count,0.0655905142861669,partial_spearman,n_targets_a|n_targets_b,unordered_minmax,66,66,0,66,32,66,10,0,10,0,ok,3.0,63.0
inductive,split_04,4,303,0,inductive_split_04_seed_303,seen_unseen,all_pairs,overall,biological_shared_protein_count,0.2852669026265869,partial_spearman,n_biological_proteins_a|n_biological_proteins_b|either_biological_size_zero,endpoint_columns_plus_zero,1738,1738,0,1738,1066,1512,422,226,422,226,ok,4.0,1734.0
inductive,split_04,4,303,0,inductive_split_04_seed_303,seen_unseen,all_pairs,overall,biological_shared_protein_count,0.3075488839875076,partial_spearman,n_biological_proteins_a|n_biological_proteins_b|either_biological_size_zero,unordered_minmax_plus_zero,1738,1738,0,1738,1066,1512,422,226,422,226,ok,4.0,1734.0
inductive,split_04,4,303,0,inductive_split_04_seed_303,unseen_unseen,all_pairs,overall,biological_shared_protein_count,0.2503566150803444,partial_spearman,n_biological_proteins_a|n_biological_proteins_b|either_biological_size_zero,endpoint_columns_plus_zero,132,132,0,132,130,116,31,17,31,17,ok,4.0,128.0
inductive,split_04,4,303,0,inductive_split_04_seed_303,unseen_unseen,all_pairs,overall,biological_shared_protein_count,0.2366180126270974,partial_spearman,n_biological_proteins_a|n_biological_proteins_b|either_biological_size_zero,unordered_minmax_plus_zero,132,132,0,132,130,116,31,17,31,17,ok,4.0,128.0
